4
10 10 10
10 10 148
5.0 1.5 0.8
-----
10
10
5.0
0.5512610870346486 1.1018735438773284 0.34843213639057513 4.2872547584478315
-2.5977529450994976 1.2152388874168576 -2.73825684431195 3.8214982774211217
1.3484753698781038 1.4481234240292569 -2.840675787877401 4.9704655276509975
0.1650529015294948 0.39738416935951903 -0.6809211370335535 0.2921864061362911
-2.415480742423822 -2.169471777651546 -1.3366208078526154 2.6092842185241016
1.1924260637425608 -0.6613094252099336 -2.5839465413260077 4.415080441385225
2.6304617702515163 -0.8096265705343928 -2.7467643185196167 0.9570609942436714
1.9871099287485476 0.04141889628814166 0.16530463978809262 4.410762055623235
-1.241869880535953 1.5690339580315875 -2.4063307048866616 0.8200608897646511
0.9786766547423471 0.5822585892376146 -2.460012112983976 0.21497000360534924
1.0 1.0 1.0 1.0 0.9661016949152543 1.0 0.8203389830508474 0.9898305084745763 1.0 0.9728813559322034
0.1 0.1 0.1 0.1 0.1 0.1 0.1 0.1 0.1 0.1
-----
10
10
1.5
0.2515818328217554 -0.17387461299093787 -0.2276181697429589 4.348334629563858
-1.0981736526350874 -0.023112672157211023 -1.8238268851003352 4.463777349281323
-1.928913307848012 2.815070415881441 -2.16597013215295 1.4095726046482286
2.764006748109308 -2.6804692120055744 0.19144392723144055 0.5287691066379187
-0.3174766210322798 -0.667598363139549 0.14356792591974463 1.9522641904714826
1.9677811357901058 -1.2495660913271787 -1.310883450005981 0.8068544370863872
-1.172839159719128 -0.021328792949077746 -1.8834959750126683 0.9611090294530376
2.5603207790928133 -2.109075634026668 -1.4891046514315853 0.9525552223411906
1.66101946255261 0.42910265145069015 -1.861087937286597 1.9927098463710715
-0.00824530211682628 1.6644091961784235 -1.8988005806196613 2.4165591186124074
0.9864406779661018 0.9728813559322034 1.0 1.0 1.0 0.9796610169491525 0.9898305084745763 0.9796610169491525 0.8542372881355933 0.9898305084745763
0.06079820773706545 0.05658104079519882 0.10259018805843587 0.361422669603726 0.07806135371341809 0.0737816980473703 0.05510610406308386 0.1158300612495393 0.045591429756021984 0.05023724697614043
-----
10
148
0.8
-1.086919346699586 -1.3689619905673203 -2.332951239571836 2.921565840722012
0.5529200262415022 -0.8412093232797871 -2.402784802215316 1.960139107818213
0.9613611631742716 0.07835407853496568 -2.2072181337312062 2.7814763037909542
2.40739821449966 0.44235114160078703 -1.930278527460659 2.7135058584265184
2.5197691734498644 -2.3560948829589163 -1.758973411625782 3.027370792508851
-0.2711280299719262 0.31028094127163325 -2.692452099070695 2.678914870899228
2.7638228652985943 -0.29464028219401217 -2.162835699485873 1.628300494051931
2.2135170596389657 -1.635980801948004 -2.1425939835764045 3.826446331359785
1.377505125806075 0.5850107008554399 -2.100880644521917 2.2987910704498473
2.5404560349840812 1.5831038688030445 -2.6352761547448624 1.2969571563352669
0.4949152542372881 0.7186440677966102 0.576271186440678 0.5966101694915253 0.7593220338983051 0.49830508474576274 0.5898305084745763 0.7593220338983051 0.5491525423728814 0.7661016949152543
0.1293425934825744 0.07953353731546133 0.08453637391356947 0.08869890876773508 0.07126201280555634 0.10887879423729101 0.07055431258442646 0.13099133869125992 0.07881414181905043 0.1573879863830754
