4
10 10 10
10 10 53
5.0 1.5 0.8
-----
10
10
5.0
1.673643260585738 -2.7709502785876605 -2.246695088421772 3.8051555318649988
-0.8845001462953936 2.2345527557254083 -1.1474123667265257 0.267794714877293
1.076312829303868 -2.4895305777345267 -0.44096783664080785 0.8571812149489644
2.014601662944866 -1.5489525984348642 -0.5584375334145224 1.4575970647405523
-0.24245679699246914 0.14378255452938538 -2.0144205596076006 2.0117021188734197
-0.12339027351345688 -1.5209788769245862 -0.459342288436674 4.573525079690201
-0.534488130193528 0.14970989144300884 -1.3099426758788046 1.5461060413416716
-0.3528811848933531 -0.7868268580930948 0.14531662454840077 1.4325772180288943
1.6165790745705326 0.7563377333982686 -0.5080491464696903 4.863460101616981
0.15930126456541016 -1.413676846453157 -0.1794309067648503 2.909386816515812
0.9627118644067797 0.9593220338983051 0.8915254237288136 0.8677966101694915 0.6033898305084746 0.8067796610169491 0.8576271186440678 0.9118644067796611 0.7966101694915254 0.864406779661017
0.1 0.1 0.1 0.1 0.1 0.1 0.1 0.1 0.1 0.1
-----
10
10
1.5
0.5465815889333243 -2.346511158334667 -1.640491720732068 0.49354639848198945
-1.1798708395723962 1.8451263827557267 -0.3048190266582768 0.13123131595697668
0.7830552782761546 1.4796167750567693 -2.158584654148422 0.7679791859997054
-0.20662295737172282 -0.1899279568173986 -1.2898037437929948 4.531967175852954
1.7091670628697437 -0.18867573127189607 -0.6110187436845702 3.8809686499126754
0.39464059988576383 -2.411354440503385 -1.55924211434471 1.543421205911859
-0.13801301569970403 2.5277135197600913 -0.46192606977997985 2.082727475570014
0.18449884371680395 1.949177102281444 0.3086820457667012 3.9844295049963128
-0.9057944977980885 -0.6407559940674813 -1.3847473014455667 1.3214307190297192
-2.4184608351162664 0.26286455545044185 0.26738127690071956 2.93797618675173
0.8067796610169492 0.9593220338983051 0.8135593220338984 0.6338983050847458 0.8 0.6440677966101696 0.9457627118644067 0.9491525423728814 0.823728813559322 0.9559322033898305
0.07722501894869938 0.10318677846589971 0.12261598188403273 0.06882993079793902 0.057923645841512716 0.06119334328715589 0.09652846101294565 0.1258648045049118 0.06301200986426551 0.22362002539263756
-----
10
53
0.8
0.6951160540594306 -2.093805035249896 -0.5748092101174141 4.50305734568075
0.9017075054407755 0.1082519233481194 -1.8559852990386663 2.9781537984981274
1.3612948474840827 1.003213973671997 -1.8949747669232504 3.366315206248188
-1.9644054691615813 -0.5385701358162726 -2.4629604411984545 1.5486096818448107
1.3530627336799186 -2.2447485428745515 -2.0661179832562815 2.0734832511679997
1.4556063168639612 -0.3331974318359807 -2.4623778554634597 0.40541943366864797
-0.1549517010153211 -1.1430857832702954 -1.493718677878029 4.786162276135778
-1.7749738271769588 -2.4559672542853512 -0.9926575244801528 4.862702687510704
0.8968493673705789 1.255223543757026 -2.216121017527629 0.8058799672101558
0.9521917415476824 -1.8765403545428558 -1.703692127750731 2.9618043361172317
0.7762711864406779 0.5694915254237288 0.5694915254237288 0.7796610169491526 0.6915254237288136 0.4745762711864407 0.4610169491525424 0.6338983050847458 0.7118644067796611 0.511864406779661
0.10633348132765318 0.0691213833534445 0.08932295558615577 0.14874455081797427 0.0977628716948917 0.09681535467443737 0.095343677840661 0.1408817473436668 0.07307135177040334 0.08260262559071185
