4
10 10 10
10 10 28
5.0 1.5 0.8
-----
10
10
5.0
2.888524619641178 2.0611440371942447 -0.8590024389280551 0.5905216328761942
-1.279064726322518 -1.6800545884688494 0.42567109909277123 2.3366773046659595
-2.8225044359473657 -0.8489068758533338 -2.236412574276749 2.004561381317427
-1.6170765845367914 1.5567728147928337 -0.5038789927530343 0.2437693746727343
0.01675806013544756 -1.7107804057769913 -2.449831689201723 2.279153444045565
-0.13723177101143458 -0.44036886677410614 -0.8873934350340025 4.909708373487778
-2.748662899751712 0.17526886148066367 -0.9234501313670416 2.8069192709851096
-0.39240694241167695 -0.6486600727994594 -0.8571156952476819 0.21363000723042425
-1.6468245166824094 -0.20575461441772358 -0.8883509647718033 0.14897673804070033
-0.9457833114975971 1.3771637922100588 -0.04063431643179083 2.5291889071098206
0.976271186440678 0.9898305084745763 0.9050847457627119 1.0 0.9932203389830508 0.7830508474576272 0.993220338983051 0.9966101694915255 1.0 0.9966101694915255
0.1 0.1 0.1 0.1 0.1 0.1 0.1 0.1 0.1 0.1
-----
10
10
1.5
-0.5856646622747348 0.42731727144150855 -2.659366692172691 0.8098726286222511
0.04728856999870579 -0.711846064311513 -0.8857610525212696 2.5915207711051202
2.3179387722042857 2.014719133678633 -1.1384770722844135 0.0028344802165460314
2.7929302322962606 2.6636006696707604 -2.4046643774601213 3.3786616569835433
1.8322605080176015 1.1071524419402698 -1.4302834300846707 3.7677659860864945
-1.1391665724752882 -0.052193097276311384 -2.3660281930030296 4.0844776308404604
2.1489499875736344 1.5239575752105836 -0.12206003442089286 3.0034955309780202
-0.4825676536898582 -1.6968759168156624 -0.42586947950132137 0.5483199704656128
-0.049530408557158984 1.4471650716231743 -0.9724571434455715 2.085803467259162
-0.5563687134730112 1.861079072258184 0.06332662777918797 1.233100324232484
0.7762711864406779 0.8745762711864407 1.0 0.9694915254237289 0.41694915254237286 0.44067796610169496 0.9694915254237289 0.9966101694915255 0.993220338983051 1.0
0.08223142469824837 0.04353401285952147 0.07398195070294063 0.35927975897953784 0.10923619711989899 0.08297087339958022 0.09686736088837138 0.05291810275855266 0.04655795168236961 0.05242236691097865
-----
10
28
0.8
-2.8631689112940037 -2.981502539396943 -1.7846172468374015 1.8369276132046175
0.06951094492189513 -1.2456236280878512 -1.4652135687851504 4.40046965433241
2.188027852029336 -0.3418869333407914 -1.1571875743428626 3.012895481518843
1.214750091462141 -0.5658403855120717 -1.80820700932814 1.803163264593885
1.791951385316552 -0.5378311440766037 -0.8223993866828136 4.0927743993890315
2.1563136141514163 0.8030660481149188 -1.3621442195958284 3.325763236783042
1.413581270812352 -0.4444857598590515 -0.9597901908163999 4.743452594783834
1.352174718938966 -1.0732177832706773 -0.9705714975879796 3.2287897833996175
2.1591544209349927 1.12875072618281 -1.6678059898961468 4.67609129951266
2.292074743694673 2.0219135451246046 -1.6727599069469352 2.955686123779381
0.35254237288135604 0.464406779661017 0.664406779661017 0.47796610169491527 0.7898305084745763 0.4813559322033898 0.6474576271186441 0.7661016949152541 0.7288135593220338 0.4203389830508475
0.48617224381190816 0.10625308254764723 0.04951987938213272 0.05713039489044397 0.06769833147155685 0.02893345447717769 0.07538560995505893 0.07615506924761956 0.03159952659046776 0.021152407625987205
