4
10 10 10
10 10 33
5.0 1.5 0.8
-----
10
10
5.0
-1.798344165925085 2.98454689487623 0.05251818395887087 3.1099098674114445
0.6412179510162135 1.902303182271794 -0.08339598445239949 3.1637111748594138
0.04849664583775537 1.5507735985401307 -0.06516874441897036 2.4867900167862347
2.687590579026332 1.354513532546056 -2.0057030870480714 4.692492131275291
2.2870638590633465 -2.599904530019166 -0.7714860783027468 4.064663691754731
1.9105674369234134 -2.070963546808974 0.38608055864579427 3.516053018766142
2.5727941155968583 0.5395294127160426 -0.296007021538371 4.871076274193859
2.47221863020535 0.21868156104046133 -0.30388894548390777 3.838573924584127
0.007655186019797089 0.1327654818388373 -0.4506431705046179 3.987402774849093
0.7682804368522129 -0.3017254044243862 -0.634787518294953 2.201304354638877
0.9593220338983051 0.9016949152542373 0.9084745762711866 0.9661016949152543 0.5932203389830508 0.8508474576271187 0.7050847457627119 0.735593220338983 0.7457627118644068 0.7254237288135593
0.1 0.1 0.1 0.1 0.1 0.1 0.1 0.1 0.1 0.1
-----
10
10
1.5
-1.152820242349009 2.261529065760626 -1.1310243119789272 0.03231741805194588
-1.0748294115404236 -0.20709327903092287 -1.9446138065687002 0.24451820791611834
-0.47562674325980714 -1.9183998875174966 0.26670327851651976 3.3512983004171355
-1.4466618784125918 2.969251346676368 0.4913431130164047 4.167958273696751
1.1838931287184744 -0.7928848592096553 0.3227986850288437 2.7713236414996034
-0.1379837597878284 2.144359460135714 -2.044198179092852 4.170189136136754
-2.969947231609495 2.7625005110485272 0.33363967047280735 2.3501120650079015
0.4529841094761104 1.6802966285165302 -1.049347436724493 3.0018250946613834
-1.042070203185876 2.1436250208034133 0.43441939955890063 4.604863817962992
-2.4291956776933494 2.24401210008443 0.309015898363782 2.2573539386554193
0.9593220338983051 0.8542372881355932 0.8406779661016949 0.9593220338983051 0.864406779661017 0.8135593220338984 0.9593220338983051 0.8372881355932204 0.9593220338983051 0.9593220338983051
0.28241386760491854 0.5529107147930187 0.015235215935119041 0.021094493937650553 0.010676332649035994 0.03588669090246374 0.025804939091773095 0.012894404936555895 0.021784473565827932 0.02129886658363658
-----
10
33
0.8
-0.8179006012284333 -1.6606794528691584 -1.5858307298218581 1.4708205140687896
-0.6396547823190979 0.7593723479843845 -2.703240523118561 1.637081487805644
-2.383185673553295 -0.7352232429232051 -1.5982185668717976 4.145304167580704
0.9869380797001419 -0.046876782282386564 -0.60253594030575 4.674468817897481
-0.19703939736275722 2.311393865177201 -2.86646611729146 2.9645837433635243
-2.795283425831345 -2.4302993027927466 -2.8451827291882346 1.0120745363028132
-1.6859532066162137 -0.09164225484824262 -2.52677309481857 3.535164706125347
-1.3128740533966108 -1.7556577045646482 -1.8059904187842948 0.3955666762733675
2.62087330407069 2.266558564439983 -1.8017505753377427 1.2809115897993186
-2.9209359302411775 -1.1862684144023194 -2.0686825766698234 1.0678615466741275
0.4067796610169492 0.5661016949152543 0.7050847457627119 0.6610169491525424 0.752542372881356 0.6271186440677967 0.5220338983050847 0.6813559322033899 0.4271186440677966 0.7118644067796611
0.0373521430580167 0.034803329656695386 0.12704009298680632 0.21279062603372276 0.0832129978085009 0.09238533672286227 0.07755426895454694 0.03319589769624812 0.25010027682535363 0.05156503025724712
