4
10 10 10
10 10 16
5.0 1.5 0.8
-----
10
10
5.0
-2.7604905845863197 2.45271253927457 -0.8416953987775679 2.5280922188776445
0.3548788704037795 2.9634670196946775 -2.5964074387772165 1.8170959032954381
-0.3600304380516821 0.6932554034678238 -1.0936842850755548 4.383112927671969
2.2883903116093 -1.7390682907526451 -2.882214699558884 1.6771208738536092
-0.24274025806322097 1.7288254463780035 -0.17881759369607897 3.106188439624459
0.584452486265215 -0.933418363001254 -1.6428610727034236 4.897166121414765
-0.04262429821199776 0.19366087621536998 -1.9112622382757412 2.043827195384005
-0.5853957664442588 -0.7819388060458898 -0.5939370090480791 0.8552302746771379
1.2246753480522194 1.6731490264827027 -2.4282678391340897 4.731603351208873
-2.7296354053309475 1.8182282180320968 -1.2319071538284736 4.284377068585677
0.7864406779661017 0.5830508474576273 0.43728813559322033 1.0 0.7389830508474576 0.9423728813559322 0.7728813559322034 0.5661016949152542 0.9864406779661018 0.7864406779661017
0.1 0.1 0.1 0.1 0.1 0.1 0.1 0.1 0.1 0.1
-----
10
10
1.5
0.2439397707330131 2.3777898394807107 0.03805892322149074 0.6871717017074677
2.3864813097565123 1.2566607747629779 -1.0626896416756082 4.522762929716954
-0.048218180218844386 0.9393516359558416 -1.8205173534115482 1.296268661410851
-2.7473891758725206 2.270531432803573 -0.7597167120405774 0.8078784452812295
1.9088809919565228 2.612444130510624 -0.9837363475537122 4.344743625652267
-1.6589387851201185 2.7404914757877656 -0.7147687804543619 3.9792677269530303
-0.13095676672136775 -2.3651927017922523 -1.1760314605434545 3.5371934941221195
2.5331484704702536 2.147828414265674 -2.38489302222758 1.761786512473522
-0.33442119378601765 0.8912134053888885 -1.7582088566826881 3.2090208975412464
0.004070911386979237 1.6721018563171022 -0.669014222845215 2.1136479813993825
0.776271186440678 0.6949152542372882 0.4067796610169492 0.7864406779661017 0.39322033898305087 0.7864406779661017 0.7084745762711865 0.9932203389830508 0.3762711864406779 0.6915254237288135
0.1713782649865581 0.10663563056283301 0.07113878456909012 0.11684913328909019 0.1110133946333795 0.0667483178912498 0.1192094543638187 0.11671364526269735 0.05173955584849198 0.06857381859279117
-----
10
16
0.8
2.2323908615226014 1.5658294979766807 -0.8733363303667357 0.6542427796504844
0.44851376817346233 1.7720675541873885 -2.446086093993974 4.687088455863089
-2.5670605539160465 2.0965365676742387 -0.9532210221551081 1.3097109737839339
0.5656043053385469 1.851738429681692 0.4615823482063574 1.3605243380230738
-2.077792957744475 0.4685701878894353 -0.3647328454850467 4.15353714147563
-2.801202832437893 0.01145629975887763 -2.0884382186996975 2.659888032792334
-0.5230986895877603 -0.019258113032527113 0.08921087991549731 2.5816936584444976
1.012500242464935 -1.2065558859595833 -0.3970507524660781 2.894318208171538
-1.4903683710643165 0.05010019843667424 -0.5450522566600524 4.670860112550427
-1.4681789677713681 -0.81410262584683 -2.5496953624281047 0.8614001970169567
0.5322033898305085 0.7186440677966102 0.7864406779661017 0.7491525423728814 0.7830508474576272 0.6305084745762712 0.6101694915254237 0.41355932203389834 0.6338983050847458 0.7084745762711865
0.06229504566700766 0.10287092155865049 0.04970061673382957 0.05707817222383411 0.09200565107793542 0.14604978217839112 0.07627492548386519 0.09221451347515815 0.09574506299900461 0.22576530860232374
