4
10 10 10
10 10 14
5.0 1.5 0.8
-----
10
10
5.0
1.8676139401632899 -0.921382360063876 -2.198798929444051 3.0562164574637607
-0.07058775258565086 -2.91340572841646 -0.4254891909245391 1.544276268802196
-0.13324746014511124 -2.180002925557668 -2.650316323013954 3.2533612480599494
-2.201148536748565 -0.21090387966062885 -2.7382339748451647 2.831687607448381
-2.006428875119104 0.9543743108951102 -0.8011865173729742 1.832359737571403
-2.0539116292805915 -0.15135636928662644 -2.00162969078821 4.854169470850226
-2.407457622747616 -1.7067565016495836 -2.93169377405928 1.6594739048983775
0.9415190911350697 -0.15066588482349363 -0.050295151860073606 3.6758379778426544
-2.3013940728834594 -2.231251305822558 -2.9433965207700012 4.431190614644897
1.809177778706422 0.31446669887437295 -0.28838423122757817 0.10556577250357302
0.9966101694915255 0.6949152542372882 1.0 0.735593220338983 0.38983050847457623 0.535593220338983 0.9593220338983051 0.5932203389830508 1.0 0.5830508474576271
0.1 0.1 0.1 0.1 0.1 0.1 0.1 0.1 0.1 0.1
-----
10
10
1.5
0.11580744948193217 -2.576807318700949 -0.8745315692361573 3.0609766478659366
0.8070739267139371 -0.8223082319150172 -0.5191545147721398 1.5998000240041095
0.8028226151147455 -1.9062507839915348 -1.5870581757452307 1.1659087984027867
-1.150884085063423 -1.373961952724517 -2.4927419541583324 4.308434361559324
2.319420617588245 0.3796087164249107 -2.7663059413744318 1.7049356781202292
1.4759907539787507 -2.256456628085106 0.25434144978701956 3.5792634074251755
-1.361223296097772 0.38100449144439974 0.11204244355285153 3.8919509573980635
-0.3482779280843227 -2.586526719563703 -0.26480626448601907 1.0555763215299798
-2.49881537824114 -2.1742735615418187 -2.3637435714419537 2.950042015355743
-1.7160503430952212 -0.03278712431154718 -0.7574689249128441 4.0668317726387
0.823728813559322 0.7084745762711865 0.8915254237288136 1.0 1.0 0.3898305084745763 0.3728813559322034 0.6440677966101696 0.8779661016949152 0.22372881355932206
0.08078380157633548 0.08418681099855883 0.08488141584786782 0.05315734149839846 0.1643319923716545 0.15518171114144685 0.1262510539309783 0.11222222828964118 0.05601722920874572 0.08298641513637274
-----
10
14
0.8
1.357136792349742 -1.0493364023887302 -0.27529150235714106 1.941791773349435
-2.4491614874120318 1.5200193712511345 -0.09189697241434205 4.039328895154578
-1.3301626930079078 -1.3209645600240951 -1.2889965062663165 2.9844074034838153
-2.7714926230997436 -1.5171093406438882 -0.3084868238984179 1.2822010957851278
0.8237694009364445 -1.0742800429396258 0.159706621431765 2.766529072549803
2.489231246859649 -2.7371425143688284 -1.9100926757125796 0.003295398908565783
-0.3507770591683208 1.642237382037916 -1.054326226894595 2.8264206362595488
-2.881487960579539 -0.8448669088535028 -0.5476002408232428 4.137134935358203
-2.2473232450031544 -1.243157270085487 0.2365371698958021 3.200101343449284
-0.08568766744732603 0.19125127279743426 -0.40471196189982017 3.5986546047038512
0.6711864406779661 0.3864406779661017 0.7762711864406779 0.3152542372881355 0.4203389830508475 0.6372881355932203 0.2542372881355932 0.36610169491525424 0.3288135593220338 0.5186440677966102
0.05666731542169453 0.1443495032376811 0.057334887502749406 0.12297340816315004 0.05356902154479147 0.1790120667651891 0.13762470004964428 0.09690477423120089 0.0834158283117518 0.06814849477214732
