4
10 10 10
10 10 55
5.0 1.5 0.8
-----
10
10
5.0
-2.3642209610174145 -0.15038066689165053 0.4579297668120814 4.166196091423345
1.880125456964274 -0.2922495776866625 -2.4184760249265684 3.1776461317695603
1.7568124373303853 -1.181313886300027 -2.0759424214548936 1.2610633854764242
1.7965937755944017 -1.3742758547827356 0.01838287356356494 0.9015829336480197
-0.5511202534779627 1.0620350034003279 0.35942684860995744 4.353431771317449
-0.6574253136172832 0.3003981174686281 -1.0831654998531692 2.696121529990606
0.47260479852764714 1.716406097268706 -1.2999116192508757 3.2226565072272595
0.26568786610643746 -0.7461292161248059 -2.2951499760143084 2.354908945382327
0.9654541022326129 2.153383008683898 -2.6087250844573746 1.3692423344845928
2.7103270771621197 2.1396577829598513 -2.5784351556281333 3.1856651645129794
0.9627118644067797 0.9661016949152542 0.5796610169491526 0.9355932203389831 0.9559322033898305 0.8949152542372882 0.8983050847457628 0.7796610169491526 0.8305084745762712 0.976271186440678
0.1 0.1 0.1 0.1 0.1 0.1 0.1 0.1 0.1 0.1
-----
10
10
1.5
-2.9979069000799456 1.4464605843530325 -0.5798704955545957 4.359542074511579
1.1888375118453096 0.43402811654853446 -0.07843620794723644 4.855160347870046
-1.1966300666701506 2.2802609538360787 -0.7164056959454872 2.1369419429160095
0.03094449007905764 0.16815569913910555 0.07508477541814668 3.75808465985839
-1.0248838248798298 -2.8488607353787074 -1.0577219444432588 2.2913007190469674
-1.5455638624854793 -0.5302445458933558 -0.7719477140356175 3.743911163639559
0.09946518796762138 1.5217220911270406 0.0751227444264857 4.575965170025295
-2.283465735685877 0.7473485820274408 -0.9478395858077009 1.401099161034362
1.7697493852913693 0.8255691490726185 0.3149974626893708 1.8852337916812152
2.9575117541269518 -0.08668068031627651 -2.706814228009076 4.421107811530229
0.9661016949152542 0.8847457627118644 0.9593220338983051 0.9118644067796611 0.8372881355932205 0.8847457627118644 0.9457627118644067 0.9627118644067797 0.9288135593220339 1.0
0.1099985543647167 0.09380577092015314 0.09605895904812399 0.05973186851369479 0.16748146166939012 0.06819461404282028 0.0753796268858515 0.13222310546613905 0.08883652613233231 0.10828951295677816
-----
10
55
0.8
-0.7304884980609334 -1.2082849151286261 -2.920974791265092 0.3340129312622866
1.591641716202803 -1.2796150939386348 -1.4682710327333124 1.4997151379404867
1.666238183099292 -2.266930502377322 -1.1756419245542795 2.6103902389353975
0.3669893867920775 -0.6880141381776801 -1.2167848669924668 4.5986507820268505
2.3589671936639878 1.8428884791562314 -1.9846819437650884 4.440454700233062
2.1125318535326016 -0.46390811342957616 -1.9584404117604852 4.278543652987204
0.869532181897644 1.8330018593574071 -2.6137266577283707 4.675075769680386
1.040817208070125 -2.7117840126488906 -1.099303498779276 3.3503986705928566
1.161675175122872 0.13583324369854344 -2.3009037343226604 2.0689999494877696
-0.8715376828788606 -0.24911570596331067 -2.6257386873954456 3.935674363334887
0.46440677966101696 0.7864406779661017 0.7864406779661017 0.7118644067796611 0.6237288135593221 0.688135593220339 0.41694915254237297 0.7728813559322034 0.7084745762711865 0.5694915254237288
0.30714326887981436 0.08444551712357042 0.07350318116955276 0.04664833887208368 0.08015827341730342 0.05755520222846083 0.10221102668080842 0.07179591852535312 0.08749113464607507 0.089048138456978
