4
10 10 10
10 10 17
5.0 1.5 0.8
-----
10
10
5.0
-2.530327030512862 -2.669574816628543 -2.743755175422215 4.449318712360327
-1.3749104414102562 -0.925402154280917 -1.0325703997105091 0.693133320788023
2.9833319233618925 2.0489349231383 -0.3211818939511999 4.401537494373562
1.6548373155166622 1.1699290119288452 0.3560452546634547 2.5484803360174157
0.6964924304979161 0.8629130360855339 -1.26418041615524 3.7642539297238278
0.44240140064504185 2.7942620676296883 0.39650529269332146 2.6971750694853744
-0.39929874431937584 2.895331637066649 -1.8561761757880144 1.0299333418416612
-1.6878079972073583 -0.332127931249516 -1.1627377185774392 2.298358414562066
2.0715022895077224 2.8788428606061665 0.4233026062210903 3.472276829015495
1.3265307788634733 -0.8735375916191259 -0.25685141796563027 1.4623469872696104
0.976271186440678 0.7864406779661017 0.6644067796610169 0.8440677966101695 0.5084745762711864 0.9423728813559322 0.9152542372881356 0.7796610169491526 0.8813559322033898 0.7966101694915255
0.1 0.1 0.1 0.1 0.1 0.1 0.1 0.1 0.1 0.1
-----
10
10
1.5
1.7678180089177968 1.7702016355980525 -0.776659198413739 4.479563057776467
-1.7757877797993387 2.962044325959275 -1.0327491680212604 3.5609135293809437
-1.4619318211863712 0.18178993343998695 0.3358716625969968 2.5921155829783133
0.08380623333127768 -1.7392073062356666 -1.6004931743322857 3.2990062717084916
2.436785163845398 -2.617125491606867 -0.22254079688238346 4.140612261387903
1.78124050521355 -0.7752450499434309 -2.786513775321444 2.12857957207677
-0.2791436094131212 2.8057568088605644 0.16818445827618256 1.9274898800959583
2.7352464885448193 0.5960697040812866 -0.6201868240044884 4.906003667817927
2.8484320560920504 0.03284333291601982 0.4447396373845497 3.5111037760040706
1.883449703730181 -0.7956438759341842 -1.2807081554145936 0.9898427578535767
0.6067796610169491 0.9457627118644067 0.9220338983050848 0.688135593220339 0.6779661016949152 1.0 0.9423728813559322 0.552542372881356 0.8169491525423729 0.6067796610169491
0.05918685429898345 0.10509062069641588 0.08282995878076269 0.0903111947685883 0.16911679699869445 0.1829472915884113 0.06328737340937335 0.07756788663331962 0.06607299858077582 0.10358902424467514
-----
10
17
0.8
0.8809330887315273 -1.7561216394658967 -0.4124225756873181 3.7152965033962593
0.44822475565229003 2.240885166249553 -2.1300672945667243 4.553568886579941
0.6508669093659902 0.6644896402811684 -1.6399496982297714 4.468430218987257
2.8753502481919186 1.0336849046868504 -0.8515662852242006 2.4761300718888943
1.4218547347234212 -1.1816269812776259 -1.4078376412449451 3.3711641848905964
0.034190457230829856 -2.9999109500986445 -1.6996916594589508 2.5018056948106526
1.2464424743863431 -0.4946949488968735 -1.0511763572733364 2.953112455508087
0.6436653063006474 1.0699108374616482 -1.4902256358494999 1.8156179069475256
-2.484392892464638 -1.8239567543771193 -2.4756694081482995 0.5841202671786232
-0.20678323979700064 -2.5037517902736015 -1.9125046052113694 1.6734553740574467
0.6474576271186441 0.6271186440677967 0.5898305084745763 0.583050847457627 0.5796610169491526 0.688135593220339 0.4813559322033898 0.6033898305084746 0.31864406779661025 0.7457627118644068
0.04675181886884728 0.10693832799824615 0.0648470416204459 0.0632617482463115 0.0464435847137715 0.08257036679951914 0.04518419624250164 0.06784736698638852 0.381690018568527 0.09446552995544122
