4
10 10 10
10 10 56
5.0 1.5 0.8
-----
10
10
5.0
2.866830552000172 -1.076063023395144 -1.170370303590207 2.4542131794920796
-0.42225693179284285 -1.7628977388970402 -2.9496235840471625 4.34065530461379
2.4661216040323826 -1.8619805459523873 -2.6000227923152446 2.6683999709225645
0.6989004690882319 -0.04094704220100409 -1.6752116939498456 2.556128288124536
-0.8316888400275508 0.8515392769312169 -0.07024245408564278 3.5764938102388113
1.028047130078023 1.4127555320378473 0.46305756756381466 4.083036836775149
-0.8118684450534688 2.841707050273847 -1.1695093232710625 2.2371367370343753
-1.0902646102069418 0.6407475168746783 -1.181482716811793 0.933693600451676
-0.18199221620578676 1.3156143902819135 -1.5429407023355086 2.456795535289189
1.1788883276664315 -2.8911789518789806 -2.9833947889498535 2.126855987679744
0.8983050847457628 1.0 0.9898305084745763 0.6474576271186441 0.9898305084745763 0.9864406779661017 0.9932203389830508 0.9898305084745763 0.9864406779661017 1.0
0.1 0.1 0.1 0.1 0.1 0.1 0.1 0.1 0.1 0.1
-----
10
10
1.5
0.023993825418155756 -2.236545706840711 -2.231349507432858 1.4313540608411457
0.7696334815940422 -0.7915922907057931 -1.7877769391994938 4.373974157450126
1.9166162943509888 -2.4663971762197936 -0.9461314946783348 2.2688565251184842
2.241732177870288 -0.36041037581769486 -1.0088597412607891 1.6321426795960277
0.0950171544435161 -2.7982142307330142 -0.30882770503202556 2.1865010061036663
2.7114025338964236 0.3533332048905842 -2.5463897239887703 3.2784305192383894
-1.7541881441836953 0.9372407620823329 -2.5175792854028938 2.0396363451824477
-1.152424408495568 1.8992634031260187 -0.0570379890255277 4.938126312199999
0.7315885101314381 -2.8858503875128294 -2.0124440358803666 2.026287495899537
-2.566269554776675 0.633861792777914 -2.534789413861745 2.6187043278724964
0.5423728813559322 0.5525423728813559 0.9355932203389831 0.9457627118644067 0.9694915254237289 0.9898305084745763 0.9864406779661017 0.9932203389830508 0.45084745762711864 0.9864406779661017
0.08291552474630207 0.07868172383730106 0.07387691487631841 0.07877672490730771 0.1231593232662251 0.08400583179291458 0.1061864402464785 0.15452437895911006 0.06693677340129113 0.1509363639667514
-----
10
56
0.8
0.5842850727104042 0.718690954332351 -1.798739543322823 2.795729673217166
-1.8899110051059178 -2.629745033216254 -2.3524379112561884 2.195322278428233
-0.7183928675123239 -0.5925986618138923 -2.4151436114144453 4.2740530594909245
1.94697089492377 -1.8680427322351991 -1.9651340690789774 1.6861774181002651
1.739411782518005 0.14744309680775602 -1.4687830861157318 2.551708113328796
1.59225590514844 -0.8968351623423714 -2.4157542936484253 0.5059804768175755
-2.728695401466354 -2.903196194473993 -1.1723584567995928 4.664383570660757
2.128529448749041 -0.07838120614067012 -2.5777439669160898 0.21498039615606457
0.37147376531547804 1.3235905336479403 -2.170600666760265 4.762772983297021
-2.5719761120427753 -1.1759000021210193 -2.824422316081083 4.701180885908467
0.728813559322034 0.6271186440677966 0.7661016949152543 0.5254237288135593 0.7491525423728814 0.6203389830508474 0.7491525423728814 0.7627118644067796 0.7152542372881356 0.41016949152542376
0.05223435685481674 0.07299031158728335 0.07232388015775633 0.057358566609833114 0.055599417359368124 0.09594492841611846 0.2044068716281292 0.1503629689688866 0.08976867994942438 0.14901001846838374
