4
10 10 10
10 10 17
5.0 1.5 0.8
-----
10
10
5.0
-2.4042437664402816 0.28372410116032887 0.2257752355000462 4.283974992917685
-1.5010213685051745 0.6125071456417901 -2.3635977809216833 1.1023453988837206
1.7094379291273043 1.9892669708578445 -2.5837344030741134 2.9893941964755486
-1.6785902869112284 -2.6163699869632024 -2.6120896617187177 0.7729680763970947
-0.1466157452129293 2.9130059242956756 -0.46695379543011484 1.965841676805563
2.7070973823182243 1.0116675238768256 -0.5803084461461063 1.3984080882744243
-1.2215007321960938 0.42958796960285284 -0.009398063370792187 4.677496981771087
-2.909035658272465 2.6956238399318746 -2.9421286162592137 0.3871225211503715
1.2023807984391333 -2.9029497995477596 -1.6747074394189756 2.6747933247803903
-2.5461781758953026 0.8665405458842392 -0.6673696161528997 2.827373198427119
0.8881355932203391 0.752542372881356 0.9525423728813559 0.8745762711864408 0.8779661016949153 0.7118644067796611 0.8576271186440678 0.8847457627118644 0.6711864406779662 0.8847457627118644
0.1 0.1 0.1 0.1 0.1 0.1 0.1 0.1 0.1 0.1
-----
10
10
1.5
-0.6488381230194564 -2.246716841069648 -2.3011203760156658 3.8785322199945673
-2.4791179567237895 0.7495116941133833 -0.00754932988293755 0.6266189608131814
-0.6160472760520415 -0.6783455467068257 -1.827009724079586 0.8855163886491169
0.8501632840471829 2.7725768094623016 0.39915678570867064 3.0591641299815695
-2.450853878801615 -1.0100373238299625 -0.9174339764980884 0.5584359949549333
1.0682390131598498 0.45349104949633284 -0.367463690706642 3.3969162098442776
0.07161056684310307 -1.1566302952510774 -1.4958647014569262 2.2895962223291875
1.9823157283473969 -0.4742634520869362 -0.041844758498100876 2.104062918113929
0.15696274981225966 1.074164969392136 -2.319738636593615 3.914333121298662
2.432795796342032 -0.18379105244436023 -2.4425349322275727 2.91112717783509
1.0 0.8915254237288136 0.4711864406779661 0.8881355932203391 0.8101694915254238 0.6711864406779662 0.5254237288135594 0.735593220338983 0.5389830508474576 1.0
0.12469305689733375 0.11765373276103727 0.07125148886625332 0.11243427086409823 0.10025643015680728 0.08274467714162974 0.07204106584916065 0.11061045925037885 0.09475743372589379 0.11355738448740696
-----
10
17
0.8
-1.9162495542496727 -0.7901494740507113 -0.6525833019799954 4.773389735626456
0.4411520482231198 -1.5399511619135957 -1.6055586067700434 0.4485696644866959
-2.534629720267881 0.3225405040561924 -2.3064318006922115 3.0285319212978337
1.4366972391017667 -0.02557041678979166 -1.3865714069702788 2.0253672406079657
-0.7943196672700135 -1.5696997737482588 -1.4131982405661545 1.890109307774676
1.319880204918173 1.8957909538843398 0.008481082800445516 3.5643076653956935
2.451501253839646 0.05290064800386826 -0.518100574869077 1.5582501663414738
0.5520671074527299 1.0282737284757562 -0.3309328224132594 1.4201298577402814
0.9534957647387654 -2.877021130522153 -0.6982472420164799 2.413283128427366
0.0824396680662649 -2.432669730953968 0.09031198267082044 2.6372264099881146
0.6677966101694915 0.6 0.7457627118644068 0.4610169491525424 0.43728813559322044 0.7627118644067796 0.7016949152542373 0.7898305084745763 0.6305084745762712 0.7254237288135594
0.16697600793371273 0.09861882561601092 0.12108810023855662 0.0628986130998802 0.06747595043167824 0.07976033190616726 0.08559784737725955 0.06934256391126939 0.12207990375269122 0.12616185573277403
