4
10 10 10
10 10 14
5.0 1.5 0.8
-----
10
10
5.0
-0.4242047597779597 0.15580553982216516 -0.6430783639917315 0.780882183512599
1.6662025243705525 2.3262007346116267 -0.28046501259813894 0.4999474358414657
-0.18344900183605795 -0.8636710533332486 -2.9292910211039054 2.07769121616146
0.012819123533510002 -1.8800678154015724 -2.33072953445144 0.2706826175592303
1.670377404434829 -0.9224871743778014 -0.7094322029304609 1.4857522076243679
-2.0914482328714237 2.391245488858491 -0.8815194628724243 3.733116920752526
-0.74732861683824 1.2018627987189046 -2.172410286917051 1.5171351535620003
2.321025419597891 2.90334668934503 -2.974814227051781 4.841586187747307
2.0867359867167963 -1.245098213135206 -2.3372453429095166 3.960146830868607
-2.415913467476038 -1.2283608916739577 0.19200229428137305 2.903590411261936
0.5932203389830508 0.7050847457627119 1.0 0.752542372881356 0.4101694915254238 0.8 0.5050847457627119 1.0 1.0 0.7322033898305085
0.1 0.1 0.1 0.1 0.1 0.1 0.1 0.1 0.1 0.1
-----
10
10
1.5
-1.260314292068439 -0.24989876125222288 -2.8291574900651386 0.008768005313961158
1.7708810968878628 -1.1165080318932599 -2.932539174716566 3.2947339089898833
2.508064986677526 1.4015461597211396 -2.600039917014607 0.011197219161197758
1.6236908939265466 2.8248058614664524 -2.571389528192455 1.0761853182057792
-1.741081696208574 0.6796461483046561 -0.6188410240517381 2.9566700162118065
0.06787758922716225 2.6564427091020324 -1.2347106804505272 0.7263818392724343
-2.7576141564653827 -2.06209324689448 0.4541341500249513 0.1498851419128493
1.1327998479464156 -1.176419534643784 -0.37985128402809587 2.5680112038984264
0.321956503745233 -0.97794643926292 -1.153545849796513 0.7253495766815707
0.43827067630350935 0.656920819580822 -2.1431341798697123 0.9059448336555861
0.7152542372881356 1.0 0.5627118644067797 0.6271186440677966 0.7830508474576272 0.7661016949152543 0.8 0.4 0.4677966101694916 0.7016949152542373
0.09776031054919788 0.08174454574577768 0.13374575839202305 0.10848766314297181 0.0753182824715538 0.08336781731885266 0.21285968553076895 0.08047964819975961 0.06342942378291959 0.0628068648661751
-----
10
14
0.8
2.511048323254377 2.53453463394559 -0.9789563593146637 1.8195212591503371
-0.48553395880782246 0.12019728948212416 -0.9822166280072162 1.6996651154571882
-1.8909315210854047 -0.1434404904725135 0.36945072610654434 1.81550135695308
-0.9723334485082884 -1.0627709852419842 -2.183072948851819 0.012093132545081388
0.059006007708420904 -2.4300383542090724 -1.135869523772293 2.9370026245593857
1.4464950775453618 1.7717213165617125 -0.3252790924884894 0.26089880826126133
2.3111062864231715 2.444173675607594 -1.9031848442083756 0.9245047084631903
-0.5249909180173911 1.8134347484628202 -2.6949269900011195 0.8997120826441687
0.8716942039784088 0.9338134878340756 -0.15398309041434263 1.983871972952596
-2.76751520161866 -2.2726631639677826 0.45811965964465173 0.9571373171846996
0.4101694915254237 0.47457627118644063 0.7864406779661017 0.6508474576271186 0.6474576271186441 0.7322033898305085 0.6372881355932203 0.5423728813559322 0.5559322033898305 0.6983050847457627
0.12054055710169753 0.08004775431947295 0.09621903208135983 0.08399574642477203 0.17467029295516248 0.10919970099123029 0.07303062282268438 0.07839536435628874 0.11959101025446763 0.06430991869286415
