4
10 10 10
10 10 431
5.0 1.5 0.8
-----
10
10
5.0
-0.7667798553749687 -0.04817334636927617 -2.889264804238836 4.6974477478222525
-2.0483345615527013 -1.8831326281738692 -1.0459583520568771 3.0243016507680864
2.51386165237793 1.0727209070724353 -0.8402711061433865 2.207598358034045
2.115039778671669 -2.213417050208689 0.3796739642298337 4.307823935886522
0.5371753539305408 -0.9880523794634604 -2.315237452105899 1.0666570647776341
-0.7145640153646018 2.2217298189237518 -1.2422984396070949 2.0536931375244083
-2.5094159298656846 -2.3702372391446827 -0.1367481233535579 0.554115495620876
-2.2073341673861324 2.4062754839099796 -2.5213665661028024 2.496477963823316
-1.0920451549370331 -1.0912889272410546 0.2673107950843274 2.229148880739009
-1.6583023577711682 1.7201776705241967 -1.8115715822527279 0.44361080500604944
0.9186440677966101 0.9932203389830508 0.993220338983051 1.0 0.9830508474576272 1.0 1.0 1.0 1.0 1.0
0.1 0.1 0.1 0.1 0.1 0.1 0.1 0.1 0.1 0.1
-----
10
10
1.5
-2.055021146769664 -0.6998628748865188 -1.6695231388451286 2.1668420398887567
0.512646840715365 1.1885273838634212 -2.0307071621464257 3.416146113412827
-0.7634595942133635 0.292255985002043 0.17119411547427715 4.480914441708272
0.2389660093134639 0.9154163735796552 -0.7020975855839423 1.3847944323453438
0.1584891826269903 1.2052570519977963 -0.10031315962250092 1.8760323549487254
-0.5945263563543176 -2.293823491079368 -0.4896679719571039 1.6584426729771076
-2.1286415262484173 -2.105266382356596 -0.07472863837422461 2.658300827279165
-2.7281369129977286 0.8062864928103448 0.30087641906774354 1.1842501169028399
0.7517063147504772 1.650224837165154 -2.5259725211757935 2.3195414026681362
-2.086657485839621 -1.6166830719555065 -2.8038739186964916 2.0153689529609085
0.993220338983051 0.9932203389830508 1.0 1.0 1.0 1.0 1.0 1.0 0.9932203389830508 0.9525423728813559
0.0752220932091862 0.09366064904324198 0.13876047621000717 0.08233733037215683 0.09423650918536541 0.08330737542807497 0.09201735030163902 0.12059727448711233 0.10116507936730884 0.11869586239590729
-----
10
431
0.8
-2.698907234333822 -2.6820399211821035 -2.796167603737541 4.333482869023606
0.002875032637740804 -0.1326085999360287 -2.8525298910426944 3.789863858194467
-1.3036438894633788 -2.833770726730815 -2.786776535549524 2.1167706527666583
2.9641257437678403 0.7550862731411296 -2.5077728021411914 3.8735543769009784
2.31834393871186 -2.537151953392717 -2.4156411283606203 4.382571152728082
1.6309277227642345 -2.331687796949211 -2.4778248172404505 3.879689606849446
1.9968404725773312 0.5242904096663143 -2.9944311788900615 1.4486683231881476
1.610535190351087 0.46065140538201144 -2.674756927220261 2.9042391535489926
-0.7341312490035292 -2.7060156444283843 -2.9049609184239977 2.8721624168928352
1.638999562041469 -1.0494503675937796 -2.8176248710242358 1.7510928346277024
0.2983050847457628 0.5491525423728814 0.6813559322033897 0.6745762711864407 0.728813559322034 0.711864406779661 0.6576271186440679 0.6745762711864407 0.6372881355932203 0.7457627118644068
0.10475503375610991 0.04143866612222214 0.032998948978937334 0.11920758803733654 0.3422224768496737 0.14097188853177062 0.06828131128107764 0.04228282880157741 0.04212735807652911 0.06571389956476548
