4
10 10 10
10 10 62
5.0 1.5 0.8
-----
10
10
5.0
-1.2273954094132566 1.1347061154369111 -1.6703698369212736 3.536363749778062
2.488731311124445 -1.649913090212317 0.4574167273232721 0.48450837946294123
1.8050159906586511 1.6954163473106085 -0.3999264129352067 1.9500025020024603
0.7149218865512479 2.587654565528494 -0.9250969592356117 1.6929516129323907
0.7425928115646205 -1.4891253329087393 -1.104433499940556 3.8107753541671596
-2.143857878517677 -2.3099278890615462 -2.1620970472816885 4.634099646291795
1.8634703256589402 2.2347309486625235 -1.5846772649634904 3.0041542551958544
1.1399423413932794 1.2228024607538455 -1.8813252046544946 3.928501123405279
1.786641994515655 -2.7807807449938613 -0.29265040194425884 0.8081707481803557
0.8572501785225506 1.3998495604587369 -0.8246179834846528 1.5764091684247117
0.9898305084745763 1.0 0.9898305084745763 0.9966101694915255 0.9288135593220339 0.23050847457627122 0.9559322033898305 0.7694915254237289 0.9932203389830508 0.9898305084745763
0.1 0.1 0.1 0.1 0.1 0.1 0.1 0.1 0.1 0.1
-----
10
10
1.5
2.418555321954559 1.7667514977476275 -2.883789904001231 1.111145215538735
-0.6143956390909648 -0.4628436060654044 -2.061834072083022 4.113037269293719
2.662231442265241 -0.8116150650600757 0.018276692425429286 0.4734780751849528
-1.9827290656179484 1.6769651615189087 -2.12863937950452 3.9937667613163823
-2.1798322936889774 1.1340509641978396 -1.0212735218721858 4.180609485031551
-0.12859143153457542 2.2946676050965067 -1.5131211832212934 4.196780709073831
0.9140275429869625 -1.5655649592083494 0.15708823665687865 1.547338836584474
0.9071213577359901 -0.6052448192310496 -0.516355542557283 0.9543832589811164
-0.32193653246890175 1.4177164300221357 -0.9194703225872398 1.7517566629590788
-2.8736233574114762 1.8719288442466429 -1.787391430648571 2.9142949518444627
0.823728813559322 0.6440677966101696 1.0 0.993220338983051 0.9966101694915255 0.9932203389830508 0.9932203389830508 0.9898305084745763 0.9966101694915255 1.0
0.23171738277900483 0.07237490798932378 0.05422242998109529 0.11275547229799464 0.121006048804067 0.07283936325554856 0.057692775660697436 0.051743670694950374 0.06069564023749798 0.16495230829982024
-----
10
62
0.8
1.8443400792929325 0.3326938213176177 -2.3989672994650597 2.042570273129261
0.5260325340735816 0.3323363839998046 -2.1022916583211546 2.7459915358898463
-2.164967161426283 -2.1537088324749707 -2.0637784796515306 3.1769779168398977
2.7378233339724787 -0.44302271063622706 -2.274128540359462 1.7212945714626438
2.0214648105530015 -0.07799039963766097 -2.2759129050073925 2.91098657989097
1.260691772295463 0.3323251539605969 -1.9436424375312114 3.3133350178643624
2.5378570015386437 1.007253917867834 -2.5302429176649808 1.7898073718981538
1.5058002791897969 -0.589520537983595 -1.5714933490774987 4.368558929755904
-1.7169961860276168 -2.217535651653228 -2.3608392804601723 1.6743876078518425
1.9145659249821723 -0.46648908336908 -2.2074685080536818 1.8709345044387398
0.6271186440677966 0.6542372881355932 0.5016949152542374 0.46101694915254243 0.6610169491525424 0.5491525423728814 0.711864406779661 0.7254237288135593 0.44067796610169496 0.49830508474576274
0.0568185688603399 0.0519662077951444 0.1893332937451287 0.08270562256507785 0.0726830417340361 0.05984943343861312 0.05207246300237572 0.10887137856003176 0.2505454326673725 0.07515455763188005
