4
10 10 10
10 10 66
5.0 1.5 0.8
-----
10
10
5.0
-2.466692241074536 -1.4017046957765364 -1.2734653265269436 2.986151764132633
1.266006404924802 -2.817690005539467 -2.231300038342188 4.87719901381133
-1.3104798598402323 -0.2672064207376108 -2.5156756456660125 1.5306236302709197
-1.512296004964249 0.4091770578324172 -1.7502484912318235 1.3849963094401319
-2.890701526370351 1.1785263770068894 -2.6880636685800847 1.2512271542633535
-1.8202261599397112 -1.7711650055768295 -1.9541566342033576 1.7234565931503998
-1.146116714373096 0.22783701929441946 -1.7754961682865207 1.574025632041034
-2.6648302257636636 1.092646415508467 -0.8541651955961385 4.647982891637278
-1.3867817296662732 -2.79389175899871 -0.9906673672577622 1.4215158561137753
-2.8071661976542215 -0.0889672600409197 -0.607848026009326 4.465171406431826
0.9593220338983052 0.7898305084745763 0.9118644067796611 0.9966101694915255 1.0 0.8271186440677967 0.9932203389830508 1.0 0.9728813559322035 0.9966101694915255
0.1 0.1 0.1 0.1 0.1 0.1 0.1 0.1 0.1 0.1
-----
10
10
1.5
-1.6893833290681437 -0.5803978098488902 -1.5096393525457465 1.419377151411312
-1.2897862403041485 0.5917979727320408 -0.3875026136510876 4.284381106934646
-0.47130089886369175 -2.2353118379478847 -0.9991258973998937 2.7719826214385583
-2.6623389578325023 -0.6575613627570804 -2.245360472779123 0.782964057024094
-1.9998788442714033 0.9236717461923191 -0.05621336618381079 4.8340139022770545
-1.7815323203635725 2.751740238806477 -0.9542836735864044 4.1897786916910364
-1.1865121996461643 -2.0318979457645323 -1.9393325703405218 1.90220563197344
0.822957143013967 0.9029389760962736 -2.623338440762054 1.5963076902034865
1.091216086603239 -1.9030319013089 -2.8597408806649356 1.4653713675857403
-0.3965568326907367 0.23652218835142094 -1.6839218941821112 2.602162169757603
0.9898305084745763 1.0 0.9423728813559322 0.9932203389830508 1.0 1.0 0.7457627118644068 0.5559322033898305 0.8915254237288136 0.9423728813559322
0.04751074464238954 0.08875436104379557 0.07967343956639189 0.05784161120869279 0.10116884265898857 0.12284811455938041 0.05617996601048234 0.17473942454897654 0.20592127426941007 0.06536222149149229
-----
10
66
0.8
-1.9857968790256741 -1.357263361770498 -2.6197765558200814 1.784958395318463
2.200960934470357 -1.7819047850478298 -2.599840465859158 0.5571730399470061
2.549723775340117 2.2374565048575246 -2.522843318105702 3.1906924358933324
-2.38282507083675 -2.188586127726026 -2.209551689728565 1.7323638130444043
0.361121036473786 -1.6837557026368775 -2.5779602111878512 1.0351198069635916
-0.3758257746546261 -1.8913939857791036 -2.036426847452108 3.4719139398466963
1.7730505240439638 -1.4242090000963412 -2.620684239297363 0.36126515981313645
0.6948299678961803 0.17989488674664922 -2.936819669624257 1.111900482062769
1.8365880285974954 1.8271824831985823 -2.0507442007919012 3.316170686045607
1.124011741157874 1.6803361849014458 -2.688862359455766 1.5618788022131849
0.6949152542372882 0.6983050847457627 0.7627118644067797 0.7118644067796611 0.45084745762711864 0.4440677966101695 0.7728813559322034 0.7830508474576271 0.7084745762711865 0.7423728813559323
0.08782469633767336 0.08447663380445883 0.23116737657955402 0.10699359124071876 0.05447986557852548 0.07572143400937602 0.07392325001267422 0.059065319199026474 0.14415497512659983 0.08219285811139296
