4
10 10 10
10 10 14
5.0 1.5 0.8
-----
10
10
5.0
2.7843147981881033 0.6928174369917648 -2.3616407176375014 2.4866809887333554
2.2424547786886126 -1.6952919223189298 0.11736142906668023 4.521722525859181
1.3140353846755364 2.49661789449266 -0.2201238794187823 3.3564606519256515
0.7182956403397793 -2.113433846493756 -2.2418002118024236 3.4135313997836256
-0.5601658691022116 -2.4190955327351147 -0.908736354464176 0.7113918500363714
-0.018018946614103637 2.367148643292177 0.263996741468548 4.404457800056003
-1.8115918449251556 2.8402245527044183 -2.032212410617062 2.0218162608048083
2.6883953556149924 1.088134326179114 -0.054891845288788765 3.951034089290859
2.4318076363555585 -0.9678242817848348 0.21818596661353062 2.687418487761668
0.48898033641015504 -0.6907773868891214 -1.4239870409082487 2.6382081775013697
1.0 0.3491525423728814 0.4372881355932203 1.0 0.6169491525423729 0.6101694915254237 0.6135593220338984 0.47118644067796606 0.29491525423728815 0.9220338983050848
0.1 0.1 0.1 0.1 0.1 0.1 0.1 0.1 0.1 0.1
-----
10
10
1.5
0.07744356710699418 -0.04801701788465218 -1.7607231463285524 2.811510399331543
1.017047199289241 2.3864576864903633 -2.3059204572117182 1.0117223368865815
0.6574643414476334 -0.8365564286789927 -0.435825650226633 3.0618748857317684
1.9673283517638018 -1.238276037679075 0.06116771690295297 2.277067558136717
1.6737834997054895 -1.587715029915084 -2.072316804258391 3.09475297700874
0.4865192493001107 -0.9873400373229964 -0.8178153239254764 1.5173882781280341
-2.2908006681351134 -1.187511075149218 -1.5390091293370058 1.047196296957791
1.8470491953672004 -2.7088836807861867 -0.26501538771733346 3.844729789711819
1.8715299444980782 2.23695227786534 0.06847852251455055 0.10493354274895461
-0.09114874210993484 1.9370914371442938 -0.24092114113952162 2.263278759829105
0.952542372881356 0.6474576271186441 0.5864406779661017 0.3525423728813559 0.9966101694915255 0.6610169491525424 0.16271186440677965 0.559322033898305 0.5966101694915255 0.5898305084745763
0.05882080721538855 0.13795538974567267 0.04683868204652075 0.05640651745558547 0.06325055249585174 0.06915565577727006 0.15758490271901363 0.05789187091083513 0.28467604353261206 0.06741957810124986
-----
10
14
0.8
2.7966691234783307 -1.6613644175170426 -0.1650604031312143 1.1150806848349821
-2.2170436895344694 -2.713671849148507 -0.6196648014039613 3.621754492526743
0.36453137592366885 -2.9991241952569854 -0.038194954470821996 2.50016890795011
-1.0198802188295284 2.3492825890516045 -1.0775581476784255 4.007172261240737
-0.7693587931771773 1.9007441320233402 0.36257544988911666 2.7300246878482923
1.7127665020553535 1.0459072187282472 -1.0536315769540752 0.965835203700633
-1.9969375581281352 2.7739548853992373 -2.804697201899668 0.6046991830180244
-1.16322549850053 1.5140317552913176 -0.10808585092120568 1.4031728556806167
-0.20907966663960575 -1.597603266329524 -0.36691538755819453 1.0848935302138427
-0.7489650117166684 0.18696608854993446 -0.995637592311649 4.338565197244073
0.4033898305084746 0.5864406779661017 0.3966101694915254 0.6101694915254237 0.6135593220338984 0.6745762711864407 0.6067796610169491 0.6135593220338984 0.4271186440677966 0.4101694915254237
0.05698109904058202 0.200083634165143 0.07510031702783815 0.161538508081336 0.08293504189608555 0.02661049950660356 0.16707502859542897 0.054225499348388516 0.05070045704589141 0.12474991529270278
