4
10 10 10
10 10 34
5.0 1.5 0.8
-----
10
10
5.0
-2.4612143141075253 -2.553237087826522 -1.091123667651026 3.910068693189823
1.996220895881585 1.2693070021418826 -0.37344834724785425 4.367520554624738
-0.08674316070228194 -2.413376124841276 -2.992403363586481 1.393204642526773
2.453596380526962 -0.822928699586079 -1.0665725508743495 3.9426985706376074
2.0457910524267167 -2.3088078872171702 0.2748750423093589 2.872730906940988
2.08670404190911 2.2326599210698888 -1.7443999415542746 1.2786684225298561
0.3650424362905653 -1.3996419257651507 0.14939168160020833 1.100588367377836
-2.9176787977646437 1.6290992003936733 -0.8314742093975318 1.732508705793454
2.4397042293459172 0.7164557521505759 -2.4752128708500063 0.11448681399292227
-1.039052577368222 2.8298743150115193 -1.756468474892738 1.1760337914958208
0.7457627118644068 0.9016949152542373 0.9864406779661017 0.752542372881356 0.9457627118644069 0.840677966101695 0.9661016949152542 0.9830508474576272 0.847457627118644 0.9796610169491525
0.1 0.1 0.1 0.1 0.1 0.1 0.1 0.1 0.1 0.1
-----
10
10
1.5
-0.18486953830284436 -1.9739987466630327 -1.5642880751357724 0.3358785762426143
-1.4447843294307914 -2.6982732682129846 -1.2580416891770392 3.636448356829581
2.226874252853338 -1.2918797359593297 -2.816043869315383 0.7033819474685541
2.973935081601387 -0.1296915174334291 -2.637110129394429 0.3037121412038517
-1.5178701671102006 -0.4530376205543529 -0.15880613806879929 2.1907790229355317
2.367338592942323 -2.5552452526790628 -2.095592237273716 0.7111261876155448
2.030320558863489 1.6340956772075708 -0.6084951976499593 2.4609811968809763
-0.629246951868482 2.7734386111161076 -2.6891462402354347 3.959043313710695
1.1445958953817 -2.7995938173772412 -1.077079866470934 4.078519380900055
0.7886973858128474 2.811396016333052 -1.4274399111307476 4.294462005119796
0.9220338983050848 0.7084745762711864 0.7389830508474576 0.6 0.9627118644067797 0.6711864406779662 0.9152542372881356 0.9525423728813559 0.7491525423728814 0.9559322033898305
0.08864721744490833 0.09266834166591528 0.09074612323371188 0.0897397022544592 0.07799486858488118 0.10207113152079825 0.071521270794256 0.17797784104412329 0.08993946145312001 0.11869404200382666
-----
10
34
0.8
1.4219207800020008 -1.0445844237470965 -1.6051696127947426 2.111996437905196
2.4886128939675256 -2.900360050314526 -1.3046400527489475 4.4304140709674975
1.136637548793994 0.2481500255857414 -2.7019619832246975 1.2204526658937045
1.107646627810707 1.6329477180059384 -2.1501830967277606 3.6908131896524994
0.9157784810913907 -0.5751014537109782 -1.1269674186079262 2.8779459057231014
2.0562503261119693 1.0117590798347105 -2.406503394776378 2.053572464453958
-1.882556765548415 -1.351383502901699 -2.389967951003037 1.5216626842974115
0.02023259421643464 -2.0299954610535984 -2.108048480871071 4.6526080706317146
0.35554457116129745 0.04571458700126252 -2.23759752022485 2.4655643650295636
2.242022722614583 1.5014284643600413 -1.9735093618035702 1.9132322002689015
0.6813559322033897 0.6372881355932203 0.7932203389830509 0.5796610169491525 0.7661016949152543 0.7186440677966102 0.5559322033898305 0.7932203389830509 0.5593220338983051 0.5254237288135594
0.07313307980953275 0.16294993383115935 0.07741140654582253 0.0843281223185825 0.08388724884280933 0.07971918446212699 0.15071227811110538 0.12632690029600094 0.07562052567437022 0.08591132010848997
