4
100 100 100
100 100 571
5.0 1.5 0.8
-----
100
100
5.0
1.571260805592063 -2.2672892608188078 -0.9076921445692845 3.1684882974883912
1.910892509922121 -0.07606300124585985 -1.2586327774315853 4.01501128862051
-1.6339101650795986 -1.4960901371574278 -0.20838705456888684 0.7212666142384938
-0.9472544910642577 0.43528528931221677 -2.296037814089088 2.078201444702933
-0.26377115581359156 2.4701046916485545 -2.5776414832072714 2.264986487313835
-1.6143387540274166 0.6522932626526607 -2.856876905363191 1.5481342962144307
-1.746175680950207 -2.5953505228715277 -0.09942131678983568 2.7283945228230677
-0.13750220145273762 -0.0040837172964853785 -1.758257671254352 4.741112301005596
-1.8404727323312349 2.522100087447056 -2.8905118248579544 2.8511124141102395
2.5353908359302064 -1.985745721593228 0.0068259401723103075 2.5578665293118563
0.44333377975478383 0.8771690584797986 -0.44292430206915334 3.189238912611824
-1.7060346342749 -0.6955624361948023 -2.427333235863797 1.812456257374987
-1.6146040590977893 -1.8479887338804697 -0.8453128338630682 2.7432942209403155
-0.6806745190949557 2.8492754956354407 -1.2713539727576761 2.7387557893476675
-0.04538580457843677 2.8881917853062973 -2.3169702561259378 4.175113082453166
-1.1458707206925052 -2.7312042500624822 -1.2344267633731043 0.3150664402986636
0.5876512924933919 1.6442851324360328 -1.125666835302476 0.1257550169002708
0.09283103784013447 -0.746471697217991 -1.8199354459832509 3.9104760559957805
-1.5130643239093629 -0.7000073352419767 -0.11919225261206368 0.5438201735685022
-2.595927929358699 2.697324337671759 -1.2679396505519567 0.41402453829174957
1.4951007702806187 2.352732954693085 -0.029797954683745687 1.8714724207356337
1.0443047176180924 -1.973206122023588 -0.46053046723288515 1.5390600486096795
2.417914206896418 -2.5277716066336873 -1.11353216869423 0.7868763600396311
1.8808083923347505 0.4516498814636498 -2.015310568580933 4.601042058832725
2.3656499001426585 2.2074592459287024 -2.704318211205152 2.1082431008420577
-2.5342622388861162 -2.4407249120093018 -0.6815162366172984 2.0103961151780614
-2.9908319754667647 1.0393809953981847 0.026899232623936342 2.468415392427109
2.522287271323229 1.3577317266785007 -1.239070917908718 3.802504195134847
-2.705261914827383 1.0311027632423517 0.47023738885787436 3.3401883869788707
2.7158556555569184 -0.6485842245759628 -1.341180197033086 1.339778727119666
0.17708843139779828 -2.40640553609073 -1.7143303454097707 3.0875616769338867
0.13583852750417602 0.9916833916927672 -2.4843266357757194 0.6176014419944176
0.4715050080616421 1.1360614289440782 -0.9178195630939241 1.6170747258522722
0.6071561180068139 -0.9545874971809307 -1.1092827544964676 2.027019125169014
-2.4836754891559845 -1.7781168977478017 -1.408851227441696 2.073696537443477
-2.1098102062751978 -2.496065933233061 -1.503277345201217 2.2708813365803673
0.05360324264199168 -1.1046991742701104 -0.4738391288560053 3.676138524845686
1.7227671787998338 0.1364479582660607 -2.743669117069639 2.769538863169958
1.5104398322768127 1.1658703091230915 -1.1985657662840166 3.041470589075005
-0.5033872486352138 -1.6112700599696428 -1.5458701962916113 1.9238877247856334
-1.3126330524020466 -0.5881316782639265 -2.515663579396537 3.36486365911723
-2.7405869640433838 -1.368162666519606 0.47123993376987494 3.2230063660376107
1.5649909961706534 0.47107228562185766 -2.7862408438131414 2.894464039244663
0.4096950079149755 0.06349282641925758 -2.6780633971434282 0.3163663676658979
-1.2632653085817367 0.4969164936397732 -0.10111557820816452 0.4000882059969446
2.8571208765688034 -0.9523227358443003 -0.5337162307656609 3.9164481729658362
-0.02175924402557694 -1.5067738085222833 -1.4076927187964605 2.4504232385075486
2.188398976155459 0.11554462006816957 -1.2784412136663295 1.6219172136908866
2.716943499020294 0.5108680365518015 -1.0647989505095876 1.1640152176848617
-2.5058851010089196 -0.3483667882369619 -0.03905011063794506 0.5411551169752093
-0.8745194407742733 2.9618673533616633 -1.5265670923151644 2.6507914608807503
-1.3247896251415376 -2.4705340579170976 -0.5769947007470431 4.0025153401263545
2.267933988555482 -2.5699002105110167 -1.1236258710395548 2.420889041074188
1.9371110297340017 -2.999940312715332 -1.743306088631086 1.5466470210204453
-1.7819345406127423 -0.246820309746568 -2.0587674919480223 0.7818471298173524
2.9844046231686807 2.363010369757017 -1.15533296110034 0.9372357608493342
-1.4542759956633886 2.815604738229064 0.13214174812566837 1.8724916373201428
-0.020292407182934014 -1.2334459898235814 -0.4631557630988987 1.4400367847788043
-2.570790632700951 -1.749939204458879 -1.0081346757912066 0.305614061430427
0.5607500049261387 -0.67304981054968 -0.08462146798076198 0.5937337686519228
2.1226495861040284 0.8025702120787006 -1.8538973975796256 3.287890905964359
2.973232201245481 -1.2404398859439056 -1.4763089301286527 1.982701433016284
2.1503449992113195 2.15804800702257 0.44422901449236063 2.7543877759659896
-0.5804849051802972 0.9687291744832152 -2.7758251299525627 0.015718147642175273
1.6205814165724757 -2.63689455464214 -2.7008847161661818 2.129434366641191
0.2964504510949091 1.486193982226422 -2.177164821945498 4.261546471892616
2.294899830759144 -2.5607604752578186 -2.9952569007347587 0.5624436254030474
2.301158774082401 0.314291403398967 -2.1684582370993617 3.9298367552198954
0.940958264070328 2.1948992190294536 -0.10859952792361627 3.1752866598163054
-2.8041959417161406 2.11457633627513 0.017774332716753882 0.7434410294813021
2.4662937430908176 -0.7100934607848157 -1.160245541107572 1.7605461854495186
-0.2929812552697144 -2.026583400361574 -2.5732576772553486 4.0728507690414055
-0.48841835619572826 2.265857818783548 -0.7186186112760646 3.6002993429102528
-0.3232814486050395 1.5124372652380416 0.23507389729577755 4.119051593403144
-0.8214210486032192 2.8488564193630888 -1.1870439983708665 3.7940593042552084
-1.8362689744811362 0.4975659977000335 -2.3894131810093433 1.7134953599602643
-2.8310244831579463 -0.47799509960895303 0.42091118654893833 2.9830981771965392
2.743045969325416 -0.45112930787740524 -0.64978440337838 3.327045070667692
-0.6301205229023461 0.7703250672793347 0.35167500410062713 0.6301836710017961
0.9170972275789135 0.23102453097634745 0.3500339123648808 4.983809824236927
-1.0978910188881454 2.14826535250421 -0.06880047363205932 4.6240067215245775
-1.7125986392060457 -0.5923078623295015 -1.598692950215023 2.555571170127504
2.765455936799567 2.7138888148390388 -2.121991000271274 4.8466619461536595
1.697610109646174 -0.6626102389437265 -1.7872855854178706 4.472984265080121
0.79371763358257 -1.3975114894550726 -1.6624530347156383 4.235060712979742
-1.7743835613024999 -1.8947703095839827 -1.6487460973194614 4.824080526067326
0.8796892266161933 -1.6071132805363795 -1.8832101415832438 3.3504532180953603
-2.914918016581029 2.694329195348036 0.4855215053853361 4.6231614916830255
-1.988237626246466 2.253174699598329 -0.7759784164259731 2.881301994858937
1.0641652314348828 2.69941810249839 -1.9472587763596798 2.6598394725925587
2.3587707357189416 -1.9411433823260449 -2.1897360668152785 2.6013184101842257
-2.06098055401599 -2.274289818594374 -1.7105798972088517 0.885148842582254
-2.9862116743320906 -2.538561094693909 -2.953118295582041 4.606259542773207
0.7376916975909524 1.608423726266052 -2.3865371930670207 3.787686843329914
1.6888921010049511 -2.1905553310341324 -1.738163577082843 4.297254969073459
-2.6596187814257974 -1.2186050981446028 -0.21025804489960276 3.615775246650237
2.990389173130856 1.9243954606053908 -2.229068279574462 1.80710372617796
2.178970069160247 -0.4550571398315668 0.43184706503088366 2.5062254727141275
-1.4750339474256466 -1.1404008945265005 -2.056352076501869 0.5787364087803637
-2.6766914761916025 -2.4062181824340185 0.4943336708867898 2.7332354079039356
0.9796610169491525 0.9152542372881356 0.9966101694915255 0.9864406779661017 0.9966101694915255 0.9966101694915255 0.9966101694915255 0.8101694915254237 0.9966101694915255 0.9966101694915255 0.9966101694915255 0.9491525423728814 0.9864406779661018 0.9966101694915255 0.9966101694915255 0.9966101694915255 0.9966101694915255 0.5050847457627119 0.9966101694915255 0.9966101694915255 0.9966101694915255 0.9966101694915255 0.9966101694915255 0.30508474576271183 0.5627118644067797 0.9966101694915255 0.9966101694915255 0.9423728813559322 0.9966101694915255 0.9796610169491525 0.7152542372881356 0.9864406779661017 0.9966101694915255 0.9864406779661017 0.9864406779661017 0.9423728813559322 0.9898305084745763 0.9559322033898305 0.9796610169491525 0.9423728813559322 0.6576271186440678 0.9966101694915255 0.9559322033898305 0.8881355932203391 0.9966101694915255 0.9898305084745763 0.9457627118644067 0.9796610169491525 0.9898305084745763 0.9966101694915255 0.9966101694915255 0.9864406779661018 0.9796610169491525 0.9016949152542373 0.9966101694915255 0.9898305084745763 0.9966101694915255 0.9966101694915255 0.9966101694915255 0.9966101694915255 0.535593220338983 0.9491525423728814 0.9966101694915255 0.9966101694915255 0.8406779661016949 0.9694915254237289 0.5254237288135594 0.48135593220338985 0.9966101694915255 0.9966101694915255 0.9830508474576272 0.9491525423728814 0.9966101694915255 0.9966101694915255 0.9966101694915255 0.9966101694915255 0.9966101694915255 0.9864406779661018 0.9966101694915255 0.9966101694915255 0.9966101694915255 0.9864406779661018 0.31864406779661025 0.4237288135593221 0.6067796610169491 0.7355932203389831 0.4576271186440678 0.9966101694915255 0.9966101694915255 0.9966101694915255 0.2542372881355932 0.9796610169491525 0.4847457627118644 0.8338983050847458 0.4915254237288135 0.9966101694915255 0.44067796610169496 0.9966101694915255 0.9864406779661017 0.9966101694915255
0.009999999999999997 0.009999999999999997 0.009999999999999997 0.009999999999999997 0.009999999999999997 0.009999999999999997 0.009999999999999997 0.009999999999999997 0.009999999999999997 0.009999999999999997 0.009999999999999997 0.009999999999999997 0.009999999999999997 0.009999999999999997 0.009999999999999997 0.009999999999999997 0.009999999999999997 0.009999999999999997 0.009999999999999997 0.009999999999999997 0.009999999999999997 0.009999999999999997 0.009999999999999997 0.009999999999999997 0.009999999999999997 0.009999999999999997 0.009999999999999997 0.009999999999999997 0.009999999999999997 0.009999999999999997 0.009999999999999997 0.009999999999999997 0.009999999999999997 0.009999999999999997 0.009999999999999997 0.009999999999999997 0.009999999999999997 0.009999999999999997 0.009999999999999997 0.009999999999999997 0.009999999999999997 0.009999999999999997 0.009999999999999997 0.009999999999999997 0.009999999999999997 0.009999999999999997 0.009999999999999997 0.009999999999999997 0.009999999999999997 0.009999999999999997 0.009999999999999997 0.009999999999999997 0.009999999999999997 0.009999999999999997 0.009999999999999997 0.009999999999999997 0.009999999999999997 0.009999999999999997 0.009999999999999997 0.009999999999999997 0.009999999999999997 0.009999999999999997 0.009999999999999997 0.009999999999999997 0.009999999999999997 0.009999999999999997 0.009999999999999997 0.009999999999999997 0.009999999999999997 0.009999999999999997 0.009999999999999997 0.009999999999999997 0.009999999999999997 0.009999999999999997 0.009999999999999997 0.009999999999999997 0.009999999999999997 0.009999999999999997 0.009999999999999997 0.009999999999999997 0.009999999999999997 0.009999999999999997 0.009999999999999997 0.009999999999999997 0.009999999999999997 0.009999999999999997 0.009999999999999997 0.009999999999999997 0.009999999999999997 0.009999999999999997 0.009999999999999997 0.009999999999999997 0.009999999999999997 0.009999999999999997 0.009999999999999997 0.009999999999999997 0.009999999999999997 0.009999999999999997 0.009999999999999997 0.009999999999999997
-----
100
100
1.5
-0.4640387170752558 -1.5235893961979108 -1.7590473580434711 4.281956608613034
-0.7294329027022988 -0.028989112788816662 -0.3352422454557136 1.879085304275673
-0.6101423129707049 1.882618920213749 -0.7520624794339249 4.12424221828869
-0.7994062499191805 0.5864393385902531 -1.336888830812384 1.4772226384656895
2.6013939475825345 2.469713009131701 -2.9865136249346174 1.3099026857323428
1.1755427772738987 2.308977145253849 -1.9317628748796931 2.449145351107039
1.5709193695886279 -0.7876998662954251 0.05207111898111738 0.2937461601586957
-0.142192517453553 -2.7552161081235056 -2.353616682444952 4.113022658414039
1.5614147717592401 2.271718326742524 -0.24555016508291383 0.5266370532196287
-0.06602714994935355 1.644491932452744 -1.7628203403204912 4.764293955294243
-1.9633940723189487 -1.0710869750673107 0.4772214159638595 0.8320841147443362
-1.6571701660576967 -0.8985943771834735 -0.9443742353958383 3.4417019592147025
1.7731226097211215 -1.8147687831066364 0.22086254979343178 2.455829095613055
-1.3391345254247895 -0.6478478220178421 -2.135595253295194 2.43628656688184
0.9137918072546022 0.05435658584526504 -2.7787485079211267 4.914601405428048
-0.33962254176533946 -2.465893015592348 -0.8136336993499587 1.597899616174383
-2.21368968500307 0.6097860454536721 -1.577252470218997 2.658868835701546
-2.671875059281977 2.034963459624418 0.06807993523241285 0.37752092015097216
0.3284522961843077 -0.008916692980871499 -0.45801262553292604 3.494219518146316
2.831913216469706 1.2262887107065985 -1.172737122702602 2.3899945649158703
1.1787948686909178 0.8569235391466157 0.4229238512764959 2.643513399394368
2.573748109157208 -0.8275094463907902 -0.49941926501718603 3.2560736584828707
0.3031529575831875 0.9482362795722659 -0.38210091027814774 2.628993830301959
-0.7995275586251172 -2.1280978961858668 -0.43383396504136523 2.9360186101672836
-0.11034593388294456 0.23115992846271194 -0.9634784907397078 3.0644586015282087
-0.24697156597709613 -0.8244597436736161 -1.0706000725180198 3.189100187401167
-1.7438830589468828 1.791535552111397 0.14260961101086878 3.540818269421122
1.6713371152206076 0.7981640425238592 -1.7308998212292968 2.04639076090977
2.4682984617528048 0.17444181362051792 -0.03640865883163552 2.707624223071247
-2.1556626101228873 -2.2640571096989746 -0.8839950927040667 2.6397201046850194
1.8490469720150076 1.7722996280970489 -1.8908598255753462 0.6601925322250258
0.5784857054478962 -2.771312695706382 -1.377210808289299 1.8435424248021315
-1.227914818825373 1.982332282679798 -1.332061033258495 2.953886655222561
-2.433628350733327 -0.41995581335469057 -0.28988033648810596 3.1026906465976003
-1.6760355981210961 -0.20172645594254246 -1.4046304151359492 2.09659652409732
1.3212043570277112 -1.7680024190852657 -0.4868608045400358 4.68120940728957
0.782808484551293 1.3142647935200573 -0.7220234914724157 0.5829176424075494
1.7076633772110208 1.0466346565168583 -0.7368006187616944 1.109878493777277
2.135430634793021 0.1849089763894075 -1.2524107844361447 0.3467188414444571
-0.27442911439870477 2.1661629514741447 -2.2786779230013363 0.7355015859701401
-0.12290498732125998 -0.7924591765191751 -0.0330790723163513 1.3106619582654417
0.8809764674101019 1.4620050682932713 -1.3280654875036446 2.5839277552509743
-0.5039287581700893 -1.787837456147671 -0.13958410878871041 0.7648872461188247
-1.8833670025371296 -1.8907069947829682 -0.3167327509100746 1.8356479404532298
-0.34250919405911184 2.33683377677081 -1.2899984718578528 4.301651502607009
-2.609292467990607 2.8129934842010957 0.11894262495152352 0.09396686309528601
2.69071843601421 -2.9088773323113704 -2.849260659806629 1.961786896751946
2.8946892311173578 1.269000863859635 -1.1273002126041367 2.43328845471338
-2.411241077883162 -0.8470606134000875 -1.431232947784329 3.7582206396751805
0.14957919930968866 -2.393627416636112 -2.2886653547577818 3.161495654827495
-1.5615535260965263 -1.3203567624401475 -1.1910861656870102 2.872461248578993
-1.5146184367096294 -2.0832521822749688 -1.397490078101138 4.434919562055271
2.644207762882937 0.14356206722997644 -1.7810620974303562 1.468203071575645
-0.025178964166704287 2.271644464649058 -0.04590247071781206 4.40362727580216
0.09891837621867339 -0.19962202426364606 -0.3316948078736325 2.62751128943182
-0.3655431193835512 -1.3240530805123831 -1.9398241414805224 0.9148844491637573
-0.9625412164218403 -0.48357501246378387 -0.5393333970702221 0.6124520757204326
-1.9411351289786916 2.887808104633466 0.34666283191832353 1.2828767685721023
1.0314468740335783 -0.7323079287632628 -1.4960530470019475 3.737036926581687
0.2937726846290823 -2.0769755006017325 -1.3315709194774812 2.078790515729602
-0.17342616154484913 2.4506534702794838 -0.34895053460364445 4.534067408822404
-0.06535219960144478 -1.4368779866958339 -2.592496398440857 4.138823826466977
-2.1840541907078213 0.045142771635248824 -0.26982599336198254 4.1987216518069514
2.976325152149185 0.6517371440175426 0.2887527267078407 3.486336461041992
-1.2492037582735191 0.09387947728325052 -2.1421599855348994 2.712797849473388
1.7714885029707257 -0.3170241916526293 -1.510231107647307 2.579588577813496
0.06169133405957217 1.824875341632169 0.1913508494053835 2.7283907449020615
2.4031410717767194 2.0256058602996307 -2.7135622963636528 4.403118922727464
0.34434812909018997 -0.22608023802597277 -1.3146998599544473 1.0194174975196324
2.5229658944405617 2.149588113471044 -1.925979475040212 2.0286934488561483
-2.157208990075584 1.0119652273536945 -1.3307622319819776 2.3380287176676946
0.19022433319026893 -0.9140161997199889 -1.545080767104951 0.7335372370883422
-1.7117056187681052 -0.44717681057396286 -1.7916726145949184 4.832518840623038
-1.517755762154862 0.7262485854696232 -1.6979302101553573 2.764636879598358
-0.4277798659480103 0.16498681454656605 -0.6855585799907729 1.2201694840936543
-1.4590722662233284 0.797503861470489 -1.8756650296753097 0.7140533808726772
1.3087972914265396 1.079046763043361 -0.1278306964806391 1.6993560885757564
-1.065441085426761 0.7275609394005098 -1.198437319798378 0.6736318626361247
2.897573619788476 0.8601442658466327 -2.8851989532534543 0.39540349607893754
-0.5033622382325447 -0.267275340595851 -1.184335391285379 0.6859314603819457
1.235866494949308 1.0709419948500079 -0.5077771034238887 2.4036409010087487
1.2568780611950277 -0.21871672830601918 0.43024604082744844 1.8784630205289032
-2.929164387583205 0.6209530914044028 -2.137967035682526 1.956010036051864
-0.9377124925926619 -1.255167979695408 -2.4409865683616285 3.9410671064328375
1.9045532504620257 1.667869614881217 -1.6966341612264693 4.828244571035206
-0.7229933569043867 1.4927145230713366 -2.2883710172733043 2.2109052209870255
-0.44567632629079174 1.851554950831583 -2.860461789321446 2.9412363852843315
2.901462535663794 -2.043928539460391 -2.074556445396835 1.7256797360996
2.7774843375851788 0.6430919051723614 -2.009377123942711 1.910267879510496
-0.8673286484932923 -0.38138419249349464 -0.44366492140195657 3.2458951318417255
1.6357959152423263 -2.003076513928276 -2.761095097226983 1.2640733197856369
-1.550217956497079 -0.8983371058984373 -0.003996341425654082 0.7013259375414052
2.807905407933631 1.4136070473556215 -1.6143068594546826 0.25434999007007963
1.043297826835024 2.3731812696850203 -2.4503013484851524 3.4777211157587518
-0.7453879729969936 1.8692070633559665 -0.9609935727902086 4.403388559951275
-2.9394476973337405 2.6166579524794287 -1.4410315442270527 2.1650065501489077
2.5029985460152324 1.42982923361341 -0.9315498938850573 4.777820828555516
-0.09795421817920547 -2.6628701190706683 -1.4488653001179952 3.9009525159634126
-2.110121360122763 -2.262661105501908 -2.19961605458404 0.015703154237245
1.4041317819473882 -2.2340317376358945 -2.530495255748612 4.780123910398472
0.5084745762711864 0.9966101694915255 0.9966101694915255 0.9966101694915255 0.6983050847457627 0.9898305084745763 0.9966101694915255 0.7661016949152543 0.9966101694915255 0.9966101694915255 0.9966101694915255 0.9898305084745763 0.9966101694915255 0.9423728813559322 0.9898305084745763 0.9898305084745763 0.9966101694915255 0.9966101694915255 0.9966101694915255 0.9796610169491525 0.9966101694915255 0.9898305084745763 0.9966101694915255 0.993220338983051 0.9898305084745763 0.9796610169491525 0.9966101694915255 0.8677966101694916 0.9966101694915255 0.9864406779661017 0.9830508474576272 0.9694915254237289 0.9966101694915255 0.9966101694915255 0.9966101694915255 0.9864406779661018 0.9966101694915255 0.9966101694915255 0.9966101694915255 0.9966101694915255 0.9966101694915255 0.9898305084745763 0.9966101694915255 0.9966101694915255 0.9966101694915255 0.9966101694915255 0.9355932203389831 0.9796610169491525 0.9898305084745763 0.511864406779661 0.9830508474576272 0.8338983050847458 0.8949152542372881 0.9966101694915255 0.9966101694915255 0.9355932203389831 0.9966101694915255 0.9966101694915255 0.8169491525423729 0.9661016949152543 0.9966101694915255 0.9559322033898305 0.9966101694915255 0.9966101694915255 0.9864406779661017 0.9050847457627118 0.9966101694915255 0.9559322033898305 0.9898305084745763 0.8135593220338984 0.9966101694915255 0.9864406779661017 0.9796610169491525 0.9966101694915255 0.9966101694915255 0.9966101694915255 0.9966101694915255 0.9966101694915255 0.4610169491525423 0.9966101694915255 0.9966101694915255 0.9966101694915255 0.9966101694915255 0.6135593220338983 0.728813559322034 0.9966101694915255 0.9898305084745763 0.5966101694915255 0.6542372881355933 0.9966101694915255 0.6745762711864407 0.9966101694915255 0.9966101694915255 0.9661016949152542 0.9966101694915255 0.9966101694915255 0.9694915254237289 0.8237288135593221 0.9966101694915255 0.9559322033898305
0.008859319520031305 0.0069915206537831225 0.009034491549818648 0.0068894579947603625 0.017801629082103386 0.008514588890257059 0.013388991170857342 0.012006833517728192 0.014475301119491734 0.010398811493240729 0.012350122964471041 0.007566539952233339 0.011035994225079332 0.0074836778751608945 0.013006357407788419 0.008228882296592107 0.008038068437819465 0.016237527131481584 0.007086394990072175 0.008807613778488406 0.010076104496158549 0.009028891498245598 0.007044587525602743 0.008124221261786937 0.006247543964998234 0.006398418018390887 0.010432716691925796 0.0071128350827316085 0.009754382764313691 0.008853022198489333 0.011363351765833998 0.008448764199710792 0.008038213100576657 0.008620681312544046 0.006927358377250403 0.011862625805937322 0.009691276071119725 0.008925579867248167 0.010708948505402223 0.011491114628773917 0.008323362341894843 0.006819625906911809 0.009963667085040668 0.008708097828570365 0.009890519543757068 0.021733823520321455 0.015779924077979565 0.009001958157040123 0.009329834636564954 0.009033828099115793 0.00717341885301505 0.010890458667658403 0.008773653488768218 0.011837215473293201 0.006758772761102003 0.00820173872352101 0.008552868538821467 0.015551750444713686 0.006995274591354292 0.00710242227491653 0.011780874727660446 0.010258135875272363 0.010241102350076707 0.013841473935160822 0.007422906807994527 0.006623111518153392 0.00937169700456012 0.014528301313275154 0.00712985699154867 0.010219345321743345 0.007983809930756107 0.007853259913179273 0.011577188503749036 0.007304429155072207 0.007161574875484116 0.009311801239865802 0.008863482486720805 0.008409112406019758 0.01815076405484483 0.007756278457137956 0.007383735547392683 0.010261409025007757 0.010849801130079268 0.009661310499325663 0.01141181534447195 0.008186982376781952 0.010505152462412742 0.010782254659085416 0.008968017318257011 0.007051033776595175 0.011602736096908024 0.010044161091171854 0.014516674789364043 0.010095448370998199 0.00966781346118158 0.012914475197670226 0.012371599510187547 0.009490264510925871 0.015917278468035777 0.014754553293212003
-----
100
571
0.8
1.77690837721503 0.8987084788968309 -2.156402554440611 3.4448278524909375
0.9843906543430438 -0.06040506910089993 -2.6239957416834283 1.6323081065598648
1.7253254275716556 2.042166984499568 -2.8559282001726554 3.5957618352327003
2.142942067027101 2.990869292972345 -2.607684765983112 4.941486117779316
-0.046480602122548564 -0.7304301233133121 -2.586366752153222 1.0107383659183922
0.7223508204263706 -1.6857941707488022 -2.011737857177033 4.235074248247553
0.5458862742632373 -0.27373545688057954 -2.1030239569436233 3.001519801045818
2.013217825459558 0.5500106310731527 -1.7263644727239744 3.5386507370139033
-1.3953878018965273 -1.7299748288115773 -2.3774529104389996 1.9233267452514728
1.6235317675238572 -0.3845450522277529 -2.468512502936903 2.1355861857500495
0.5104488804684901 0.413112328597261 -2.304647359595581 2.2634436468603925
-0.3723152185104073 -2.8478849741072714 -1.8767903305300995 4.1686128592189675
2.1224662030030843 -1.7285581095936933 -1.8159650769063536 3.2921431298665045
1.806386648109184 -0.9909623198568487 -1.5930771596857904 3.924901899541859
-2.204103820966041 -2.0293521028755537 -2.1809172449574454 3.5482025179937526
0.5878381368787691 -1.8519968238015982 -2.454283780882241 0.7516213807472869
0.06295692463209313 -0.18576810217000306 -1.8245479595107013 4.97512316383185
1.5325798348780606 -2.168385833644329 -2.7117295469752025 1.349535918802697
-0.22025995105804397 -2.0953950915978967 -1.6024890128122777 3.1839602756401253
-0.03934888744886386 -1.8660355939340394 -2.538666139994427 2.0673017496013903
0.09560505560536847 -2.3414934097658087 -2.2183394681737063 2.051051386459067
-0.3657494933283333 -0.8868982657084266 -2.666432202301068 2.0187728087504597
-1.7661228889013794 -2.2709050256199976 -2.969502269068937 0.4381854397808729
0.5772872469154209 -1.227733428904682 -2.7048242286265403 0.5026329124853959
1.3484943783029781 1.5995701894776448 -2.1602213604506897 2.9236465004499137
0.9953848276027797 0.48214969873906 -1.8450363413745718 3.7756277175829607
0.5977609729800628 -0.5766719301363319 -1.7703741273222964 4.040172939156172
1.6808155845573785 0.15815214374414 -1.907965952148744 2.2808661212796064
0.22569736359857706 -0.9585126657262637 -2.1299224232258593 1.5465343826578777
2.1588052015599635 1.1028289047948667 -2.096390181483079 4.083174540599304
2.072142457511463 -2.522728766049189 -1.5716763484385567 4.822256576348964
2.641517758383385 1.6009060191894786 -2.3795677736776333 0.8847817820471988
-2.0737789979534638 -2.7494731793501614 -1.5190462126409996 4.176678922939674
0.30281696406757064 -2.607436448706845 -2.3218904351798617 3.475451192855215
-0.3327821555092243 -1.5451048677764407 -2.0213294179953363 3.9774522647113684
0.7743914207270709 -0.9759779490430316 -2.095300529449699 2.472175271470864
-0.7094687725764577 -2.780799428911492 -2.1531095020279536 2.939202555463635
-0.7775549304933598 -2.7016798555019914 -2.7544846936286547 0.7769586559990853
1.7255279752907602 2.726790766737944 -2.545837360381491 4.557903193302464
0.5259912029088802 -0.09978425559368453 -2.8186501912235506 0.856547160438716
1.5941150720812067 -0.4139646313389793 -2.4687140887816925 3.1656674541597107
2.75583799789669 2.6889103210377368 -2.4964665841197187 3.638476626940637
2.979195042957767 1.4216571433110414 -2.3923103074912158 0.9940633331188482
0.5724706305817547 -2.748034302257862 -1.9368472391790188 2.8073082970038215
-1.2533816045393822 -2.6440028812368706 -2.453964158184789 2.821017206157034
-0.4520226169769339 -1.3138761197079447 -2.7299446903947877 1.2000903937295226
2.0385029133669095 -0.08965853077185981 -1.7601439330938518 2.420107155052424
0.48982417352149765 -0.7596942062547292 -2.2380891390028865 4.070021288939711
-1.8926390794187504 -2.1165648128593313 -2.3169613219545555 3.5758628148004243
0.5481428618378925 -0.7343390064590829 -2.0276625713208603 2.7221591283695963
-0.39950033815864394 -0.6901356335655204 -2.04205306218128 4.205931275153341
-1.6996026682194891 -0.8853356883432516 -2.705366331357086 3.364064823601974
0.753065259755401 -2.002232073850462 -2.366026109286879 3.13718917680502
2.4882482646470834 -0.4264355123722543 -2.176228517198328 2.0283900972641593
2.5054598718326355 -2.7645508650173145 -2.049212211923088 4.07585538352718
2.727508427972748 -0.7121870814557096 -1.5706289931945585 3.646262349999011
1.7334318104748248 1.041293016218677 -2.4100284562900267 2.5183498101086252
1.3080243957621358 -0.040539287914161726 -2.807434343279003 0.8970869808017207
2.5882779106881193 -2.2854513530379736 -2.3924820693305104 3.3813308215367464
-2.497481748647658 -1.674235154759112 -2.5204520663922154 2.3063618962098547
1.5883969545780297 -2.7151937250880036 -2.489619796038369 2.0151332965279707
2.5025147386024873 -1.3002715447082298 -1.8530473741624973 1.9623171895213887
1.7750582083740079 2.8282116132543007 -2.93676114082143 3.8116206036288944
-2.4949247499254255 -2.8233776334412117 -1.8378698173085604 2.108834231233932
2.7093283175482252 2.0175327854753915 -2.0411658816391456 4.787227939047114
0.5321063407359848 -1.5164138025091507 -1.697340180790208 4.921176178133566
2.255396017178657 2.477325069409723 -2.8752531396925463 1.5705828247792195
1.6127823584101348 -2.9354580353707163 -2.2450447350212763 3.563954521408036
1.793220454595368 -0.44457538224814175 -1.807769348454468 4.780249960446677
1.5684596577367633 0.06681970206022259 -1.7016128166968894 2.9552685579400255
0.5466901251806726 -2.6858930024670755 -2.7392777613357935 1.6245040957574404
0.5908471498186767 -2.07802409494459 -1.8865857406290367 3.368290540141478
-1.6816295073434713 -1.2747780314155004 -2.410945289653704 3.0300157577243185
1.3204159628284347 0.3699824071968718 -1.7841713185999788 4.219364060479028
1.1167856736436776 -2.3018136138313814 -2.4565195204109758 0.5928438426963483
0.14530512193526757 -1.7181321738887425 -2.4744540759772153 2.135170117610951
-0.1362129601620321 -2.4582763453743213 -1.593901763405107 4.301515052981333
1.3915011854112902 -0.34205641813937904 -2.4269647394771354 3.191454288671057
-1.4223125976045345 -2.0997985056570934 -1.9995708144106115 3.2570691865013544
1.1673586091426764 0.08647597421332875 -1.6473397290027711 3.7980472368492695
-2.433247423537882 -2.2092964632950247 -2.5201569282721588 1.2481542615194035
-2.9856994461078177 -2.619107871576545 -2.792892620395305 3.6643433481272853
2.815616780956085 -1.1051216733553162 -2.5030826866454556 2.4341929099045663
1.5006462870727195 1.0911181026871333 -2.0638451326761946 2.514756787079752
1.086857728067673 0.7307888040763286 -2.320649990688346 3.362056687207126
-0.3428317702378856 -0.7894757064563767 -2.8374706888151406 1.6891367734637783
2.591192856880592 0.45449259130181396 -1.5983102766485318 4.448551124755815
0.807137357790005 1.4040582548832643 -2.6777114856885573 4.0437054554309295
1.4211866776868698 -2.9853586180915688 -2.422553712623746 1.1481246750472842
2.3029906199897203 1.1269998515450261 -2.617510928807837 1.834836769750539
-1.276101069891884 -0.5590314655320916 -2.966040654767006 3.4357839811487736
2.371455948075279 0.20277368931519568 -2.0042386711973608 4.419490143352155
2.1744898836426003 0.467359219058044 -1.4840409540073547 4.777036918204045
2.52098652630809 0.05374522007272231 -2.2627436143287 1.2861632550449775
0.8758590517586187 -1.4676741513722333 -2.2629133374401995 1.1795328516766936
2.0403641246745505 -2.296985726073113 -2.1539223737009157 2.049744933170897
0.7849228444926534 0.16007850567482604 -2.3269808630152475 1.6431568690160065
-0.33905650953010236 -0.6461034144444655 -2.7713324435666267 1.5684176326795
2.6332123239327174 -2.7935404516642586 -1.892361700243967 3.435471573770327
2.9340351480447042 -2.954458213174586 -2.7049598656447755 0.9594248484956929
0.29152542372881357 0.5389830508474577 0.7627118644067796 0.5050847457627119 0.34237288135593225 0.27796610169491526 0.311864406779661 0.6677966101694917 0.3118644067796611 0.5288135593220339 0.4847457627118644 0.3389830508474577 0.5423728813559322 0.7389830508474576 0.35932203389830514 0.5898305084745763 0.5423728813559322 0.6237288135593221 0.7864406779661017 0.6169491525423729 0.3152542372881356 0.6677966101694915 0.36949152542372876 0.5254237288135594 0.7457627118644068 0.5728813559322034 0.5254237288135594 0.688135593220339 0.6542372881355932 0.33559322033898303 0.6711864406779662 0.6711864406779662 0.7898305084745763 0.6338983050847458 0.23728813559322035 0.3728813559322034 0.2847457627118644 0.36610169491525424 0.7491525423728814 0.4067796610169491 0.7694915254237289 0.5322033898305085 0.5322033898305085 0.49491525423728816 0.6474576271186441 0.5016949152542373 0.7796610169491526 0.5559322033898305 0.24406779661016947 0.43728813559322044 0.3254237288135593 0.4576271186440678 0.6237288135593221 0.37966101694915255 0.31525423728813556 0.7728813559322034 0.4440677966101695 0.4983050847457627 0.7118644067796611 0.7694915254237289 0.5288135593220339 0.7864406779661017 0.4949152542372881 0.7898305084745763 0.27796610169491526 0.47457627118644075 0.3728813559322034 0.5084745762711864 0.3355932203389831 0.7661016949152543 0.7728813559322034 0.4677966101694915 0.4711864406779661 0.49830508474576274 0.7322033898305085 0.5220338983050848 0.6983050847457627 0.711864406779661 0.41694915254237286 0.7423728813559323 0.7152542372881356 0.288135593220339 0.6745762711864407 0.5728813559322035 0.3864406779661017 0.7627118644067796 0.6745762711864407 0.25762711864406784 0.3966101694915254 0.6203389830508474 0.44067796610169496 0.28135593220338984 0.7661016949152543 0.535593220338983 0.576271186440678 0.4101694915254238 0.4440677966101696 0.528813559322034 0.42711864406779665 0.4271186440677966
0.00728595762529257 0.0076654458976935635 0.010787937755395265 0.018104565201644253 0.009092374729406362 0.008642999102898802 0.00631052401302529 0.007025896031730349 0.00983004533835292 0.007361277113186599 0.006502104099211456 0.011008909892754682 0.0087293546517101 0.007949264198510842 0.011769718725728344 0.0105923277593112 0.008840237116606064 0.011285340886405882 0.007580116834061785 0.009038218695617193 0.008947659507588284 0.008555990112653582 0.021579094397928173 0.011197167528611985 0.007028678065417428 0.0066085016525070555 0.0069453952010528185 0.00620907404799379 0.0070663133655504305 0.008686711678935146 0.014677844249261775 0.008981334121543378 0.013616205554009749 0.009886192750732424 0.008029996985230528 0.0066059468854847885 0.010221438841174626 0.01639812906055529 0.01379626433135825 0.00962906368572972 0.007672363575937968 0.012633436499679882 0.009232334785542773 0.009191795040976586 0.011729038699238512 0.01049913195498026 0.00646369277907548 0.0077515176977201155 0.011616092176823276 0.006315429390926538 0.007715618436349426 0.010785213388865247 0.008536606055281615 0.007670881654677733 0.014352783262274252 0.008899229214337674 0.007183719849869453 0.009249423925783137 0.01204991733828119 0.013232315246774236 0.01117514205647046 0.00826817707945229 0.014018841469820157 0.014063467843832743 0.013049223462791908 0.009774381530449254 0.010838272805059746 0.01179147409076455 0.009544132766312207 0.006150272817591917 0.012252968652164955 0.007920909611993432 0.009506016945846945 0.0073787965205711495 0.012403122799558065 0.00844280729081774 0.009863730753006134 0.007399295829306661 0.009233549617908583 0.006560882620090034 0.01629259138090598 0.023884762418673603 0.009739760088600084 0.006434652597073675 0.007054704190142535 0.009573193168215241 0.00963065568581491 0.009471728363890621 0.013298605653772812 0.008156496084350286 0.011326961869182478 0.009530335104967792 0.009669379772514562 0.0079252691828691 0.008394526698070892 0.009775671824154994 0.006779373731594947 0.00925255162058263 0.013175380674950892 0.018147774660604993
