4
100 100 100
100 100 387
5.0 1.5 0.8
-----
100
100
5.0
-0.12484447600971738 0.4410325384801257 -1.9257174086446984 3.0796722164571033
0.03580693224124909 -2.4933193257214157 -1.9761096554715962 2.9327144768739766
2.684430476673608 1.6227367431448432 -1.265773074260856 3.0789171686869974
-0.1644400281166365 1.9627420347112992 -0.6103334032068659 4.1969097374431215
-1.3169737912943371 -1.7237253425185597 -0.7424188648555119 2.2287961955129654
-2.858103284103712 -1.5690055483912588 -1.265603566403946 3.0297173961086985
1.5701545993202224 2.2307865788660433 -2.575807847034892 0.5808993603242529
0.47662790997324 -2.395860965365248 -1.4776333232872176 1.1166819107038684
-1.0519074042569976 -1.891385024969781 -2.0783854303423848 3.150026791909215
-1.9405709781473424 -0.7924803963956162 -1.4361751229877724 2.791088289688912
-0.8181307155034738 -2.9409191783438855 -1.8335507309290595 2.4008143067363488
1.1305634553949009 0.9875431080930657 -0.5790725129712251 2.8089045414989555
-1.8318878413190047 -1.6048202233778315 0.187694985102826 1.9346699160783132
2.934716435097677 -2.6462660412271313 0.3458519718017925 1.0930139846122877
0.2597551728355989 -0.08333734730605791 -1.2317129091929373 0.39683490807646105
0.9138861659811068 0.19399332437763173 -1.0476911196734044 2.754097761898344
1.9197899809524888 1.507731516358744 -0.24473600285529606 3.8144718818403422
-1.3498634641708591 -0.5642845296465562 -2.6190894909779603 2.673395458015091
2.8262767343039874 1.9588289142948518 -1.1503662263759802 0.4474492766652005
0.6243765020773848 0.13556907065211554 -0.5321440658985548 1.9388492335323548
0.7525683226935005 0.867655679382882 -1.4407026000161105 4.832927213401535
2.3379498769405487 -1.2772854710064743 -0.7522490460019151 4.063402877961581
0.7769728581001774 2.4940967656196555 -2.836027321325866 3.3187598978767774
-2.7087329213023597 0.7061338184561357 -2.771486979376612 3.246965104001852
1.3880262543876762 0.5176551718895133 -0.5676270065131259 2.964386929558176
1.7286695303383812 -1.6751574631792656 0.2183415362334249 4.881620577252251
-2.309642614555952 -2.4587070937151276 -0.14240590357905747 4.126172436376034
-2.3458424731915946 0.7897357726540646 -2.320843622737256 0.6754957965918817
-2.3795408979947013 -0.3641467521926751 -1.022981034705897 1.1039848071610037
-1.0638377467312101 0.4522883649810958 -1.9457408209392861 1.905998804523651
-1.521022143817801 -0.639666038573679 -1.493187081167036 0.48545770400663546
-2.5281701530938268 -0.5539887532368595 -0.3354041765386273 2.9806425041601727
0.559688579357831 0.14685643101183388 -0.01872333337563381 1.4101244382411715
-0.8250456021710977 2.030306391133342 -2.601346381816087 0.9965428709378821
-1.696748819203219 0.962855266413233 -2.095595088701873 0.5089798668916146
1.032306975347197 -2.737017294353598 -1.029180512772514 4.814834367933447
-1.9937629323988757 -0.29425381468017964 -0.5507082385346367 1.0952627959277794
2.399391727943902 1.5744673038770234 -2.180655755362233 1.0675148484814456
-1.997542168993712 -1.274959423100868 -2.975749021979237 3.7335806510087077
-0.4008554819227732 -1.7368779572858326 -2.793967245677444 1.2639404792653786
-0.03624576395546786 -0.9075120714030604 -0.8810094257342653 2.7437075339692187
1.1763188848698682 -0.2534026197647865 -1.2589546720984992 1.655566422739747
-0.20349431814644126 -2.7426403688023786 -1.192805163487632 0.7159093385173898
-0.10889968004526329 2.324356486673116 -1.6138730448865186 2.2103118011944254
2.1040134486739213 -1.1277586760662608 -1.8999235747405065 2.7445331332485146
2.6738692185280932 0.30774866943253354 0.04725494315708634 4.697907800360671
2.851147574752627 -2.701122354315074 -0.45977453392253675 3.3054474748248786
-0.5775600044678622 -2.9950370360193466 -0.9788906063518081 4.345244743424253
0.7245946163033916 1.5154310440328933 -2.194648495771676 3.5969453710880996
-0.9369749296022056 0.06815614980849194 -2.8841335748397707 0.8668475734152881
0.08372613293959974 2.0050126964215957 -2.068236058633546 3.8716689512543354
1.9342197200126812 -1.5262395823706023 -1.8842282028536512 1.704900642325995
-1.6471002145360214 2.9919946828240294 -2.8678776385367404 1.0927186267200761
0.7042056929890519 0.6588655144173119 -1.8595150696311737 2.2393019658698243
0.8094782889633496 -1.5158943042449806 0.17803052588614854 4.445552578086418
-2.6743648789600343 -1.4082370974836045 -2.5518525792763707 1.889289188222335
0.25315389856543424 -0.6780883644939273 -2.5998909833335233 0.9652261600506351
1.1518848064890435 2.483019463949626 -0.6723700403423325 0.3089915804187737
2.771331613574416 2.8925031277568127 -1.1007580544235647 2.845458780325231
2.107811525705306 -2.2973637486818768 -1.1553305195720678 1.9431414261545155
2.602631357626761 1.3054363162721936 -0.9040906860830367 3.688387504651731
-1.69918148926747 -0.44573041548129577 -1.5068448142380402 0.5964881948231926
-1.2746817581531884 -2.0559271326635806 -1.5835659866264984 3.1582255375770742
-2.317611241338205 1.5201517123826225 -1.7767096311808057 4.696134774699132
0.2802294086457864 -1.4057553402888838 0.44248763751547315 3.0332252902928403
0.49457549425476177 0.3784790016715296 -0.558356795642803 0.23525746436416917
0.4798866865068492 2.6967082472286386 0.14126254061249943 0.3974191507767
0.08758453055875037 1.1283998041977394 -2.4864329862720185 1.1063315356318215
2.159587371139313 1.298431887739655 -0.5812377822028143 3.4421344479955582
-1.6319364140216068 -0.9534610714879856 -0.7370677021018528 2.8038621711713962
2.6783562805956 -0.28265344647754054 -0.3591335320657856 2.70786194387572
-1.8922880287806056 2.9253239623642164 -0.7241335418019323 4.1261977095433755
-0.12013594557335328 -0.027308223829180633 -0.4432893025075453 4.836455683446326
-0.6451654103815287 -2.4480290027831253 -0.13072393466383136 2.1214685956078414
-1.1144172115302502 0.8456907568959346 -2.364817785705587 2.7507188242826452
2.923487172768727 0.16095395060626672 -0.6931750394748128 3.3945321097642545
1.9558328883194696 -0.2934217836149955 -0.7030889704234964 4.352462851426299
0.893211710784966 -0.9793213011346542 -0.2808966579629413 3.275782340258596
-0.3653981999554796 -0.8118785706377318 -2.9739114562814426 1.743833789732132
0.5515430043012413 -2.856410806141087 -0.384643455230238 0.1433492146655213
1.4160532961473873 -1.31278063116687 -1.4397401503161964 2.3891911714748537
2.741721982514729 2.292740821808011 0.21394126927985369 0.7378929654715927
1.7942584866987925 -2.846654337620187 -2.2080215386224697 2.54873349198669
2.200885593433343 -0.7122943953708867 -0.1744238344693212 4.003576072850321
-2.5901372648082277 -0.4525442674198259 -0.25192985848719474 2.0643828441462766
2.193770217019196 -0.02745042524363228 -0.3915067332606843 0.3921005642599984
1.876307623158464 0.2120356344233567 -2.2140619601427143 2.2994812547921093
-1.1455837326762657 -2.564924400124496 -2.1162776929062646 2.8853106021155686
-0.07328229141615727 -2.2935464784873787 -0.7034192603728506 3.6014651998183647
-2.8874385008265753 1.212072429637919 -2.237379799310294 3.505727732895423
2.9268163222158723 0.4329148843165802 -1.33897821180279 1.917836786066538
-2.8338495784392363 2.1861931889357873 0.43893903945926827 2.569592466273561
-2.785980222159072 0.5686028626522113 -2.9198164192335634 0.0324386477096017
0.8142757240830809 -2.129062114984581 -1.2887670872034684 2.174695150265787
-0.5112071133947036 0.3551561744817837 -2.7808323491975595 1.262552967588515
-1.252453048549194 -0.5618753991944887 -1.0970955236234818 2.2455930858059236
-2.554738180365102 1.6665761850920253 -0.6023221919051496 3.2999508682545677
2.183592737212244 0.8531662129741728 -1.8334720274257292 2.2940307399274706
-2.2271222942737623 -1.0016510406643726 -2.257729762828066 4.224458012991493
0.29615638315246695 2.9697805534825505 -0.11727701855777228 2.029742221796549
0.6779661016949153 0.5322033898305085 0.7084745762711865 0.9966101694915255 0.9457627118644067 0.9423728813559322 0.823728813559322 0.840677966101695 0.5932203389830509 0.9457627118644067 0.2847457627118644 0.9661016949152543 0.9966101694915255 0.9966101694915255 0.9898305084745763 0.8745762711864408 0.9661016949152543 0.2847457627118644 0.9830508474576272 0.9830508474576272 0.6576271186440679 0.8949152542372881 0.7898305084745763 0.9966101694915255 0.9457627118644067 0.9830508474576272 0.976271186440678 1.0 0.993220338983051 0.9830508474576272 0.9932203389830508 0.993220338983051 0.9932203389830508 0.9966101694915255 1.0 0.7152542372881356 0.9966101694915255 0.3355932203389831 0.8271186440677967 0.9694915254237289 0.9118644067796611 0.8677966101694916 0.9491525423728814 0.9966101694915255 0.39661016949152544 0.9728813559322035 0.9457627118644067 0.7593220338983051 0.5864406779661017 0.7186440677966102 0.9728813559322035 0.36949152542372876 1.0 0.5694915254237288 0.9830508474576272 0.7254237288135592 0.6711864406779661 1.0 0.9254237288135594 0.8677966101694916 0.8576271186440678 0.9932203389830508 0.4237288135593221 0.9966101694915255 0.9932203389830508 0.9966101694915255 1.0 0.8949152542372882 0.9423728813559322 0.9694915254237289 0.952542372881356 1.0 0.9491525423728814 0.9898305084745763 0.9491525423728814 0.9254237288135593 0.8813559322033899 0.9661016949152543 1.0 1.0 0.6542372881355932 0.9966101694915255 0.7220338983050848 0.9525423728813559 0.9966101694915255 0.9966101694915255 0.6745762711864407 0.6576271186440679 0.9220338983050848 0.9966101694915255 0.7898305084745763 1.0 1.0 0.7864406779661017 0.5728813559322035 0.9491525423728814 0.9966101694915255 0.3152542372881356 0.6305084745762712 1.0
0.009999999999999997 0.009999999999999997 0.009999999999999997 0.009999999999999997 0.009999999999999997 0.009999999999999997 0.009999999999999997 0.009999999999999997 0.009999999999999997 0.009999999999999997 0.009999999999999997 0.009999999999999997 0.009999999999999997 0.009999999999999997 0.009999999999999997 0.009999999999999997 0.009999999999999997 0.009999999999999997 0.009999999999999997 0.009999999999999997 0.009999999999999997 0.009999999999999997 0.009999999999999997 0.009999999999999997 0.009999999999999997 0.009999999999999997 0.009999999999999997 0.009999999999999997 0.009999999999999997 0.009999999999999997 0.009999999999999997 0.009999999999999997 0.009999999999999997 0.009999999999999997 0.009999999999999997 0.009999999999999997 0.009999999999999997 0.009999999999999997 0.009999999999999997 0.009999999999999997 0.009999999999999997 0.009999999999999997 0.009999999999999997 0.009999999999999997 0.009999999999999997 0.009999999999999997 0.009999999999999997 0.009999999999999997 0.009999999999999997 0.009999999999999997 0.009999999999999997 0.009999999999999997 0.009999999999999997 0.009999999999999997 0.009999999999999997 0.009999999999999997 0.009999999999999997 0.009999999999999997 0.009999999999999997 0.009999999999999997 0.009999999999999997 0.009999999999999997 0.009999999999999997 0.009999999999999997 0.009999999999999997 0.009999999999999997 0.009999999999999997 0.009999999999999997 0.009999999999999997 0.009999999999999997 0.009999999999999997 0.009999999999999997 0.009999999999999997 0.009999999999999997 0.009999999999999997 0.009999999999999997 0.009999999999999997 0.009999999999999997 0.009999999999999997 0.009999999999999997 0.009999999999999997 0.009999999999999997 0.009999999999999997 0.009999999999999997 0.009999999999999997 0.009999999999999997 0.009999999999999997 0.009999999999999997 0.009999999999999997 0.009999999999999997 0.009999999999999997 0.009999999999999997 0.009999999999999997 0.009999999999999997 0.009999999999999997 0.009999999999999997 0.009999999999999997 0.009999999999999997 0.009999999999999997 0.009999999999999997
-----
100
100
1.5
1.0317961812137095 1.301047868587284 -1.3392082609552116 3.303926802786397
-2.874095057647115 1.4736804178696667 0.05637238775082909 1.355905025852738
-0.24752777175036106 -1.9126162117028087 -1.6829525406828065 1.6051027199631909
1.076729141725781 -0.9430005361444671 -1.0247523234842604 4.6170386658836495
0.674236034059117 1.4953289383892532 -1.574826954035884 0.16011929967883032
1.3051319068417537 -1.0190890081515283 0.053084284692078154 1.6078333048689433
-2.5726040895977342 -1.652997020084786 -0.8170329305322501 2.7979369986226477
1.3345022274749483 -1.926495509116941 -2.2631496882970685 2.577970742022101
-0.5197666104622036 0.5320422746259197 -0.750346869402305 0.5794259141382954
1.3312221447041304 -0.9291644135417843 0.14443634477635225 3.4977446291282703
1.346787839585215 1.0449556601441872 -1.0295270176295088 0.8586272633073988
1.0671172554850046 -1.6141805778746017 -0.7366969633108466 3.746917420445651
0.373296290484402 1.5843968794414014 -0.30570904068560073 1.5804671671832389
0.6437991300814232 -2.23351360800016 -1.6950053158943539 0.2990818010297982
1.1870420921984486 0.10857503886648914 -1.5478789393046293 2.2967821048288313
-1.3977419031051865 -2.0687125723250226 -1.6932414308577974 4.944332558321519
-0.5692685634997328 2.8433197776294508 -2.8107531709237534 3.727226311994487
0.3619118960659413 -0.20541467713432127 -0.36472507667343845 2.8386668879168155
1.1360901167753696 -0.29758148494942427 -0.19180079868843536 3.9479186850386134
1.9587896805271305 -0.9355683919874558 -0.11538764561880147 1.1710251342633833
-0.1752360188783948 0.9844085153504679 -0.5276645231197366 4.046720858805498
0.2669896171416058 -2.859300714850529 -1.0952497758101938 3.030224161345127
1.506328324772738 -0.5595235727862113 -1.4003813975159223 3.058527064296734
-1.3879584526350581 0.48439650047653693 -0.15369046221959293 3.8694520387886655
-1.8125132822340249 -1.3012079057320494 -0.8923028234639689 0.6997117491640892
-0.40116432032385774 -0.20907261650814918 0.3666858644402029 1.687189959845409
-2.1009490658843832 -0.9524428623600394 -0.5401411257365035 3.183525815644751
0.15654154415068167 -2.1371352793043097 -2.3455184131633575 3.8752742112188194
-1.5955559776702484 0.6092703876832228 -1.1180518765351966 4.035677792833198
-2.7225714467403064 -1.7866593714761736 -1.167598440477812 3.5509968280486164
-0.2994661815649997 2.0398315953932844 -0.19462761431529785 1.845015318245847
1.2778158049695794 -2.3628697038250452 -0.9966894357974316 3.085808960842833
-2.1188420658940386 1.283975306040494 -2.2570017588408775 1.1153030993913338
-0.19366791300856523 -0.2831218181275248 -0.806758308611484 2.8307472321513045
-2.3966213242776466 2.0674889721912786 -0.05098190750695286 3.7206681845204366
-0.5701301012840037 -1.2740213405683014 0.09901000727626674 2.989678509244688
1.2506802885378643 0.613695370656799 -1.6367669336775736 1.7268385689547456
0.09984570543539317 1.627049455503887 -2.249822964224015 1.431904788264261
0.8993929233741138 -1.6220696590057497 -2.900158545789585 0.5209656237947492
0.8433556354925247 2.5202044377956088 -1.811673384228624 1.7880315874984034
1.2860760679918775 -1.2269422872452116 -0.17499367365113483 2.7518433795280712
0.899442942949829 -2.815535237291268 -2.9887106700953243 3.2718152652857473
-1.2838788410969135 1.1151722436311582 -2.2438562123033643 3.122626248057507
0.8705404178430118 1.5743598556218759 -1.7439378429768817 3.00871758541047
1.6224210814025835 -0.6181947747892838 -0.7595208257822876 1.9023508271851357
-1.6311198845678532 0.5251711057966367 -1.5522160365572888 4.97600310456934
-2.730401801725672 -2.8190497582208307 -0.6395411002318424 1.130515869196255
0.4484072814312282 0.6962095401443182 -2.606866628899262 1.1297836325352084
-0.2813099555112397 1.5843273712078645 -0.4732289922120775 0.297008344912157
0.4546636788183549 -0.184237436127638 -1.6468488844464866 2.1289120745841106
1.741166338581524 1.1178005141279397 -0.5000978929186662 2.3872709170885344
2.8387273072729062 -1.9803817711125447 -2.6248061394191677 2.6144801446961745
1.125191191368017 -1.2410686931631885 -1.4532678070346365 1.8392950977027342
1.6119738790149891 -2.6265438018948224 -1.6099556041555207 3.5231900174021806
-0.8918870359855737 -0.06507101833562423 -1.964732171447996 0.7081004816471856
0.9129367520932861 -2.8559270820121574 -0.5727111171109756 3.4071922918085207
-0.5707405006985351 0.7615114684547959 -2.1951252565985344 1.7519156488777117
-0.7334977580765916 1.3115248557966892 -2.4973822977982385 2.48500072679828
0.7132509612830411 -2.357168075078917 -1.204895688288955 4.926395259951677
-0.49546928938980384 0.6658742686136042 -1.4238271978345327 4.502738112924316
0.26356312941350374 1.1563479937420322 0.20962557843076415 1.2629388936833847
-2.1197343919941414 0.9099024893240351 -0.3645075318595913 3.134309358168659
1.659420147749499 0.2189699619895461 -0.8237894670922236 4.54860699527337
-0.9042642476622327 -2.2853700693891597 -2.011123637313917 3.679581062369674
-1.1696699741425585 1.0155195380307123 -2.518863633917575 2.931717264586279
-2.2374570067075394 -0.3555947177536015 -1.480383627819908 1.5619978156399863
-1.4185575251890479 -2.631640971167134 -0.9050632116782844 2.878782195396195
0.678142626062161 -2.525656871241857 -0.25940563969145336 1.5696237984928287
-1.6751503388093743 -2.499761007827424 -0.5164009967524503 2.3167970100160034
-1.962674658730617 1.1891982158278485 -2.3284048737303684 1.1628175780084693
1.4098344194696664 2.820465092820176 -2.959307332502377 0.4134528201908939
0.6923890993856935 -2.4852060807640033 -2.269797006058047 0.7673819929988062
-2.45930192138473 2.343687686257198 0.3335774023336291 4.147069006444818
1.4870792163367168 -1.805626926177879 -0.45240996292440977 3.690594131333301
-0.7369749439293933 -1.0903819283161695 0.22444639764614427 3.102127978240369
0.6549503999374946 -1.9583871102194355 -0.5929803053695862 4.837468344889846
-2.298870153500559 0.9916985951546233 -2.057002523088153 3.8322970910002923
-0.39419577492218894 1.4864085905229563 -1.0046197078874455 3.1535025180338314
1.1230033884027772 -0.10397573593801016 0.36555637174690614 3.434033163493791
-1.7036290981688402 0.5962150862415964 -1.1751940891985995 1.549683084216462
2.79927094330049 1.899482954407833 -0.926974814041262 3.0962197617066876
-0.10346757868811762 2.408580622271128 -0.6411339584166933 4.527282474721328
2.7273832334259036 -2.320703823873868 -2.9869563274968427 3.100668029191006
-0.016481003550122164 2.532948514307771 -1.939533897169158 2.0357543154691067
-0.7898756080622693 0.7246182340509044 -1.1802925366908688 3.9323388255051865
-0.38821258620795485 0.015408796721490703 -0.9300510254423628 3.0644298217627624
0.5654227273128032 -2.5613459217131505 -1.1086139829680777 4.218463601710973
0.21175568680001322 -0.3156709213898359 -1.2466818444877303 3.2844632505165414
0.0748630010720055 2.3023086456211077 -0.9893381348514176 2.2099868435181715
-2.243185300917693 2.111774702320436 -0.8619761855929617 0.7629674979558648
0.29621115081252025 -2.2634062453092314 -2.4809157683424465 2.823520470280143
-1.6999543949517595 -0.812740381259545 -0.8482177555675897 2.225964472625358
-0.7969398951434519 0.06643241964282898 -0.9895333256806114 3.371153116879547
0.8300986996804465 1.495870812775109 -1.2001448071302523 4.142827050313877
-0.037996430003492176 -0.38337352537093383 -1.0131151105089011 3.6899188993391063
1.9318145450463455 1.8315174232942946 -2.2344430676465508 3.0879863147786755
1.063407196703667 -1.5255376749701097 -2.1011453712217003 1.320273168462953
-0.7383581992527449 -0.2708670701108159 -2.7375276066015104 3.1393034617141193
0.01641967145561951 2.067444874617764 -2.1779953942956074 1.1953730145743302
0.5744434556132516 1.1250593838965048 -2.6937576431897132 2.5590008411293765
0.8711864406779661 1.0 0.6203389830508474 0.7322033898305085 0.9966101694915255 0.9932203389830508 0.9728813559322035 0.8101694915254237 0.9966101694915255 0.9864406779661018 0.9796610169491526 0.9050847457627118 0.9966101694915255 0.9457627118644067 0.6203389830508474 0.2542372881355932 0.9932203389830508 0.9694915254237289 0.952542372881356 0.9932203389830508 0.9932203389830508 0.7898305084745763 0.6067796610169491 0.9966101694915255 0.9932203389830508 0.9966101694915255 0.9864406779661017 0.9864406779661017 0.9932203389830508 0.9152542372881356 1.0 0.8271186440677967 1.0 0.9423728813559322 1.0 0.9864406779661018 0.6915254237288135 0.9627118644067797 0.7830508474576271 0.9898305084745763 0.9796610169491525 1.0 0.9898305084745763 0.8576271186440678 0.9457627118644067 0.9830508474576272 0.9898305084745763 0.31864406779661014 1.0 0.5966101694915255 0.9593220338983052 0.9966101694915255 0.7254237288135594 0.3016949152542373 0.9491525423728814 0.9423728813559322 0.9423728813559322 0.9559322033898305 0.5593220338983051 0.9457627118644067 0.9966101694915255 0.9966101694915255 0.8305084745762712 0.6542372881355932 0.9491525423728814 0.9932203389830508 0.8915254237288135 0.9898305084745763 0.9491525423728814 0.9966101694915255 0.9491525423728814 0.33220338983050857 1.0 0.9423728813559322 0.9932203389830508 0.8983050847457628 0.9966101694915255 0.9966101694915255 0.9932203389830508 0.9966101694915255 0.8915254237288136 0.9966101694915255 1.0 0.9966101694915255 0.9932203389830508 0.9423728813559322 0.6949152542372882 0.7491525423728813 0.9966101694915255 1.0 0.9864406779661017 0.9830508474576272 0.976271186440678 0.9355932203389831 0.840677966101695 0.5457627118644068 0.311864406779661 0.7661016949152543 0.9932203389830508 0.5559322033898305
0.007431660979831649 0.01757806537728263 0.00742634005343561 0.009093670548169164 0.010393733400935846 0.009160066102277493 0.009702660249689481 0.009084080376264748 0.008920367915229313 0.008920520624394138 0.008400899733864433 0.007710852251568611 0.008873869930909816 0.01160058909407557 0.0063738876402910215 0.014084592626299118 0.01705588345649172 0.006814473802760764 0.008281696303649118 0.010040623559248523 0.008809246913675258 0.008594941653864053 0.006721884156945744 0.010255962628405104 0.010126916262297246 0.010373449146867214 0.008911989801941361 0.010790101118001445 0.009119790018337355 0.010828360742387402 0.010201179128193202 0.00809629603381223 0.009856564408653342 0.0062760102100668435 0.01677841916153287 0.00885154466595715 0.006878803643113188 0.008345245965277718 0.01421968275029658 0.009467847111494173 0.00771725899635213 0.01664921038228883 0.008471511582277779 0.007759609993795804 0.007004276877826849 0.013002428619968238 0.016160913176934383 0.00878009013691439 0.011794779425220234 0.006113761579243506 0.0077908913360964244 0.01558526431465909 0.0068232358163111875 0.010118822959871945 0.007983555393902799 0.009552783353636726 0.007124969848914841 0.008358596967194968 0.012358326935386924 0.0093991863194095 0.01089697069873366 0.010224716492517327 0.009314370418773286 0.009600162378990649 0.008704827521443009 0.008013119093747507 0.009129482320454565 0.00996402440080078 0.009950984777157371 0.009491850369526367 0.019874880883754997 0.01202059522297983 0.0244041060070998 0.008453452301304313 0.009506121997960248 0.011015847796738365 0.010914424959721579 0.007636529809223165 0.009688213269964004 0.007745792145408276 0.010337632783053182 0.013573832552983335 0.021580621305130852 0.009385076197539232 0.008047572308807377 0.006406799898583734 0.009936572545559021 0.006301088013573376 0.008611976214779906 0.01413329406136211 0.00967000935922838 0.007372106753655532 0.006862194334804418 0.009106661840394412 0.006812499533523082 0.01067410566728024 0.008488209125548938 0.00883894811192369 0.009290146397669044 0.00901793656430627
-----
100
387
0.8
-0.005977211601474242 -1.327387459780473 -1.9991623429350716 3.722942126262931
-0.9553895071681824 -2.6219996146992157 -2.0287697550595896 2.075889076813034
2.3277670890574518 2.3827711454283884 -1.8824206890103696 4.059611695927831
1.9270612243936538 -2.709125270209087 -1.5548474706743765 4.409012829765961
-0.6868483634553393 -1.3551452612174035 -2.2978430961298875 1.57058728343621
-2.0653459188165235 -2.8917854441156314 -2.1043630295108455 4.565574487734419
1.1700857426136826 0.34398629841812944 -1.4621156552786805 2.3727902112502064
0.5489310817126403 -0.9756682630068618 -1.7383925402277818 2.6208514359106982
-1.9128190932258324 -2.882992420216973 -2.018248570699662 1.4167343694774266
1.843522125205955 -2.679999431608786 -2.0169217678613047 1.7534801144955368
1.1989557052336952 2.020228924693141 -2.3700892858035076 4.246809435697696
1.737956387355681 2.493007218158395 -2.4490067672027918 1.8625449949590316
1.8047824544366375 2.741319839962243 -2.8156015464072763 1.483514825765151
2.936373558283818 -0.5063716638547601 -1.427762757346069 2.3653933676183065
0.36737405240159626 0.8664950881998623 -2.2244414042949345 1.1975186758769472
0.5897324313479206 -1.753589336731773 -2.0400906822772615 1.4215204863034052
-1.8040108354561495 -1.8080266629650006 -1.5725328203095192 1.9081909334219493
-0.2580171265432546 -1.8803332751720339 -1.4953311132852583 1.6719483689288024
-1.0437613490678848 -0.823835015448005 -2.3800493679554373 0.678687345185994
-0.9366529511898665 -1.2625487769877837 -1.4276029528644094 3.0466592404094706
2.428385241260565 2.235273788005611 -1.4316725639040853 4.485748668864941
0.2882297178751956 1.1281624183094028 -2.5972316951157 3.7910311884172634
2.9936438846834683 0.60887662423924 -2.148926982590178 1.08679964407776
1.6534518385813306 0.6722461970608458 -1.396114387046675 4.2044574685418
2.2763843286092573 1.4088276319585447 -2.5030328825352988 0.6785648272729872
-1.2453676187252243 -1.3381793433066953 -1.7005959838746545 2.9416210214223497
2.3123025342907626 -2.728226675491767 -1.6176860783815548 1.7463202283458759
-0.23258441979306205 0.1529939866720511 -2.022602192167855 4.29018469675513
1.892573825973007 2.4222029353728907 -2.235630402936307 4.06165562050696
-0.6320762275350691 -0.6323415369137448 -1.810388750120473 1.346946487300809
0.08084433296249838 -1.3676645332103488 -1.515457410648531 4.295364171803404
0.029486038923669522 0.3985283426079777 -2.046942581673732 1.374860293972179
0.2721130605734583 -2.4911988197689907 -1.5853162537790098 2.852797471854446
0.4533567357654043 -1.1958765256778496 -1.5456528242270964 2.2369214764707546
-0.35423064878134636 0.2483993366709205 -2.525945691414031 1.359867685602075
-0.05990941690263457 -2.5955467693099576 -1.7353548757550816 2.8225775686535353
-0.6581936283355916 -1.7627706945842248 -2.664940350022005 0.9850052115549528
1.1279688850066034 1.8944875465349327 -2.594057473015897 4.422844228573735
2.55416071492844 0.17881820441250884 -1.3845652059494595 3.4402754183115207
-1.437822465500632 -1.8084288351694793 -1.5676645611448863 3.86858708309392
1.8162239967765905 1.3385349102743738 -1.707037135579943 2.8291725128521774
1.960037010237531 0.4605649659740645 -1.9080618127544648 4.28435742624186
-2.3525354704909405 -1.4784776052671356 -2.66335937249465 2.2182664999400554
0.6507097425159678 -2.4800215303914466 -1.6444545993064854 2.8090779076454755
-2.10293425071459 -0.8776506900190828 -2.677246072829253 3.031630465627693
-0.7256303424962678 -1.4341778408272936 -2.229867708701284 1.1449859296056792
1.2917441618364913 1.3432981495614134 -2.398052122403487 3.134156044199854
1.6854545532147864 2.5544553412808657 -1.871522863412296 4.1727436933202835
2.590275070369212 0.8106752849134644 -1.6923079148963915 2.9704462735995114
-1.782595334216927 -1.970734732069546 -1.9449384378281573 4.247057619348911
1.423024358409216 1.7098637391698746 -2.3655336803455325 2.8282434269948715
1.002400569862723 -2.864174776101111 -1.7836243218290242 3.809719532713335
0.480678094368824 -1.050810804371508 -1.447901399906172 1.6877190665060973
2.1579222929648676 -2.949811034857055 -2.274715134104514 1.399870167472038
0.7082679789161543 -2.7761503960807445 -1.649694684073755 2.4099955026640947
-1.4676115405167172 -2.755809278122718 -1.9864291037836463 1.753083324189598
1.8170610120694994 -0.3474582586268915 -1.1032092642334157 3.9629562160844256
-0.7010589398714424 -0.12498745418711055 -2.50742057741129 4.742558032387525
0.5958271300494554 -0.45700090550914174 -2.2432433869927166 1.0864206639222889
-1.3440181017039714 -1.9320416396429203 -1.5692130216428446 1.535937453795361
2.1958891025118294 -1.0953451881143113 -1.8843867243824874 4.155079245310369
1.9436951916739582 -2.142299042375919 -1.401176269802504 4.183398343143089
2.109971891709157 -2.2120030012405802 -1.9127771916198906 3.542938108238012
-0.9559728461835086 -2.0624826803737726 -2.059513600480667 2.0912689349597886
1.6885484108188944 0.2642305396068616 -1.7045061805930901 1.7202773135225338
1.0266223843755211 -1.8667073949432909 -1.2988782423169791 4.243164817169417
0.8003359862493344 -0.8108184588705599 -1.8111557388919568 2.9979583163370536
-0.5639916976502244 -2.19523376407093 -1.6356888553237476 1.2146668132520717
-2.2652466675380674 -1.2591110901092935 -2.3872598095927238 4.570816589172278
-0.24194947434398184 0.3924876128795597 -2.6138330871322744 1.8183198313104554
1.5174078557072912 1.5073105172712307 -2.3175211400477695 1.1701476984981118
1.8674747225768353 0.2673856391291629 -2.1331931406826943 2.295774170642147
0.8117833136244514 -2.438557902210533 -1.727949332057905 3.4806621156781565
0.22942015094615287 -0.1344035971595009 -1.8457243600415538 1.6378307758446997
-0.9672241965717638 -2.887301326969787 -1.817365036754396 4.768840794026179
0.16339200259576458 1.2320692796061274 -2.949266013232901 3.039982209451233
2.349150558844128 2.2547387938614163 -2.472433681165709 2.3751707689682475
-1.9206511346781554 -0.6045700623956642 -2.635823259636268 4.70227562590724
2.8142066525038123 -1.3989739973868627 -1.1213587268779264 4.147794922988342
0.4423370853571083 0.44033792102698577 -1.676279560542976 4.017485182752783
0.43558717195913066 -2.3418609526741587 -1.4293501487997395 4.03721289529195
1.8379744741262403 -0.1964518523481047 -1.8132411821334493 2.4630922833998055
1.7856344950208363 -1.9014555284903654 -1.8302827009374991 1.5245161368109972
0.114539468025601 -0.24639811041796822 -2.051922510101049 2.7523324741683584
-1.0295062124475611 -0.2842293871196544 -2.772939993811837 2.5901441905816975
2.448804718976437 -1.7287479097742418 -1.5254262560296454 4.018748756169414
0.3128988551330495 -0.20377636804202437 -2.3497922998740277 0.6494303985015808
0.2141333268553287 -0.4115685013592405 -1.381332261255709 3.277792165416517
1.0371173209774223 -1.7220983048454874 -1.2234863592732172 4.394351599875354
-1.9081841079879511 -1.1807099199122455 -2.055694488175453 3.99656126224975
2.262128610458242 0.4596601743458155 -2.1065221074632055 1.2863171439693621
1.608188484000067 -0.4892991123693431 -2.4054728966027454 1.8207372324347406
2.287311994339997 -1.136003881680685 -1.3481521303638697 4.249733292717434
-0.5532871159762097 -0.07688470768712508 -1.8686592348341988 2.927660367860777
-0.6269947067228316 -2.33757518342287 -1.3971248318191367 3.22299288653645
1.8278385964411252 -1.1384861092243246 -1.3959551243921282 4.717804699626694
1.1369507687463334 -2.389731975544494 -1.6635181600667888 1.712839253205854
0.3935620286278143 -1.6775902976939223 -1.4510759948417258 2.9927136334421403
1.5980806446014455 0.048515253487709575 -1.0561851521413266 3.8145304780846194
-0.09516445771994791 0.25627129741529364 -2.644443728998353 2.6682741138930255
0.6576271186440679 0.4 0.30508474576271194 0.26779661016949163 0.49491525423728816 0.752542372881356 0.6813559322033897 0.3254237288135594 0.32881355932203393 0.3389830508474576 0.3525423728813559 0.6271186440677967 0.535593220338983 0.6542372881355933 0.752542372881356 0.2915254237288135 0.7355932203389831 0.7423728813559323 0.6711864406779662 0.6542372881355933 0.6067796610169491 0.3389830508474576 0.3152542372881356 0.5118644067796609 0.376271186440678 0.535593220338983 0.6372881355932204 0.31864406779661025 0.2711864406779661 0.7830508474576272 0.32881355932203393 0.7661016949152543 0.44067796610169496 0.6033898305084746 0.552542372881356 0.28135593220338984 0.7864406779661017 0.4847457627118644 0.5525423728813559 0.40338983050847455 0.44067796610169496 0.6169491525423729 0.30508474576271183 0.4067796610169492 0.535593220338983 0.288135593220339 0.6983050847457627 0.7966101694915255 0.30847457627118646 0.24067796610169495 0.4271186440677966 0.4101694915254237 0.752542372881356 0.5016949152542374 0.4677966101694916 0.27118644067796616 0.7186440677966102 0.5864406779661017 0.3220338983050847 0.7389830508474576 0.5728813559322034 0.44067796610169496 0.5152542372881356 0.4101694915254237 0.5694915254237288 0.5322033898305085 0.33559322033898303 0.7423728813559323 0.39322033898305087 0.3254237288135594 0.4203389830508475 0.5694915254237288 0.34576271186440677 0.5898305084745763 0.5389830508474577 0.4542372881355932 0.7016949152542372 0.4847457627118644 0.688135593220339 0.4915254237288136 0.4440677966101695 0.28135593220338984 0.49491525423728816 0.3898305084745763 0.4474576271186441 0.3389830508474577 0.4711864406779661 0.6610169491525424 0.6067796610169491 0.4915254237288136 0.30508474576271183 0.7966101694915255 0.49491525423728816 0.6779661016949152 0.5864406779661017 0.4101694915254238 0.6033898305084746 0.5661016949152543 0.7627118644067796 0.6576271186440679
0.007064660363592553 0.009734393970906774 0.017765943579546972 0.011423121556472406 0.008639526021114133 0.01778332178337917 0.006606368902898668 0.006119449418603636 0.015088094399715556 0.010171534927140543 0.013761127383884152 0.012419850259852516 0.015237182653924219 0.011250738754959988 0.008047536722221313 0.008086494954012993 0.009140158858819546 0.007461538538341906 0.011324970271569975 0.0064650867283664905 0.019390906878850343 0.009776668651349501 0.015832642645834415 0.00939800882760995 0.014769039778402548 0.007141815686274214 0.011706400361167317 0.008064985431371683 0.016720108775446215 0.007407024644477069 0.0073198140942491155 0.007259909158330246 0.007240738979166893 0.006232294989301967 0.00853401552580619 0.007623101963782876 0.01216012436732163 0.015483689563977042 0.010272896023055455 0.008467873914820576 0.008886833233453576 0.011043482557595954 0.01528581232315282 0.007299398734022994 0.012695891141614709 0.009483746121694052 0.009334062941554805 0.015331545470605227 0.010884152137282561 0.011320099460770684 0.009786561206540163 0.008816804204585572 0.006671297549664339 0.012956429343801538 0.008011666604266022 0.011808407557641154 0.00841040330860466 0.011730044884335216 0.00821431063599083 0.009012724050468948 0.01010292305057896 0.009795375976817561 0.00923165667437026 0.008655887229310455 0.007984732203344789 0.007957509633492624 0.006272359860517023 0.009197362395573287 0.015781974321036254 0.008190680115271815 0.010243201689488566 0.00833187819029757 0.007556201200513071 0.006632214729658081 0.01285379159123237 0.010270841114837614 0.014639654414201632 0.016001291450209714 0.012775100834847711 0.007185763561197993 0.007792366653242883 0.0076035151840186995 0.009185073139987144 0.006321513509822489 0.009444590234174042 0.010580211853753196 0.009451308286898191 0.0058445821434526595 0.008180400485395782 0.010295372053649079 0.010864472375843669 0.00839036169122595 0.010345694353843377 0.00626433026878088 0.007390710979324778 0.01044753640994778 0.008494729166364788 0.0062811275029149615 0.007872007397541184 0.007912862295456503
