4
100 100 100
100 100 295
5.0 1.5 0.8
-----
100
100
5.0
-1.8939458067795107 0.1594332944848742 -0.5576499324883035 4.192879882498782
-1.24726138711479 2.8417146184591413 -0.7485282522734922 4.316239563487249
2.9162783865715287 1.6892895397810435 -2.5335126113585296 3.9355944147729636
-0.15024308996989832 -2.3430988130190755 -1.1245591228580074 1.1467755333344454
-1.142378247423959 -1.0225062771248066 0.13157748074789755 2.5443904823760697
-0.7539433851338191 0.23116837160030457 -0.6260799158021024 2.04267769236973
0.4385877625486061 1.5244605448226753 -0.8369550540984894 1.5924900480214899
2.93447060680073 1.583084203015245 -1.7255428248740823 3.617606268069368
2.342721986913123 -0.18316936419417562 -0.29165881996141474 0.10661544770187437
-2.387297809083909 -0.02218183311335986 -1.0675470455629283 0.5381865644681394
0.0604339478110556 0.7269325661028696 -0.059728696059275777 0.9519380332427296
-2.4477172528623363 1.7785518471557484 -0.39165559700604513 3.9381896185940732
-2.7640651245805636 -0.1775176735975026 -1.754648651791681 1.512353984982756
-1.1601007611458232 2.6796506667236404 -2.6139126303621465 2.554100278144883
0.22916940608384628 -0.6757559428120823 -1.9073621617973016 1.2381337533825532
-1.5072022594911414 2.1900624514358356 -1.6671442190732653 3.875494452109638
2.7363835720120884 -0.002562914471046618 -1.4112498065779566 2.326409950953389
-2.7774637349431077 -0.2173577643284359 -0.1855792057120227 3.0631690050233096
2.5148831771548767 -1.1504973233374423 -1.8208187996393446 2.5571665592272073
0.6237827773948292 1.9974779601410404 -0.8109442486831471 2.452131104929891
1.2639216143280674 1.771181245974752 -1.5036535363501815 4.641782873713244
1.5118604679486642 -1.1259266024644572 -1.4575251431201213 1.6470278704029806
-1.432116772212988 0.5217026625559469 -2.958683326970653 1.626402115313208
0.8753377861888514 2.2262194860188265 -1.9725073775197435 2.217821216129118
-1.3182609349087522 -2.504507219533184 -1.9265104203483143 0.8872471077457178
-2.09845527548655 2.0125146380157375 -1.3280348723024227 0.7601402795576939
1.8281689374695 -1.6500038499140843 -1.0652627021937895 2.8312007163871145
1.6284787069321816 -1.5119588389496346 -1.4904784870023824 4.2613554887522085
0.038383271911548 0.46641445908104506 -1.2548620009011482 0.7403433709362717
0.9548034248217596 2.1796818183900086 -1.2438616493209862 0.23514157976758043
0.7474319657887869 1.630351637051703 -0.1919257871054647 3.06826130977898
-2.821052269720629 2.794997084512735 -1.5299322562496656 4.056536330005585
1.9762148897752736 -2.79366532177405 -0.8319327615043299 0.08746315994023646
-1.94940286121758 -2.544045112856526 -0.6354334190676632 0.23229119673527365
-0.5061835089040274 -2.0925806403175122 -1.8711310294175076 4.703471184982502
-2.140292245605625 0.2439510534036584 -0.8444214033984885 1.3354969230338565
1.6531325105619672 -1.9867809469625466 -0.6141912097894644 3.5878653332801367
-0.046260389854177575 2.933962104566529 -1.664634314702874 3.1955340303224498
1.492851626800368 -0.4853023031877064 -2.3835081733802364 2.5991138022022
-1.56818685953959 -2.040183318360019 -2.7080888004295094 4.559159388040887
-1.8029584358128719 -2.7836407618092345 -2.256888502574767 0.4787358701158928
0.535433251981825 1.890362645669132 -2.0460293765258033 0.25165024954186155
2.5318812959186268 -1.097821758110166 -2.442402636625415 0.3185621960903928
-0.5566756864301072 -2.372733490336053 -0.9088266049222327 4.55513554133743
2.2521254702759794 0.6252089024779286 -2.751623008714315 3.4445834830591773
2.0942697744902894 2.1771089772062044 -2.720172827477592 2.4583286449325303
-0.4262437023625112 -2.0327228921074063 -2.4199103864217233 4.872886725702078
0.6707490623742607 -1.4798670829604728 -1.688867441741916 0.17748023661155687
-2.9720152763408647 0.7786358449652195 -0.27280052183759285 4.529825344178127
-0.5034219534727722 0.8739849405046729 -2.6713888717297487 4.362142836079194
0.5026884199759709 1.2597111864930568 0.20281706830726431 2.569407627570323
0.5151632290921686 -0.5140545491927675 -0.2070107572241051 1.2615421090730117
-2.2740631850914457 2.464052434807507 -2.429247542734821 3.1918633176786217
0.4920398909174284 0.17548200789824886 -2.0071468692667116 1.213655811315295
-0.4181722694644927 0.112307292160994 -1.9083501748258815 4.568114538633381
-2.941134792966591 1.8264899794983176 -1.40236773075535 4.3503999357607315
1.5385193556656107 -1.9814258454115699 -1.0912176319647147 0.01497317177172719
0.7685045423277166 -0.7643976989391605 -1.3253343213769093 4.30886587723572
2.749520306451033 0.5105482526791434 -1.7249716194463431 1.3595250968287964
-0.33669891206668945 0.997593712996439 0.33112616647474846 0.3855341429634995
-1.5169791932923666 -2.384802927652856 -1.0389395520935283 4.035373329000967
0.7757925005413351 0.2965767576090461 -2.9045626811408365 4.532427923754872
2.598667287810204 -2.973413377729627 0.38343037744426756 3.7732217166935356
2.5154192754551072 -2.3339520510300122 -1.11756594610757 4.548132333124536
2.938092570327756 -0.7387820869063235 -0.6489336295262893 1.1791013511967807
2.574805651817801 1.9406092115646585 -1.9479895802869653 2.452754852439718
-1.9714105995498938 -1.7707909948995888 -2.348636875853754 4.905605666435969
2.9350379477045845 -1.868223622004428 -0.17611034149853877 2.5634806005188224
-1.4056414174637744 -0.6994672713471237 -1.7781839155022077 4.973669770258322
-0.7263918829323299 1.0251498575004305 -1.1390166388269445 1.4530311640866278
-2.632083824721831 -1.703278582165968 0.4530197320474385 1.3410796561120641
-2.279118002405485 2.541561505860459 -0.8438350627677624 2.1757079774757457
0.49838764539862046 2.0159359380738913 -1.2222324048411788 0.6393401700112566
-2.518633628687284 2.6034000951644813 -0.8864346931799516 1.5323515393086296
2.966773414627303 0.11381745399867915 -1.1222944028841413 2.9989249436061574
-0.07194979682256886 2.7370305404746507 -2.4227249515703786 0.6412318287120378
1.470184828510483 -1.00112229246127 -0.6625556385857498 1.550774642856242
-1.659804944802767 2.0559876037670417 -0.6695134221259296 3.712424085550745
-0.8411227773486698 -1.6891961282683026 -1.3230735478539672 3.227419660193557
2.9806926232279913 1.7386081109944556 0.057065797625904136 4.991198456816649
2.358858723910224 -1.8564996053709852 -0.6677366797637156 4.140012921080548
2.021479341167831 2.000348462046899 0.3146328800921152 4.355397550762929
-2.424945230876736 -2.0694200179152706 -1.419235114909824 2.075154489944142
-0.8262519222423346 -0.5359767693879562 -2.7820547234813904 2.0627716074909697
-0.8017040059412497 1.2567041750269414 -0.9276011691357575 2.5586543410018248
2.5089618743704385 -2.9490577565160074 -0.688737307290864 2.9626841485764133
-0.8271322665528711 2.8747601934016664 -1.7011560532652459 1.644713342689249
-0.42763412417981606 1.8120945123336236 -0.9564703400118417 1.2140678471462107
-2.233703324132685 -2.86554052178532 -2.5520974435781243 2.6846061897370777
-1.268336477092915 -2.1109492138222015 -1.5074999557320228 2.41869110254472
-1.443838050835434 -1.7244153403179099 -0.956211141616409 4.69130234832447
2.8577945549239496 1.3712220361476053 -1.4493191968107069 4.646130693738787
-0.7688386566977021 2.4291286509390826 -1.9686281830272012 0.8397120065177455
1.612193444328673 -1.491259755048854 -2.404296543007248 0.3571786146833955
2.2434911199208862 -1.8234389577285968 -1.3177707420042624 1.1112621346561036
-2.6967726553117477 -0.5174575229233516 -0.5466423639113196 2.6203716940482256
-0.4528362244901283 1.0316991342868267 -1.8490101920573485 3.3388537258508624
0.16920566162946127 -0.8827693879913294 -0.2914814023134209 4.84601921938374
-1.8778147517164907 -1.5524432739967935 0.061554919731340973 2.8156427377855255
2.4736234575903575 1.7179015224415375 -1.5744441286857804 1.170079442505706
0.9728813559322034 0.9898305084745763 1.0 0.7932203389830509 0.952542372881356 0.9593220338983052 0.9593220338983052 0.5932203389830509 0.9796610169491525 0.9796610169491525 0.976271186440678 0.9898305084745763 0.9661016949152543 0.9796610169491525 0.37966101694915255 0.9796610169491525 0.3966101694915255 0.9796610169491526 0.5830508474576271 0.9593220338983051 0.5423728813559323 0.48813559322033895 0.8 0.8372881355932204 0.3694915254237289 0.9830508474576272 0.5796610169491525 0.4406779661016949 0.9389830508474576 0.9796610169491525 0.9627118644067797 0.9898305084745763 0.9796610169491525 0.976271186440678 0.8847457627118644 0.976271186440678 0.7796610169491526 0.976271186440678 0.9898305084745763 1.0 0.3152542372881356 0.9728813559322034 0.4033898305084746 0.5322033898305085 1.0 0.9830508474576272 1.0 0.8915254237288136 0.9898305084745763 0.288135593220339 0.9728813559322035 0.9491525423728814 0.9796610169491525 0.33220338983050846 0.2745762711864407 0.9898305084745763 0.9830508474576272 0.30508474576271183 0.36610169491525424 0.9830508474576272 0.511864406779661 1.0 0.9389830508474576 0.37966101694915255 0.9186440677966101 0.6 0.8338983050847458 0.9288135593220339 0.38983050847457634 0.9728813559322035 0.9796610169491525 0.9898305084745763 0.9796610169491525 0.9898305084745763 0.5288135593220339 0.9796610169491525 0.8813559322033899 0.9898305084745763 0.38983050847457623 0.9050847457627119 0.7050847457627119 0.9491525423728814 0.6338983050847458 0.9491525423728814 0.976271186440678 0.7830508474576271 0.9796610169491525 0.9830508474576272 0.9627118644067797 0.34237288135593225 0.5593220338983051 0.43728813559322033 0.9796610169491525 0.4067796610169492 0.7050847457627119 0.9728813559322035 0.8508474576271187 0.8067796610169492 0.9491525423728814 0.5661016949152543
0.009999999999999997 0.009999999999999997 0.009999999999999997 0.009999999999999997 0.009999999999999997 0.009999999999999997 0.009999999999999997 0.009999999999999997 0.009999999999999997 0.009999999999999997 0.009999999999999997 0.009999999999999997 0.009999999999999997 0.009999999999999997 0.009999999999999997 0.009999999999999997 0.009999999999999997 0.009999999999999997 0.009999999999999997 0.009999999999999997 0.009999999999999997 0.009999999999999997 0.009999999999999997 0.009999999999999997 0.009999999999999997 0.009999999999999997 0.009999999999999997 0.009999999999999997 0.009999999999999997 0.009999999999999997 0.009999999999999997 0.009999999999999997 0.009999999999999997 0.009999999999999997 0.009999999999999997 0.009999999999999997 0.009999999999999997 0.009999999999999997 0.009999999999999997 0.009999999999999997 0.009999999999999997 0.009999999999999997 0.009999999999999997 0.009999999999999997 0.009999999999999997 0.009999999999999997 0.009999999999999997 0.009999999999999997 0.009999999999999997 0.009999999999999997 0.009999999999999997 0.009999999999999997 0.009999999999999997 0.009999999999999997 0.009999999999999997 0.009999999999999997 0.009999999999999997 0.009999999999999997 0.009999999999999997 0.009999999999999997 0.009999999999999997 0.009999999999999997 0.009999999999999997 0.009999999999999997 0.009999999999999997 0.009999999999999997 0.009999999999999997 0.009999999999999997 0.009999999999999997 0.009999999999999997 0.009999999999999997 0.009999999999999997 0.009999999999999997 0.009999999999999997 0.009999999999999997 0.009999999999999997 0.009999999999999997 0.009999999999999997 0.009999999999999997 0.009999999999999997 0.009999999999999997 0.009999999999999997 0.009999999999999997 0.009999999999999997 0.009999999999999997 0.009999999999999997 0.009999999999999997 0.009999999999999997 0.009999999999999997 0.009999999999999997 0.009999999999999997 0.009999999999999997 0.009999999999999997 0.009999999999999997 0.009999999999999997 0.009999999999999997 0.009999999999999997 0.009999999999999997 0.009999999999999997 0.009999999999999997
-----
100
100
1.5
-1.7713064142067025 2.6521672078562863 0.07873417283090012 4.205506634330668
-2.149534175096411 1.7279773838397023 -1.2179462048903789 4.452633070445483
0.14973106655007323 -1.0493517585503789 -2.4653051771076333 1.9931496452129753
0.0021788958833897087 -2.6378751739545336 -2.917085490180955 1.6640145235362025
-2.8982302172328502 -1.6699731794616852 -0.9836222683193359 2.8501941375335482
2.8717340572715804 -1.540370938526883 -2.5324400118142707 1.8260906756242636
-0.4582028285275752 -1.6097795102230021 -1.2341184577849327 3.9389502658876223
0.6493995413860616 -0.3368442980578654 -1.022159869710467 2.929277555342103
1.4022251056669763 -0.40584968852123104 -0.4867052826982534 0.7116298185772609
1.2644138032678212 -0.6624570927834388 0.19315844456482084 2.9545026114955553
-1.1988760695769898 -0.581588063173482 -1.839811413898297 1.1222201975330526
0.7758442559215681 -2.91029329912317 -1.5717002125731026 4.682066279601147
0.44410891477692527 -0.7708351826501687 -2.3299175474836162 1.7291391432677352
2.298936416049324 -1.5522515965271908 -0.011537321689883057 3.0481768370270554
1.355948318263407 -2.1035572626442627 -0.5120711791087446 0.30673955078792936
0.5890335021303343 -0.5229357400137769 -1.0778355728836773 2.201847440851343
-1.8034608555592007 0.24585414340992828 -0.5150768063497244 1.6781918727542402
1.9986797827303135 -0.27228883906737344 -0.3113989469046463 3.886290614477636
-2.5088057977908487 2.6336755108916314 -0.5716230413590739 2.5118206054773706
-1.5348182939186565 -1.2345089069312545 -0.8951359047288765 0.906297824331088
2.2909780550451204 2.0455524563215444 -1.5821368484793472 0.894626195162373
-2.9357694028231043 -2.985678856863236 -1.9865083033052722 4.668724180140211
1.9652544828871852 1.9533474225749454 -1.623300299487568 0.12731402599918162
1.7574624430061823 1.7111333293205955 -0.14406329036793875 1.6878641030367896
0.6671566726377793 -1.1320456356770932 -1.6641242030425152 0.7569914419575039
1.4639397441907733 0.25189441121319867 -1.463229989059049 4.107968832084108
0.6833079067797023 0.7239954617459525 -0.48314011292229786 4.829060764721165
-0.7992819548101581 1.6237284186839895 -1.0354612495615934 2.901782238831374
2.9142823950539274 1.405224427574077 -0.45618304489581635 0.33305845953593294
-1.8107582108061553 2.146450955923604 -1.1926171558392777 1.5489262334153895
2.371670618939346 -2.944855121934663 -0.37491456267808476 1.2968905035473632
-1.5853538093839905 2.4244567425033967 0.43708206561282636 3.2763726227141943
-1.4410264634913896 -2.1357744809604515 -1.0470970960404842 1.0504472557823386
-1.4837962779113623 -0.8716321156614013 -1.3760339764173035 4.579716522667482
-2.8064762754384667 2.04807796693823 -1.7390537788748879 2.210300653049718
1.7215328484465684 0.672792129089437 -1.3244415269419405 2.6786728589185462
0.2175665743754609 1.0587198481419966 -2.787671818817163 3.07525464022069
0.02203188313695259 0.13751736836200967 -2.99169793206164 3.7812027329456046
1.3059462975009108 2.2059864447226043 -1.3413571257189085 3.0166846949276422
2.4931713409450245 1.0743191467044602 -2.03022452755824 4.128781610337517
-2.3613350440347936 1.0572439647789722 -0.3607711203546997 0.5272314828419762
-1.06473358286333 -0.9450096805610841 -2.36284702310857 3.1371369345932014
-0.47100637022136693 0.2649528242740353 -1.055379324313366 1.6908080811257051
-2.188458268812362 0.049040108420046385 -1.0991065271285958 3.66716461835394
2.6346035632565745 0.8410023596138627 -0.3908021413952229 0.8542894695713701
0.05080719418525026 -1.4018297503552648 -1.5044690128836835 0.6397575261657911
2.269153025307648 2.878040870214206 -1.6776764003562303 1.5638257522272387
-0.2863495167927246 -2.0344500481156254 -1.7993179552379788 4.480193933787108
-2.1684066349840885 2.69172907606452 -1.8838851898302527 3.6260711083084876
-2.3469347776780767 -0.22603019892684825 -0.8819123958039508 3.442603210838713
-1.3594879951760332 2.4088118070141533 0.07607123309565456 2.3684979596147593
2.1848204742008126 -0.061860014832076926 -1.6607370309120641 2.0465765932746476
0.9625757953151597 0.42006315216566703 -0.6120323372605152 3.9861939641316133
-0.9818356029590816 0.6105364249733132 -0.3547663476686052 4.745627929345433
-2.11431671755994 0.831007009291375 -1.6994867137794951 0.7174791298859176
-1.1598891548697736 0.2618298216060513 -0.9097076291663448 3.026524225968945
-1.7918182899477526 -2.748059558337215 -0.14507694605125798 3.0805876506463914
1.1251502574216548 1.591354484014035 -2.058993051786425 1.1979556153291422
-2.3894029058042707 -1.367714622275173 -0.804734588644276 4.726602240795942
-2.6495098433880884 0.2504365195046965 -2.2305707993339507 3.512803051061539
1.7066782539008307 -0.8943169231244155 -0.9809888483243232 3.8299400466327427
1.3266373402269118 1.4239010696409182 -1.8003146729395103 4.585665923321194
2.302017393473737 -2.538077731177927 0.29029840389598593 0.7250861243177404
-2.2945397023126612 2.9679404305310624 -2.339504044362129 3.1048752648273616
-1.3219690133551238 -0.10587610615937981 -1.5150602685559074 0.6509558456132676
1.8092632383398461 -2.834765316010827 0.4272543935190123 4.257148445342992
1.135592181507056 -0.7645134656681161 0.2530561902074975 1.8314564361027754
-1.1486760753507386 -0.027666288370696623 -1.3944958289072775 0.5302874843134187
2.6426345483183202 -0.4012537121718329 -2.6073145249097154 1.8003311120007233
-2.289644196282708 -1.4472820572302805 -0.16461010015824773 0.775749058415837
-2.7783041406610423 -1.1336586853398465 0.315255920710557 2.5313697241744295
-1.5170798655014983 -0.9905730972909825 -1.5840043802379702 0.5887230027848342
2.156789894041758 1.6389276210054253 -2.4367844972879396 0.4900636457597929
1.2690174319393053 1.4498452953839045 -2.616069742613789 2.594847560023254
2.411505356316434 -1.7250361835978962 -0.04860186774654984 3.178037630422677
-1.9497253306384885 -2.197652708573394 -0.5162087877851573 0.8353580448033426
2.5276889505422635 -1.7609248870091345 -1.2969718797491547 3.650941383296825
-0.06420684379414032 -1.9959533578468291 -1.867107074759512 0.41338921798438943
2.0605654584892665 0.992468939991902 -0.390480755769089 0.9499092191907852
1.7245508767209228 0.8591447448848093 -0.7888352348264995 2.438782703112055
-1.9043680896627972 -0.5919288115316834 -2.2166233801481274 1.759043203219137
-0.8837003293575039 -2.4654305224830573 -0.670047977962329 4.533119229992748
-2.615871779593885 -1.6795396876865867 0.330962326727934 1.2957655874682246
2.500669456501104 1.0868127495527842 -0.7941557111998176 2.3749493318551758
-1.051809924263558 -0.929878733409532 -2.9005772268473224 2.6087614965657315
-0.10934379947778528 1.096663455281866 -0.5272456489508905 3.5970265703299074
1.2072786176873929 -2.5542162866065743 -1.6908710970425438 0.8717024263114025
-0.40299674800921326 -1.0510827978685966 -1.5342144826698987 2.571109369976393
0.2703289453300335 -2.4010851253911825 -2.181850200045023 4.112522460684533
-2.619802401002494 -1.5691782092174575 -2.701020467271195 3.0878384959629943
0.9187376574643902 -1.343185650901875 -1.4359023816245648 3.034247565882575
-0.18300313041614735 2.10388444644107 0.08602528723296254 2.447335188832345
-2.102557729737181 0.5383321478375875 -1.9140718299845974 4.115841257291292
-2.5041939285323895 0.03701610310662806 -1.2278147587521597 2.634912296883561
-0.42780384127332804 0.7658232273944752 -2.3050171604591574 0.8119250661938131
2.7641274319223372 -1.9575948499566471 -0.7758967416487583 0.31231142828331837
2.8364631623168033 -2.654237289686269 -1.7949023301920448 3.605578117517246
0.6217047865685907 -2.2555808103077726 -2.209804528021624 0.8390166500502847
-0.9117272763172803 2.4413837934848157 -1.6406380404503522 3.1704302316047
1.7067333884697535 1.9326600922660413 0.0403930093158289 1.2154620117776274
0.9898305084745763 0.9796610169491526 0.9864406779661017 1.0 0.8813559322033898 0.9898305084745763 0.36610169491525424 0.6338983050847458 0.9559322033898305 0.9457627118644067 0.776271186440678 0.5661016949152542 0.8983050847457628 0.9322033898305085 0.9728813559322035 0.664406779661017 0.9796610169491525 0.8576271186440678 0.9898305084745763 0.9288135593220339 0.7254237288135593 0.5898305084745762 0.9559322033898305 0.9559322033898305 0.5932203389830508 0.4135593220338983 0.8474576271186441 0.976271186440678 0.9728813559322035 0.9864406779661018 0.9389830508474576 0.9898305084745763 0.8372881355932204 0.6033898305084746 0.9830508474576272 0.4440677966101696 0.7627118644067796 1.0 0.847457627118644 0.9423728813559322 0.9864406779661018 0.8169491525423729 0.9288135593220339 0.9694915254237289 0.9559322033898305 0.7661016949152543 0.7966101694915255 0.7898305084745764 0.9864406779661018 0.9559322033898305 0.9898305084745763 0.376271186440678 0.7898305084745764 0.9661016949152542 0.9796610169491525 0.952542372881356 0.9186440677966102 0.5728813559322035 0.8610169491525423 0.9593220338983052 0.5389830508474576 0.4711864406779661 0.9796610169491525 0.9864406779661018 0.9559322033898305 0.9457627118644067 0.9559322033898305 0.9627118644067797 0.9966101694915255 0.976271186440678 0.976271186440678 0.8847457627118644 0.43389830508474575 0.9559322033898305 0.9288135593220339 0.9457627118644069 0.33220338983050857 0.6610169491525424 0.9525423728813559 0.7966101694915255 0.752542372881356 0.6847457627118645 0.9796610169491525 0.7898305084745763 1.0 0.9593220338983052 0.5525423728813559 0.3254237288135593 0.9898305084745763 0.34576271186440677 0.311864406779661 0.9796610169491525 0.9491525423728814 0.9694915254237289 0.8542372881355933 0.9593220338983051 0.7050847457627119 0.5288135593220339 0.9796610169491525 0.976271186440678
0.015166047051039813 0.009595938428409785 0.008163310832737185 0.014716047483776811 0.009972628339487616 0.012621831913380557 0.00740533989114857 0.006026790067512727 0.00859017197664134 0.009782034296177322 0.007607182854497993 0.011566931739092401 0.007650302157893888 0.010622500324405794 0.011139126025373931 0.005980500999412743 0.007834595603940297 0.009070492650437646 0.010820830605864896 0.008492900721851496 0.009998718416346272 0.017656084912093733 0.011291706193553989 0.010516292643427266 0.007602880435162084 0.007317511978456802 0.009609241147277616 0.006656527625868508 0.014380905056611224 0.008338691341122457 0.013021591815503096 0.015729401318692215 0.009254650623305362 0.008409724255547188 0.009819714366260328 0.006530228247887137 0.009165211823083162 0.010828124044699657 0.007678147359423915 0.009819035506722276 0.0118788983755047 0.008092115760164694 0.006138936813517499 0.0076495568764742145 0.011196060971405346 0.00787623452612039 0.010942787369338057 0.009092482354338419 0.010459012014440864 0.00793368155627752 0.011742076260946649 0.0070675675896304125 0.007567617650922296 0.009849328347974166 0.009237309259643688 0.0063855757560904135 0.0127989177130022 0.008028945338258247 0.011324864073419646 0.009831208286324689 0.007484577270127451 0.009089967403426711 0.018370707815509084 0.012606636213258148 0.007917520780640534 0.018605996786635267 0.01033135386935396 0.007900535369791144 0.010929926402797987 0.012633792621234563 0.014204490049948955 0.008796954556068885 0.012384890849387549 0.008951369660490417 0.010926016780472945 0.011742068675719893 0.009050720874774215 0.009732881801118963 0.009928741336150567 0.0070571169031835934 0.008685897144016965 0.01092924511967445 0.01643537085963353 0.008273167752859054 0.010637218511947592 0.007344761276375218 0.0098597884740466 0.0062417847715545505 0.010147275213834649 0.013252867101969237 0.006573825217435973 0.010489236693964349 0.008672699502494054 0.007608555304895943 0.008582100844675918 0.012430971930005395 0.012561216493498856 0.010416577572901698 0.007786987231559544 0.012881116994644316
-----
100
295
0.8
0.39175622099776186 0.016190465941275156 -1.7687532678700082 3.7132721209959967
0.39024387780074793 0.46569850476916685 -1.582794937528795 1.7513915416330637
-1.6700044971772838 -2.8651034676783476 -1.3347556118506922 3.58440230069946
2.0840130917597133 2.299576866528497 -2.158873846404649 1.0311256040318313
1.6533187056054486 -2.6113960853746008 -1.6187278254833304 1.4999142274030732
2.1741728624897885 -0.9452229129710936 -1.655457949850223 4.581188300453151
1.7691357023668388 1.7254868224679922 -1.7777129348611387 2.2623358027837166
1.8564397550563299 -0.5999940282513343 -1.010549392023822 3.6047738287253446
0.39469651358223734 1.0232272121900707 -1.6148049762136265 3.2563143315201595
-0.4799211065557403 -2.2254588106132305 -1.1014302984130786 3.9623985289045778
1.3390083470638532 -0.009038489145164474 -1.7767423477100526 3.147383004304653
0.26598557160132286 -2.4157080691232053 -1.4557350372281237 3.3890924970550422
0.6728937150364039 -1.7916660724451652 -1.638485597122286 3.0194455929618393
0.6719848819041228 -0.631042996151651 -0.6279184990689266 4.896095746194824
-2.085553167581183 -2.1688628830438406 -2.1298176546858123 3.936822264404663
0.1483256960920163 -2.4471026870252484 -1.2043426675733313 3.136138721955989
0.8162861390405587 -0.8258911799049227 -0.6179523059785768 3.928292252568454
0.08752053372879853 -0.8984707825880602 -1.321045002892395 3.3829935042215427
-0.6477145157090236 -1.498818802377101 -1.7185332475622443 1.8642292854740066
1.0106298886085234 2.394466649042751 -2.5186969571920885 2.100484788493996
-2.456208830274503 -2.173976101513713 -2.1162111416845026 2.7414147320578985
1.4411255136363446 -0.2248059048516143 -2.58828280417431 0.4616270589164242
-2.5201730738592754 -1.6413139218718467 -2.15190039987756 1.7743699951374288
-0.12005226131036756 -0.7032098616427827 -1.2004529838370976 2.1309786768736054
2.072388429677712 2.6425458259152497 -1.7565585202669851 1.3627134319327892
2.190244002464481 2.501484311795939 -1.3021713608758516 3.162033165377504
2.5294921381494464 -1.4851481450263742 -0.6985538871268253 3.571446920941619
0.3204930780705486 0.6246147081909341 -1.8534004629625225 4.287711950376909
2.91870630443765 -0.6946236532043581 -1.8713132313304432 3.5166069516508833
-0.1520934101779059 -1.954441297330502 -1.3947050012783309 3.3595854682746698
-1.483504180960609 -0.3835215390449791 -2.100471798443948 2.4773643003109713
-0.8034643700538007 0.6744795843754978 -1.8584668337236434 4.855448225898788
-0.011852616027288931 -1.4115825436183178 -0.8228276993166896 3.0651620877479324
2.067928599263692 -2.4908068518703756 -0.9932356609238167 1.4496769217550853
1.2423174366478384 0.3072390260872748 -0.9954142284983267 2.166381133785326
-1.4130880051789487 -0.7885186894146644 -2.1383582899024822 1.061902362994479
-1.851823604785582 -2.9837653981130727 -1.4085560269000121 2.115666541878369
-0.5903103514244776 -1.5293239790335138 -1.7724997819237676 3.212316809919148
0.042730305891920395 2.034661078824814 -2.6101245678169254 3.45199328849239
0.2958640642858108 -2.274282230682455 -2.0774958356551525 2.0082666242893814
-0.8222418916319172 -1.8521951835309898 -1.0238536348000977 4.583732922958001
2.7919133062066175 -0.11082591757658888 -1.4557764722851751 4.234762433275204
-1.5407004770364787 -2.7394578956003452 -2.2086231512524295 1.3148154895920174
2.6119524265710394 -1.4168399869600263 -1.7667118274239295 1.9914719041483382
1.2789119283567456 -2.500266329898262 -2.27882268607339 0.5441481941628865
0.38443390436815195 -2.4960094977097675 -2.259800515650063 1.1659377098760062
1.088140993876948 -0.20831994499217021 -1.2917880730976743 1.355078531706876
-2.294860997236828 -2.6844614915328604 -1.6960075287519096 1.9718368109605398
1.5813464871708547 -1.52154390831637 -1.3888124903114258 3.402725483558017
2.426978023183469 -0.4376875567741383 -1.9876417273466143 0.732348224979005
0.9110422662751506 -1.552290035438229 -1.1136412573299426 2.5453002982899253
-2.644453352469006 -1.8793341062681375 -1.6277033245081938 4.399649980900326
0.2841656495332874 -1.7145329380991516 -1.2610902135110824 1.2491135477915392
0.44270290398526857 1.064258765726472 -2.5230313774037882 1.3844957659662984
-2.5702307171824144 -2.0425067905253873 -2.216250952189644 4.143073696124801
-2.767747665368845 -0.9976887802266781 -2.636982481384321 1.5506030302489435
2.3943148774928824 -0.8082952849333127 -1.3886165597149918 3.90190164242588
-0.9340996442921365 -2.3584271822013774 -1.55714476515471 4.394256299878013
2.9931277898357136 -0.5153290532506255 -1.8787937318299233 2.1765126115661415
0.9860932310685058 0.9346706089766277 -1.3589543950676763 1.4448398442172428
1.3341256145190705 1.1313467268874535 -2.4645812449266677 0.5056648859736608
2.5623478340693815 -0.19889508936316141 -2.073309270602106 1.291425933095696
1.5654952984149098 0.32973178619210575 -1.499550515354795 3.9438078784191815
0.3062895828393224 -1.7800388919426406 -2.0568377800895075 2.109692579665826
-0.4769740683493202 -1.0355960528596282 -1.5127736904919562 4.364960232166566
1.5601911103097479 -1.7979408232083183 -2.249912462302662 0.1277574937157785
2.7166156551215472 0.3188055227463822 -1.7913411130186034 4.507673350650214
0.22070043926743946 -1.7421335266390343 -0.8473104082761038 4.218995351306227
0.2194225747918327 -2.6479581849803284 -1.7475585358061387 4.450341956980005
2.631966739457455 1.4509475946958346 -0.6366523415054174 2.8770530542504797
-0.42435768728634304 -0.8133676155454248 -0.5601343575253717 4.3923305574588385
-0.5278411445274025 -1.5521395888638099 -1.7875640737027054 0.7641343088657703
-0.8194045871585853 -0.7609333099631543 -2.6210933291292395 0.9727732431675806
1.8189873641612482 2.1102180486109923 -1.14405866153394 4.9825388882383805
-1.482934977439453 -0.6629645666770434 -2.6255323409737263 3.0345035360187547
2.4487777701545204 0.2838693314400168 -1.2440582192650504 2.728519711859906
1.0972458390658053 1.1031971323128693 -2.3324238305541893 1.4383020800976105
0.45192092607824197 2.4776432241202544 -2.505208632092094 3.8691402344490173
-0.5432938390844702 -0.726096032673695 -1.0351315974133886 3.0883889775489024
1.6575023187401692 0.603611562805322 -1.508017398869773 0.8009998830798399
0.4147879345744232 -1.4901062699119412 -1.1923039005980312 2.6086720734302467
1.5859821302104953 -1.5410436529292424 -1.1808882189653518 3.483526315164862
2.607482389529756 -2.759859387152874 -1.2116811495658388 2.1431721481343726
0.7926657034973124 -1.5221303524728842 -1.6193663609497673 3.9835409299971802
-1.7646031232713741 -1.904062106625393 -1.064851856943383 4.972447703181917
2.208438806123038 1.1752789677464803 -1.4816300402690994 4.4117596370433345
0.8236279133618138 0.8202686149992162 -1.4052065762218247 1.5012325186850557
2.4986050422841313 -2.9215470740516047 -0.8162534139409021 3.642566515801637
0.8271428115525872 -1.4629660664862596 -1.433190818222132 3.745708685065435
-1.7576600755215641 -2.5938000294072596 -1.6014739887988703 1.5376174823143156
0.6410022328009473 1.3806659099097702 -2.0112735418314607 2.7331032354843736
2.179734340295541 0.7842799206801927 -1.866369395627857 1.2438227802224158
1.1286148197303307 -2.1813811023303034 -1.0804432070437824 4.489921408603337
-1.6911791378606766 -1.0056840220551853 -2.201240259078223 4.680999609818807
-0.29076847457588384 -0.6058441449888035 -1.297980312147796 4.535434814488036
0.5284272666975038 -1.7730965063859143 -1.7906251835192128 2.6315934049590233
2.63425971766703 1.7446366611033963 -0.5142647033813277 4.717254407467309
-2.7280386424610485 -1.6078231614303258 -1.5190242399733451 2.8070887714701973
-0.8054226521338927 -2.248857954907651 -2.0049824638974814 2.4964889285353946
-2.094139171295712 -1.214798320328571 -1.9525428791361474 3.4113507872583204
0.511864406779661 0.6271186440677966 0.2983050847457628 0.45084745762711875 0.40338983050847466 0.6508474576271186 0.36949152542372876 0.5457627118644068 0.6610169491525424 0.44067796610169496 0.6033898305084746 0.376271186440678 0.46779661016949153 0.6983050847457627 0.5830508474576271 0.447457627118644 0.7627118644067796 0.3830508474576271 0.31525423728813556 0.6576271186440679 0.2033898305084746 0.6305084745762712 0.43728813559322033 0.6542372881355932 0.7898305084745763 0.7152542372881356 0.7491525423728813 0.36271186440677966 0.7627118644067797 0.3016949152542373 0.6644067796610169 0.7966101694915255 0.7254237288135593 0.7966101694915254 0.7322033898305085 0.6237288135593221 0.45084745762711875 0.5593220338983051 0.7932203389830509 0.7491525423728814 0.4813559322033898 0.423728813559322 0.6305084745762712 0.4406779661016949 0.4440677966101695 0.7016949152542373 0.6711864406779662 0.22372881355932206 0.3016949152542373 0.3830508474576272 0.5796610169491526 0.40338983050847455 0.7016949152542373 0.3728813559322034 0.23728813559322032 0.7389830508474576 0.36610169491525424 0.5050847457627119 0.5796610169491525 0.776271186440678 0.4067796610169492 0.559322033898305 0.43050847457627117 0.7559322033898306 0.37966101694915255 0.7559322033898306 0.7830508474576271 0.6033898305084746 0.728813559322034 0.7966101694915255 0.7830508474576272 0.535593220338983 0.6440677966101696 0.6610169491525424 0.5288135593220339 0.47796610169491527 0.552542372881356 0.7898305084745763 0.6915254237288135 0.7016949152542373 0.535593220338983 0.45084745762711864 0.5728813559322035 0.5559322033898305 0.4949152542372881 0.43389830508474575 0.752542372881356 0.664406779661017 0.3864406779661017 0.43728813559322044 0.4915254237288136 0.36271186440677966 0.43050847457627117 0.2779661016949153 0.3728813559322034 0.552542372881356 0.7864406779661017 0.7661016949152543 0.7186440677966102 0.4338983050847458
0.007853735728391468 0.00691882953284768 0.010332845980422124 0.013524901354909693 0.009689699575703151 0.012201262007401095 0.009469464466899405 0.008310497758395926 0.007743371355730921 0.008775349581863566 0.007790993102847157 0.008446448079140178 0.007617558750715687 0.010749583467721709 0.011201959061793311 0.008120052537219436 0.008151482207110029 0.006915472637740841 0.007356808271150458 0.013265920476625573 0.010917235418882164 0.01234486868184449 0.011018407850003412 0.006362966213239161 0.012670797477362359 0.01270205826249485 0.009857301887077737 0.009621940751454462 0.011435101695044454 0.007662641308109499 0.007944288813220535 0.011440553915666061 0.006965744070722163 0.009360451430473041 0.006827239044953047 0.0094026071894318 0.010657506337553921 0.0075446239585044384 0.013249524579657269 0.008798670782079661 0.009784961515638901 0.012394765309936662 0.012467902125690619 0.009374993011428658 0.013047227922655771 0.010767692710056443 0.006960449546405061 0.011182053923171424 0.00818998899763498 0.010422797537040882 0.0069585795129281595 0.01168370359223309 0.007452557458785604 0.010322303859422642 0.012666791674852853 0.014019179720088664 0.01003720890557728 0.010218104243629086 0.010049884888709578 0.0074420558505319 0.012601064371790429 0.01002231969771938 0.00913932364097119 0.008003929201339719 0.008601094693725452 0.013213885660618452 0.014605206942910455 0.008797419425328886 0.011338717341178502 0.01068967970688722 0.008943012885129317 0.008841904546270462 0.01098041473636464 0.018230305482208012 0.009939645562926161 0.008450646321603986 0.009745309628804568 0.01581980909403181 0.006642190667451082 0.008527759386973983 0.00677502551961246 0.008196298959502944 0.010738907111432196 0.008631365290124695 0.011979617639142522 0.013213916826435612 0.007267015887933581 0.012354158107600597 0.00799570114824643 0.010272325669841076 0.008596339628347712 0.009318170930701973 0.010568872771933548 0.011698203470094757 0.008787491125718097 0.007559217637533081 0.01925475814018932 0.009390324340058766 0.00867087111574357 0.008933811776751137
