4
100 100 100
100 100 842
5.0 1.5 0.8
-----
100
100
5.0
-2.3085916597319973 -0.4289302758387121 -0.3006387456904207 1.9864619621742619
-2.403266296600471 -1.287780539636143 -2.2656210161146584 4.9622942805688535
2.349443390450876 -1.525155806121799 -0.7499819172295918 0.5902872763070166
0.4748142334019487 -2.2825140002426942 -1.3336173399338487 1.37839028579669
0.21508082027220565 0.15018358359443384 -2.907513278082133 4.907125921922785
0.10354989623543798 2.7108709131087316 -0.992163059122702 4.014917123978789
2.577972442475592 -2.498679099557951 -0.009645576371760889 4.040005150894616
-1.9163734916110102 -2.290118907542649 -1.6446199717092884 4.5621066319483905
2.511710293111271 -2.5192602946135643 0.26920489329434405 0.6082473029897872
0.30139491892742676 -0.5050375204824786 -1.3749148665101933 1.069903453459956
-2.8603843332780663 2.822646939894234 -0.25230010650009005 0.1471125552461916
-2.4525876134902718 -2.140605076755267 -1.7798772806097523 0.0548287218482868
-1.5598267588472834 -2.6085551348986478 -1.7973665360820203 0.19999838116420032
-2.139792962061656 1.3868713192493454 -2.2399093030226918 4.499184267060404
2.5620296015018154 -0.9933883532312371 -2.7341067029937487 3.1057887791887095
2.3448026862371876 -1.6293126154579207 -1.870354792176804 3.7436801536498576
0.42861966160954257 2.417401800958629 -1.4099112579567568 4.77835430886517
2.910116374626746 -0.9153047302093666 -0.1714159664457866 1.5613354665438195
1.491521836400734 -1.4015937087754096 -0.4819233473085771 2.3236501328245387
1.928535072972437 -2.4782428079637886 -2.948259395781907 2.563699925265869
1.1958513842912648 2.8163284410586975 -1.0774440064039519 1.4928953037434667
0.2149731291138255 -1.871477959883384 -0.49882725946532114 2.615221082693804
-0.017606726370301473 -1.5004796397959925 -1.9207895176602088 1.9352633335303293
1.3625192830731816 2.979578878330299 -1.8996662238303368 2.685937377837525
-0.500304520653216 -0.9268978849702831 -0.6881371090477573 1.7959452017122746
0.7748828924562909 0.4720666670868603 -0.533896305602318 4.6714971858493115
-0.22844799385058456 -0.270898267365435 -0.9302007527932448 2.5168052665743126
-1.2248446551961032 0.9706489770761557 -1.1597167886934763 2.387573682611568
-0.374110617934138 -0.3488504373091681 -0.9539622971203348 0.7145720440277026
0.09407860683822422 0.47186682186364504 -0.5695678768039185 1.02784591801387
-2.870631383714872 1.4046973983108204 0.1750977920833603 3.8309901066509267
2.019823507410372 -2.034506450200923 -0.05904127885935173 2.9293285167280514
-0.62183214328057 2.6951219609986685 -0.11926348366047401 0.20528986899852386
1.7897339229823892 0.12116102376117022 -0.27213331188841217 3.8100875037032456
2.2797272103985495 -1.6610287611236636 -1.6628036554384749 2.3653761745206436
1.4983078664053533 1.4099967292570277 -2.752899994826363 4.099054852164111
1.9886613691038821 -2.1571305926772864 -0.967562461060087 2.791312288228255
-2.5356756386815693 1.2668452783748076 -1.0546355600199335 1.7633684195338306
0.7228089508477353 -1.2710603658266453 -2.7227146363210433 3.7978337830410758
1.4041767227738653 2.665192998562487 -1.0097314956084915 3.4459389269194265
-1.3299079991907252 -0.9119302401125675 -2.3821219907048765 2.601887914149421
1.506955979332031 2.8171082682946054 -1.5484447020275327 1.0601720696975114
1.6660693925787875 -0.17096635004892224 -0.23554884609769067 1.3442955522861832
-0.03946785057149027 1.8916552858193985 -0.9993018671489309 0.8832827311931668
1.9355575773061675 1.7894858646461467 -1.7208366802324253 2.6410139782447164
-1.8965833246353831 0.5582028600869777 -1.5007910245241933 3.3282653105922098
-0.2720141075803526 -1.1147499532113585 -0.0980172709441427 0.042229227501109357
2.7480287130159446 -1.9655559209307008 0.38256658663206533 2.7262701135666676
-0.2699065913396277 -1.1029728698277617 -2.0185983033247217 3.3965177308043426
2.319373570630459 -2.1182765894319604 -1.1130255183840436 1.8326104856084469
0.13608409430072 0.9576697714656421 -1.8015970141237982 0.252484668683266
-2.9935809553440618 -2.7477560191634325 0.338744512721215 3.7617301619829604
0.9190835064063125 0.5588303565155077 -0.2371723923987008 3.883952473417142
2.609679375781548 2.345803228361591 -0.7883195676957397 3.97015641562818
1.2386868096912647 -0.16706400275411815 0.3657486603752331 2.1860958172641674
1.2112530743614283 -1.9097751760488841 -2.8710610583174914 3.0103634986270142
-1.8682258810784278 -0.009326814833984898 -0.5709161330998072 2.5390295371202773
0.3969753308182269 2.7760095235591624 -0.9710331138306261 3.513598257178885
-1.2951990168983198 2.357355290200662 -2.139033061167319 2.462672732316208
-1.8489209938348874 0.7594312766220073 -2.4628668039412727 2.2543828876031546
-2.3414502977962566 -2.9036916224553813 -0.6077857888979143 0.1800986056732612
-0.6345968774923483 -2.1793902174380473 -0.3208364894320255 3.993928205857362
-1.3979523498396191 2.1756769802038214 0.12221609393426336 3.621760364793677
-2.5399745885536595 1.547630045376632 -0.567920634094051 0.47927410522896285
1.9112397970729091 -2.3014894118448503 -2.0862694242129702 1.854122337280073
-1.5877128342265379 1.9508765477681465 -1.3575094568381338 1.986440823566279
-1.927865356912175 2.674095348615369 -1.8927705085945015 1.475453824082117
-0.15738682788355574 0.5667905798528339 -0.8701660547064054 0.9900669953247776
2.1518810725725075 0.6369497041168941 -0.9063548841662938 2.6681389843917893
2.112990428508084 2.145056876905631 -2.557648970128478 2.749051900969819
-1.5881737523647077 -0.04579294997473271 -0.8135015541544832 1.5185630072505008
-1.4586438251540623 -2.1031626712118756 -2.126724643442891 3.506075358312576
-1.0848480256793551 -1.6619650641053623 0.09000429260385534 4.386434734581307
-1.6133552782206477 1.168079100055163 -1.6864486976818405 0.9095013243253058
-2.1743385848751173 0.39814689329174247 -1.9721792041406925 3.9581584453188015
-1.6634819146963054 -1.3464470456816446 -2.4437840387834635 1.8873611348458907
2.593469065696862 1.489507583785434 -0.4786755359013495 1.0512380731196769
-2.133270079653801 -0.8238687074193591 -1.206849463607021 3.9357577183150196
-2.611786551775951 -1.8380639922711275 -2.35841439630444 0.5996094415404785
-0.5488579968855483 -0.21924731248666163 -2.311129288999897 1.119985013237793
2.6704998900339127 -1.1293920356297296 -1.7489176109927635 4.376579202308591
-2.57641493512412 0.7130178079625953 0.3533428394419893 4.199742715078743
-2.4381261718376503 2.5801272733913683 -2.5133927535183243 3.2163641703551358
-0.7183022847417999 1.9573296526302055 -0.05350503728582945 1.2252406104035274
-2.6393639930111426 2.200107467067591 0.442201389130112 2.571505849450646
0.49017325759156094 -1.3610235431656736 -2.578472376146512 1.7610113846115738
0.8352385531453708 -0.8314299861515728 0.32999520425739925 2.092710822241619
-2.682251000384753 1.0738636695750126 -0.4072791930054045 1.8105165280871904
2.0024084777683857 2.7373252704992854 -0.5708089894075776 0.8088988970763877
-1.0766107140941426 -1.4351657487968374 -2.0443665421152915 0.5694536551815155
-2.145914781282405 2.6463198422489818 -0.6443938384729493 0.896643919200315
-1.437877055183221 1.8492704875709691 -1.573105532608118 2.8566122520919413
-1.1309835358710365 -0.006066168007364592 -2.1742933681005674 3.8015837386993745
-1.1913472165751258 0.3614731734821057 -1.7872224885236512 3.066076469566321
-1.5024936961956779 -0.08341517409878296 0.04277717187360164 3.394592628373778
1.806772678105462 1.516305057067438 -2.976940810132436 0.09466927111686507
0.33612501172677733 -0.5367737602615694 -0.23959226037797654 4.079724386137294
1.232527091359417 0.14271954447865376 0.0914606822982118 0.5216131452509853
2.5292910939004 -2.703173802194794 -1.9087531645735472 3.5585417184033528
0.7996053633348428 -2.2208889018839018 -1.5269895848513475 3.1646388334908417
0.9966101694915255 0.9559322033898305 0.9966101694915255 0.9864406779661017 0.7152542372881356 0.9966101694915255 0.9932203389830508 0.9220338983050848 0.9966101694915255 0.9898305084745763 1.0 0.9966101694915255 0.9932203389830508 0.9966101694915255 0.5830508474576271 0.8338983050847458 0.9966101694915255 0.9966101694915255 0.9932203389830508 0.7661016949152541 0.9966101694915255 0.9932203389830508 0.9457627118644067 0.9932203389830508 0.9932203389830508 0.9932203389830508 0.9932203389830508 0.9966101694915255 0.9966101694915255 0.9966101694915255 1.0 0.9966101694915255 1.0 0.9932203389830508 0.9661016949152542 0.4406779661016949 0.9898305084745763 1.0 0.6576271186440678 0.9966101694915255 0.9152542372881356 0.9966101694915255 0.9966101694915255 0.9966101694915255 0.976271186440678 0.9966101694915255 1.0 0.9966101694915255 0.8033898305084746 0.9898305084745763 0.9966101694915255 0.9966101694915255 0.9932203389830508 0.9898305084745763 0.9966101694915255 0.7559322033898305 0.9966101694915255 0.9966101694915255 0.9966101694915255 0.9966101694915255 0.9966101694915255 0.9932203389830508 1.0 1.0 0.8915254237288136 1.0 1.0 0.9966101694915255 0.9898305084745763 0.6440677966101696 0.9966101694915255 0.6779661016949153 0.9932203389830508 0.9966101694915255 0.9966101694915255 0.9254237288135593 0.9966101694915255 0.9932203389830508 0.9864406779661017 0.9796610169491525 0.8610169491525423 1.0 0.9966101694915255 1.0 1.0 0.5118644067796609 0.9966101694915255 1.0 0.9966101694915255 0.9864406779661017 1.0 0.9966101694915255 0.9864406779661017 0.9932203389830508 0.9966101694915255 0.9864406779661017 0.9932203389830508 0.9966101694915255 0.823728813559322 0.9661016949152542
0.009999999999999997 0.009999999999999997 0.009999999999999997 0.009999999999999997 0.009999999999999997 0.009999999999999997 0.009999999999999997 0.009999999999999997 0.009999999999999997 0.009999999999999997 0.009999999999999997 0.009999999999999997 0.009999999999999997 0.009999999999999997 0.009999999999999997 0.009999999999999997 0.009999999999999997 0.009999999999999997 0.009999999999999997 0.009999999999999997 0.009999999999999997 0.009999999999999997 0.009999999999999997 0.009999999999999997 0.009999999999999997 0.009999999999999997 0.009999999999999997 0.009999999999999997 0.009999999999999997 0.009999999999999997 0.009999999999999997 0.009999999999999997 0.009999999999999997 0.009999999999999997 0.009999999999999997 0.009999999999999997 0.009999999999999997 0.009999999999999997 0.009999999999999997 0.009999999999999997 0.009999999999999997 0.009999999999999997 0.009999999999999997 0.009999999999999997 0.009999999999999997 0.009999999999999997 0.009999999999999997 0.009999999999999997 0.009999999999999997 0.009999999999999997 0.009999999999999997 0.009999999999999997 0.009999999999999997 0.009999999999999997 0.009999999999999997 0.009999999999999997 0.009999999999999997 0.009999999999999997 0.009999999999999997 0.009999999999999997 0.009999999999999997 0.009999999999999997 0.009999999999999997 0.009999999999999997 0.009999999999999997 0.009999999999999997 0.009999999999999997 0.009999999999999997 0.009999999999999997 0.009999999999999997 0.009999999999999997 0.009999999999999997 0.009999999999999997 0.009999999999999997 0.009999999999999997 0.009999999999999997 0.009999999999999997 0.009999999999999997 0.009999999999999997 0.009999999999999997 0.009999999999999997 0.009999999999999997 0.009999999999999997 0.009999999999999997 0.009999999999999997 0.009999999999999997 0.009999999999999997 0.009999999999999997 0.009999999999999997 0.009999999999999997 0.009999999999999997 0.009999999999999997 0.009999999999999997 0.009999999999999997 0.009999999999999997 0.009999999999999997 0.009999999999999997 0.009999999999999997 0.009999999999999997 0.009999999999999997
-----
100
100
1.5
1.7951229218020215 -1.7353941021719943 -0.4516602853724545 0.7182921576016841
-0.9693888176876655 2.015899327246062 -1.959599522161253 1.9920286890457877
0.1553902528464155 -1.701002672569396 -2.172027910664859 3.8160199370134187
-2.9490032102103845 -0.38322772071579725 -1.4977963326896284 3.6541626702704537
0.9790366292876994 -2.070164480856754 -0.485536253564095 1.94883581499843
-0.019956828130770488 0.8897371731094195 -0.3579635413574167 0.9980777830846739
1.1066421301397078 -2.279526120401692 -2.3422213231543987 1.3756477498901925
-1.4921260649843089 -2.5098859418390305 -1.2667004315318542 2.7654257388026515
1.4994510470701576 -1.855579311798902 -2.0702732796221697 1.7722684862992795
0.8662509184491483 0.15133863416629456 -2.873026217703245 3.6715678740810436
-1.049578368602889 0.008923113410870043 0.15837967337467962 3.815078318049084
-1.6370845288891016 0.8312649865913864 -1.4558806490298182 2.004700105517274
-0.07908195143372776 0.08896455315678864 -0.5850208431702184 3.8825093148575647
-2.4580062249895462 1.5507132514262165 -1.4837193662537964 0.37604194923707435
2.528889023929084 -0.35592809323449137 -0.9243957083828447 0.9347334333245088
2.179819639755534 -2.698917617868732 -0.8348762399332792 2.799237365004217
-2.7891431898333865 -2.2661595309002482 -2.1369006970334956 0.2932052043314848
-0.8875422172435141 -2.7732251093000273 -1.8234713171353385 0.7717245220735913
-0.6332169959575368 -0.6129497994058103 -1.4641141021561963 1.5577814623809654
0.8915432360640174 -0.12784882133074982 -1.5810393511124787 3.781152044494775
-0.23664430623676228 1.9822932777477489 -1.6979665309194205 3.246669939534483
-0.4496156640330893 1.2826508613305516 -2.6479119285186417 2.7705820969614776
-2.001250509242139 -0.8024525954265588 0.3699543576994807 3.1641289048982335
0.522731419000229 -2.1996884211716563 -1.3537778953404935 3.0235107324677903
-2.7162997212118953 1.3922966418531324 0.4057762186417563 3.7575444779161082
0.28484045656325085 -0.38139726484559966 -0.2664934839844853 4.338117087877629
2.6954106552065054 0.258585860540261 -0.7277808500650188 2.089996058326484
-0.04148875373233252 -1.6235532162838815 -1.5905443107038033 3.8298130620604374
1.8925473595551492 -1.659848941780534 0.05751012956226487 1.6019774857536389
-1.6796112352408388 -1.0970668238595678 -1.3150553946448194 0.25798611242903247
1.2726087762169978 1.5259771821345376 -2.322081553863467 2.541772410667803
2.39257719030834 0.7133033902612129 -1.5293383104264664 4.820003787128057
-0.5666003752706524 -0.41415700197261635 -2.6991105267078868 4.527472692940831
-1.6422757683514073 1.49113760021155 -2.255167197546968 1.282071230056652
-1.0615083855678336 2.568076859646159 -2.5309116917801804 3.987060397586009
-1.7979304304357764 -1.6134728072279296 -2.573190677883619 4.431409970587662
-1.7836613999545659 -2.0037659994333024 -2.3288033929717322 2.6955336493528783
2.4774451598016998 -1.6257880106157265 -2.5573170792608124 4.7527252449860535
-0.5969232836455409 1.3666759254908234 -2.131916651255189 4.926980710995103
2.4749698412236323 -2.623021788178189 -0.33723349095621824 1.7785011594905336
-1.1712688172479946 0.9168750558801697 -1.3193969371676355 2.864525574592351
-2.5801149145583073 0.9090646664523103 -0.03882878963115466 2.061264633931032
0.36352285548660734 -0.4963817028845683 -2.4443600423106937 3.8040851281326344
-1.8447577794954961 1.2757408197683695 -2.349493451970303 2.775802665601704
2.0387722315450136 -1.238436233941076 -1.7323969401761705 2.1314733921966713
0.3063287542182669 0.08070434763860046 -2.6831895718661487 2.171033645131845
-1.9357887181904392 0.13453793776493317 -0.4510127191426766 1.2721491573251824
-1.4086501842875463 -0.43555104302550385 -0.4845393917832762 2.6341644300668774
-1.3521182330045174 2.603483441380656 -0.16334179082286443 0.22095766478826895
-2.1155916255142326 -0.6126968719880572 -0.9297908814502431 3.4538190198794507
-0.975380729889546 1.9560429877826837 -1.188666305936226 0.5971417073661351
-1.0029022766450724 0.6161664606464043 -0.6746339135575576 1.0889830425656652
1.8481672387851733 0.08118380438327444 -2.1188317530241294 3.0609901400469033
-1.736837194279985 0.7064917754631577 -1.8788980373332487 1.610570873841479
-1.6665079012019297 -2.050040982885787 -1.5415705683210839 2.542464462964809
0.5527138278994167 1.7978036958398596 -0.14300267992683108 1.6997614015296263
0.6303877678077099 -1.7465746879468735 -1.7727582289232122 3.123752536610241
-1.8927826957934275 -2.2075303041241328 -2.9021770519918135 3.852095248956182
-1.5567429097065726 0.009060905446419465 -2.567154639566312 3.0171601688753715
0.7292040963241591 0.4783323874686085 -2.9500770771763856 4.661942112032304
0.4960922023223795 -2.1366202793351623 -1.0247292666469785 3.7232244037924964
-0.44075691876815126 0.8658369820587932 -1.4768628514806121 3.3045297101240374
0.18191071920768037 -0.06126459581051269 -2.6364887594240036 0.28178086529024116
1.0315523524228687 0.29288809937889315 -1.527326269687195 2.947228905926891
-0.9681911662205742 -2.5769829482572573 -1.7209484316678878 1.8151156100988137
2.0238271710456823 -1.3813569380482087 0.0088077693207686 1.0779448440722639
1.7766273805946604 0.5879052549738546 -0.5412704939858354 1.5276402923853647
1.653026769828992 -2.837151406705489 -0.8016431469005688 3.3955834950958086
0.4603625575314273 -2.986050260614849 -1.1588607021576567 3.58154959899204
1.518684484855771 -1.9453800084582111 -1.7110591954050314 2.567110524068082
1.7247858830630696 -0.9314435804818926 -0.6217985754792972 4.572814284176977
1.5411583142677077 -1.3340246125483712 -1.3562912387115178 0.10361703261360367
2.0178488005344337 0.11564797529767856 -2.3732745468404937 4.507935667338636
1.3687103266440848 2.3348413119697464 -0.47654918529623547 1.6975414324804106
-2.4428350809408528 -1.7693329813671466 -0.33795458224676306 3.204699554675578
0.13278388577128397 -0.009368024118021179 -0.7990456211962021 2.0302857357800734
1.6493881134971358 -0.5627338946092024 -1.6154120815152604 1.7342461632383297
-0.058368632976125934 -0.1734861774742944 -2.7315090688853063 2.570688062552083
-0.3322488894372566 -2.5574127761240977 -1.4526777757148917 1.0925304709441046
2.5674576661037203 -0.28190862077426637 -0.5941867260579659 4.868494561917015
-2.1031925487220815 1.91931406536323 -0.6118748635640608 2.804045873844009
-0.8629498942688183 -2.1872637832863826 -2.198637691294327 3.419573382893846
2.7117989814788164 0.8041043815068403 -0.05507790791053002 1.4823379620320152
-1.1743462513710607 -0.8706579917629322 -1.1524020736420542 1.4260924648249595
0.6381722657101359 -0.4850031441932554 0.4107557199864247 3.1984749188921984
-0.1765741419413458 2.937712246436006 -2.8357111300545315 3.1703483155207564
2.415629747293303 -1.760467287339666 -2.5106872458159186 1.0531595478959588
-2.4835860993807852 2.2771701810851805 -2.9042144473273357 1.03769804899613
1.953272710038836 1.29184592365894 -1.1523023122256841 1.5846152087782865
1.899711211495022 -1.1485471247405274 0.023174923106861645 4.076250418085675
-0.5037420321239083 0.7516273374811864 -2.1116331191220783 3.2490080849323895
-1.3454009809551946 -2.0903553636577845 -2.8200610370840904 3.6309351717195297
-1.2171035479656753 1.6248751076904258 -2.0510221912373514 2.0323055169931186
-1.918697698004618 2.1031615916605704 -1.065956457980886 2.344852481873253
2.6326570142059396 -2.368005609511171 -0.7269658310962694 2.3970925965262637
-2.8088971191570273 -2.068798647005726 0.056358161037076804 1.024760077157782
0.1310112148936191 -2.2487753671380415 -2.8619638839320904 3.1814975574973645
0.3438451047858164 0.11657780383780914 0.3879691511544492 4.092370238457946
-0.022561305507060203 -2.37195515972599 -1.4528233263448056 1.2058828562924635
-1.8357970110931725 -1.6537976155028966 -1.6703730622152204 1.2583089389099444
0.9966101694915255 0.9966101694915255 0.552542372881356 0.9966101694915255 0.9932203389830508 0.9966101694915255 0.8135593220338984 0.9864406779661017 0.9016949152542373 0.7728813559322034 0.9966101694915255 0.9966101694915255 0.9932203389830508 1.0 0.9932203389830508 0.9898305084745763 0.9898305084745763 0.9864406779661017 0.9898305084745763 0.9593220338983051 0.9966101694915255 0.9898305084745763 0.9966101694915255 0.9796610169491525 1.0 0.9932203389830508 0.9932203389830508 0.9457627118644067 0.9966101694915255 0.9966101694915255 0.9220338983050848 0.9322033898305084 0.3152542372881356 0.9966101694915255 0.9966101694915255 0.4271186440677966 0.6745762711864407 0.5830508474576271 0.9932203389830508 0.993220338983051 0.9966101694915255 1.0 0.3118644067796611 0.9966101694915255 0.9661016949152542 0.5084745762711864 1.0 0.9966101694915255 1.0 0.9932203389830508 1.0 0.9966101694915255 0.7050847457627119 0.9966101694915255 0.9796610169491525 0.9966101694915255 0.9220338983050848 0.688135593220339 0.9864406779661017 0.8440677966101695 0.9864406779661017 0.9932203389830508 0.9796610169491526 0.9796610169491525 0.9728813559322034 0.9966101694915255 0.9932203389830508 0.9898305084745763 0.9864406779661017 0.9593220338983052 0.9898305084745763 0.9966101694915255 0.3220338983050847 0.9966101694915255 0.9966101694915255 0.9932203389830508 0.9796610169491525 0.4101694915254238 0.9864406779661018 0.9898305084745763 1.0 0.6067796610169491 0.9966101694915255 0.9932203389830508 0.9966101694915255 0.9966101694915255 0.7864406779661017 1.0 0.9898305084745763 0.9932203389830508 0.9898305084745763 0.688135593220339 0.9966101694915255 1.0 0.9932203389830508 0.9966101694915255 0.7694915254237289 0.9966101694915255 0.9864406779661017 0.9864406779661017
0.010240049626891897 0.0082037763278777 0.009038981138760666 0.010157069480879726 0.008110580354084034 0.007588620891270134 0.01073690270430967 0.009265755418812784 0.008972427691470424 0.010794414405988651 0.009551366006769093 0.006866507170226359 0.00754677802704092 0.011014072361334224 0.009628541869275115 0.010075106903723515 0.016375173693102877 0.011428410216215656 0.006557045223477474 0.007410980522763234 0.007886585574353306 0.00931925409536639 0.011028379248116931 0.007775934516369359 0.014084782452959623 0.009330851901991769 0.00879398211782158 0.00807304861167918 0.00992536847765538 0.009776221763245307 0.009157290549333372 0.013349779779925564 0.011875116628157684 0.009708581944517836 0.013618136514939946 0.013999067580574932 0.010341504913882367 0.01700062526325962 0.012332283448731463 0.011425860549843554 0.0065941261815483454 0.00945320334662348 0.008861216862883506 0.009252484658363728 0.008120540086061927 0.008762259483007094 0.00796921275502375 0.007050063601484581 0.012392414054392092 0.008140951082951552 0.008740462790250349 0.007095189635389501 0.008398188485802604 0.007713776058512975 0.00857804479685241 0.008384622597479444 0.00758016029116429 0.01621291864738456 0.009177720349525386 0.014521069641583399 0.008551299575896195 0.006712675306143392 0.012420376665392304 0.006660062428013493 0.009204910027440451 0.010454725165474505 0.007877091979415019 0.01039334110874547 0.010185081075244153 0.008058901113371233 0.010878120678480303 0.011134879529863018 0.012557817217800115 0.009345967901558358 0.010801444539916516 0.006116088882520578 0.0074144279874025255 0.00878319244070432 0.009377010217378587 0.014259897137314598 0.00851584922836095 0.00973526984844039 0.011189664858489143 0.006965630997029389 0.009601680073309105 0.014792112927624139 0.014135030917053563 0.019227279692349036 0.008293945491484914 0.011460969647513964 0.0074714059346133324 0.013282181002825242 0.008058529498630762 0.00803770190386398 0.010198674742317013 0.015793943079396064 0.011776188699223894 0.011235124832283483 0.00874351210209231 0.008934152171739906
-----
100
842
0.8
-0.4612195922557736 -1.6181576214076836 -2.74093521847126 0.7209810108817295
-1.13021332500366 -2.3788071634642898 -2.6365327126448204 2.6979952669665797
-0.8487370573926074 -2.348174045379988 -2.2578717455414115 2.2301942095907203
2.0236414773338365 0.6190679631497202 -2.8260906916581447 0.5884555557591007
-1.7724882177070964 -2.166934568531714 -2.2100117384734306 2.4450429197514727
1.230666829448677 -0.07681400075472125 -2.2800444419634642 3.947539946914383
-0.9752436015418375 -1.811445816560418 -2.9213937198149846 3.1597432801515284
1.4658661664986825 1.3157288754887553 -2.8305856822008972 3.8292508281524373
0.11100297455773278 -0.4120057045716119 -2.5305139833527086 1.536891569441252
1.3316683426511717 -0.6971659208496319 -2.883844534463866 2.9552010982578834
-0.6511422233255355 -1.9841614569388035 -2.255226438006342 1.941685111361281
-1.222153115383862 -2.5194080927619167 -2.247296279754535 1.9368860429130441
2.223304823583316 -1.217200640016471 -2.4316226299848673 2.2795619441457236
0.24984082862684845 -2.0107002378508247 -2.164503218314394 2.6619875277413416
0.26240291059431753 -1.6386851711243937 -2.682557977727558 1.862705309768867
0.584975001478165 -1.1769831130629436 -2.7078630544548488 4.0583365963374645
-0.4119957990324379 -0.3069782619693382 -2.705028464410671 4.861580095386094
0.9639309868229451 -1.1964193653510178 -2.5860891726943684 3.844183167290813
1.4497026651630387 1.1171989337855255 -2.430783307426235 1.7965352047809224
0.4647009173294374 -0.10337946856052671 -2.1235643943585814 3.1439552054667366
1.1015051395025388 -0.3321517218173131 -2.9048929050611947 0.7313001541488515
0.007877885298125609 -0.5252541759686865 -2.8427569894839393 1.8372893088838138
-1.6431871580674309 -1.5481353749317714 -2.6403637024630933 2.1192755457061283
-0.13132652217985497 -1.9181815962263937 -2.695283614193513 3.1713380090445353
1.1821820427460477 -2.672012401762845 -2.28195235528257 4.742291359470885
2.0080758564915016 -2.395825246205888 -2.2971975384948116 4.3747168108389705
0.7688406616946108 0.2627771789840012 -2.5884776416242063 1.931693873719889
2.1053032027393637 0.5782188801251227 -2.643965956273952 2.4320707003072566
1.7984986429689866 -0.021891657036019918 -2.600488579029702 3.7902038133434006
-0.14092241188074417 -2.9673251495549975 -2.446535347580129 3.1588908289224307
1.0985871452055491 0.20479890700257553 -2.839446739623589 2.0188810265834807
2.0225813978723224 1.379178014285233 -2.719184571899209 1.335452734616557
2.427807744296297 1.2107675103966256 -1.939245891755381 4.6483177316073
-2.9567555942982153 -2.948481377521246 -2.6419451958371245 4.44788977240693
0.8907941211123076 -0.13464141517415815 -1.997333893427398 4.30439784852231
2.845323937432343 -0.24375360284864933 -2.5912767644741703 2.037482505898035
1.8569848380197826 -2.685760293184431 -2.681194004960785 1.836119787786168
2.2323729848282445 0.39908918465060195 -2.5149956977805172 4.37274389380977
-1.238892351388782 -1.7919856879952691 -2.703668382457948 4.719788237962489
-0.2823840705943266 -1.3574271711272363 -2.24806922934001 4.573191469283225
-0.2344185799939975 -1.1738084227190253 -2.9378676186427937 2.9359460971116706
2.0041022222274245 -0.6835384926923296 -2.817292071818859 1.2050244570298505
-0.7167617436085563 -1.161710353535958 -2.5359837473223092 2.957030171630007
2.4632148743690054 -1.8847986789324964 -2.537184471995813 2.0159063627324123
2.5691086860606744 -0.5824283871331732 -2.6531149892158616 3.342347819608033
0.8345044743242367 -1.2115882804732803 -2.3900686963809803 1.9170876894055444
-0.6131542095077327 -0.05187067133277834 -2.8520284157751106 2.4350140526462987
0.11291251845257153 -2.710584412272377 -2.286997048904797 4.818367551951657
0.06861835233897207 -1.2843880107886405 -2.2706241598356094 2.588072594969265
1.8982999983079105 -0.03248343820603908 -2.7845816759424107 3.494477727791807
0.22569499190420306 -0.6814450688958908 -2.058415478858848 3.2593202822907816
2.892803077901305 2.560577708100621 -2.799904917058486 4.886427238889046
0.17002289691379402 -0.45217670348129957 -2.3550853683749597 1.88887422070696
-0.5079951481536861 -1.43192391031463 -2.1146436118390532 3.944738155130206
-1.4341449937258197 -2.912653600349893 -2.775803888311217 0.9576822227369346
-2.359662427697338 -2.5025969645750377 -2.3452500312705933 2.240806185180887
1.7310933729645033 -1.6049517818720522 -2.3520289425746608 4.727236975788705
2.009716281084903 -0.9613818519108295 -2.524248166889423 3.9771512238776467
0.604600839398414 -1.6221773360503102 -1.971099255778574 4.389001991227873
2.1343249594617064 -0.9182595311706119 -2.107611873781047 3.483197630091137
1.691735811705749 -1.5028867719312895 -2.869837101100547 0.718371429451282
-0.3810465263459951 0.3793817137773572 -2.8241388101649125 4.07380441349993
0.6617519293752145 -2.8600901981946603 -2.3297453835574777 1.651099193165092
2.508012611225503 1.2561665753848903 -2.729449110072584 1.1275834800076667
-1.1623929045914938 -1.5074146125989718 -2.3336572555366626 2.3415221815647826
-0.44882846676335586 -1.0536876612254877 -2.511494473563321 3.0201930729397626
-1.9509599776462954 -2.7111130729396433 -2.3433762489118823 3.0362451264856105
0.14486110415730258 -0.35852881119059243 -2.0931354572425924 4.9929593958397565
1.403316918739241 -0.993258046044164 -2.7337126198377852 4.045817484084934
2.9004311803846106 1.59839676580208 -2.4694178721450872 1.4757773643899652
-0.816619747482781 -2.323471475416365 -2.431222717966527 1.8565273424050548
0.2493223393233006 -0.3061092899527736 -2.485334126712535 2.7909012785204697
1.7861321287967407 -2.092692328969119 -2.300968910824552 4.276243521831301
-1.0692728849352118 -1.2443436643365438 -2.481292910769341 3.748189931229028
2.3331315172498925 -1.4667720839243608 -2.831685531964216 3.010425417107265
1.6379949559518725 -0.5260310784228615 -2.026182745113442 4.988003264740515
1.6410260657190148 1.159864215511653 -2.7671324184136887 4.359547757438605
1.9759348318964791 0.26834147048189894 -1.9499484979747383 3.8790562487991025
1.5829965477523298 -2.2397175452275038 -2.3260988506590454 3.8235140733152586
-0.8876634562496495 -1.7279687956625192 -2.277003418479981 3.0525852554291477
0.7225799002521931 -1.7440388603641364 -2.4367566179369122 4.5535186936790835
1.8733537832306886 -2.6975600991148876 -2.235000346295955 4.525937454576876
-0.688574248241002 -1.073525026140126 -2.559109528241497 4.388275245315046
1.3085207082472579 -2.0296005419292564 -2.1516256861610077 3.934007409758278
-1.659904587250951 -2.075616556207196 -2.4709838553871206 1.7027205621524562
-0.3684093006391418 -2.7724407364268355 -2.7596546137838835 2.5179903523202745
-1.4305912085025319 -1.8981679713041055 -2.5437312890849815 3.8759933483903106
1.772692062941679 -2.7405849245693026 -2.393182028032718 2.8390632554355406
-0.22025673911186916 -1.0109415384458738 -2.754409057803523 4.0216605679592545
0.09890333264638658 -0.2676865175199418 -2.2760609938331173 3.460488262855785
0.12667088536973736 -2.6585715773889147 -2.9029390450730284 1.3127720162103407
0.7680223590033376 -0.9681545966154994 -2.2790618976339676 3.787089995787623
1.1037690273849785 1.6522625026798643 -2.771745932018078 3.611395942946749
2.1521867345151935 -1.018315393585641 -2.461090751559187 2.4721665905572268
2.491301760650119 -1.047601341528321 -2.4912498278128345 3.390594399518002
-1.841478650976917 -1.7229918538309958 -2.468431775612966 4.005311570788551
2.72650894786454 -1.9757425090594962 -2.3194905761963938 1.8219081599156348
0.4276865940996535 -2.6187402174043686 -2.19799681513786 2.8217089406535796
0.4080813616695875 -1.2432575042440381 -1.9998256159278553 4.290582646687233
-0.052975937058004074 -2.1300653801043277 -2.709883202555015 0.700592827365117
0.7627118644067796 0.3559322033898305 0.7084745762711865 0.7593220338983051 0.7966101694915254 0.423728813559322 0.7593220338983051 0.552542372881356 0.7118644067796611 0.7593220338983051 0.7830508474576272 0.7796610169491526 0.5220338983050847 0.7050847457627119 0.3525423728813559 0.6949152542372882 0.3593220338983051 0.5050847457627119 0.7796610169491525 0.7762711864406779 0.6101694915254237 0.3254237288135593 0.6644067796610169 0.5389830508474577 0.31864406779661025 0.3389830508474576 0.5728813559322035 0.3423728813559322 0.5050847457627119 0.3355932203389831 0.45084745762711864 0.5796610169491526 0.711864406779661 0.1016949152542373 0.6983050847457628 0.3966101694915255 0.3525423728813559 0.47796610169491527 0.6203389830508474 0.40338983050847466 0.752542372881356 0.41355932203389834 0.3966101694915255 0.4677966101694916 0.5355932203389832 0.6542372881355932 0.752542372881356 0.29491525423728815 0.6542372881355933 0.711864406779661 0.7796610169491525 0.7152542372881356 0.7559322033898305 0.6474576271186441 0.5898305084745763 0.7355932203389831 0.34576271186440677 0.4406779661016949 0.6779661016949153 0.6677966101694917 0.6338983050847458 0.7322033898305085 0.752542372881356 0.5898305084745763 0.7355932203389831 0.37966101694915255 0.5016949152542374 0.6372881355932204 0.7152542372881356 0.7016949152542373 0.6406779661016949 0.48813559322033906 0.3525423728813559 0.4338983050847458 0.6813559322033899 0.5898305084745763 0.6508474576271187 0.7593220338983051 0.3694915254237289 0.6169491525423729 0.4135593220338983 0.37627118644067803 0.33220338983050846 0.552542372881356 0.7152542372881356 0.48135593220338985 0.2576271186440678 0.4440677966101695 0.6644067796610169 0.6440677966101696 0.3525423728813559 0.44067796610169496 0.6576271186440679 0.4440677966101695 0.3525423728813559 0.5084745762711864 0.7389830508474576 0.6644067796610169 0.6711864406779662 0.776271186440678
0.011115085906401447 0.008695577099933901 0.007803653411691968 0.018391638062754997 0.008321380627528484 0.0076677369945798626 0.008618233084753816 0.011234886924412603 0.00787797709493166 0.008632761184079995 0.007448995725783536 0.008633777750776346 0.009353960017106146 0.006876125112057095 0.008238988945991505 0.008109782025827671 0.009811196259605536 0.007829719037738951 0.010403095127024413 0.006386476415143938 0.01308319715503711 0.008323041871514943 0.008561079528071771 0.007754023805010495 0.012057441043742258 0.011570347326158114 0.008262213509333703 0.010785564673117075 0.009026437214047816 0.009124060686337844 0.0093879938865412 0.016031266452425648 0.01349914752082866 0.019294406476335943 0.007617451387959585 0.012743726394924278 0.012354920953421484 0.011209659787216834 0.010976942119970516 0.00834900807088177 0.00784902140037158 0.012758626320290676 0.006903558792343265 0.01136961084074981 0.010658038532508067 0.007467109335294064 0.0078034291853070455 0.011715359399865804 0.0064578122822236544 0.009615531786507817 0.006176464896001217 0.03161711450398602 0.007000153068300496 0.00712358917876009 0.014229359611610167 0.010538724507975928 0.010541654947658416 0.00927983102452935 0.007976205756808491 0.008197256272305246 0.014455251454474679 0.008571889759488643 0.009749341907905459 0.019542927153112434 0.007153446166912605 0.006732824838018122 0.009973721917307015 0.009150756784665969 0.008899938636756477 0.020300375211152993 0.008458362109581561 0.006711614116198027 0.010100960089295882 0.007530491749967592 0.010998663453479978 0.010124373563707073 0.011983571298647773 0.00862645616298044 0.00922082499047409 0.00696186596771275 0.009129871520606698 0.012548418640668977 0.008371696452662891 0.008342778391694432 0.009231397031072681 0.009609317560805344 0.008812902596817784 0.010169799762901457 0.007916616270864171 0.006509863120450649 0.012150310273209465 0.006993255823740257 0.010922995449813141 0.009048248347319439 0.00989404125045838 0.009368899320281066 0.011840878518928713 0.007872707820317187 0.007427185949009895 0.011849730252139803
