4
100 100 100
100 100 344
5.0 1.5 0.8
-----
100
100
5.0
2.2749908287050467 2.1913374542365913 0.09778213878690822 2.607023696020385
1.1703680615401044 -0.26727412161716524 0.48086312389359565 2.1219164360550478
2.539966175568205 -1.7146425962273097 0.37222148772626173 3.428565295103445
1.9135675917538268 2.9110609919221506 -1.8072789032870802 0.09694344549834089
0.8200844483503875 2.4585259425805894 -0.674727864565901 3.341242896890577
2.207307534465617 -2.7629052771900584 0.32696177819173133 4.620907827436241
-1.2731306586860942 -1.4793692835718146 0.2290980828142528 2.732237596926187
-2.2253020484101462 2.3445429593048797 -1.4377586465985752 4.967110281546146
2.052955991851592 -1.3605266071102697 -0.2432252045214236 0.43003903224834716
-1.8908889461403073 -1.7137249524848635 -2.778858630739496 3.651398895348531
0.2858055107883861 -2.234977732676972 -2.6099648077586037 2.794007186167793
2.542794372411783 1.313656407257973 -1.3804912138399554 3.4941907143462316
0.05262229611176572 -0.9379303861393007 -2.170562724399941 4.682457672279837
-1.7517090658400356 0.7289878288709524 -1.2384610510052023 4.951210052681111
0.07371309996982545 -2.0483603581138605 -2.5690724717133113 3.6129727359992794
1.75079680090695 -1.0874244702672247 -0.7548524394910054 1.024474586674593
-0.22519858530180192 2.2885518931006406 -0.655520562726946 3.8373394951154935
1.9740322701437956 -2.9989611172942783 -1.6391607606668859 1.1677212304695073
0.2317800795287286 0.7685404082542866 -0.2827029869683573 3.1198237515129357
-1.1796923951055924 -2.1207454248649564 -0.979901130833917 2.0180047836181148
2.4144001350370488 -1.0888323609670194 0.20657691905000286 0.3960868431144926
-0.41477604363296416 -1.5673687720446776 -1.9616198136756595 3.023991380461044
0.2972315741282565 -0.6626917296666575 -1.1005051109262287 4.9989271385953105
-0.4423875807692288 2.676844411966245 -1.117602118153791 4.89717072368072
1.6403684306810415 -0.8150267748179196 0.05270596320780996 1.8911635603223087
-0.09629490658833761 0.21778236047853516 -1.9335199900244555 1.6076184609187238
-2.281408551372311 -0.784603594946967 -2.9394346450172972 3.837853830902904
0.8254875731738562 2.673638411079631 -2.6684970127896572 0.9199181068850859
1.0790705469054522 2.7618958816269874 -0.15973875397600823 1.310717618186561
0.41695918836126156 -1.2930856627537466 -2.9887919756357664 0.07454443681564338
2.830206175553636 0.7974745815131428 0.4257532331210152 0.08711797770829866
2.2948468532356507 1.552528943868305 0.28411100631759556 0.09445247702597137
-2.759910344733365 1.2424912366829464 -2.642942858362261 3.42581743821903
1.703046990743041 -0.6402850775306126 -0.5944472387420312 2.2499370226198834
-1.4520243991108583 -2.010994918977465 -1.8491255422216986 4.656594067480578
2.056316201872395 1.657151550099453 -0.8497274435022257 4.310435607459269
0.4730309520463112 -1.6228517183405553 -1.7990106785260198 0.25612316023978177
2.2263451472906572 1.538581376870635 -0.7433797612541246 2.2085809404457013
-1.7670837088042282 0.058118616863750194 -2.4345874523264346 3.887455142811751
-0.12777753095631095 -1.2808031270286455 -1.0452191704130005 4.112211941945252
2.228833941886605 1.1618804210182372 -1.134024469141285 1.0870837945360057
2.5963881008769016 -0.14661976394563325 0.13854862035887772 3.6787069035804434
-1.799465516380597 -1.3085629638238911 -0.2803504748826402 2.5273319398388705
-1.9901339624359462 -2.4444388898286626 -1.2655138375195878 2.0241767583574353
-0.8455632327181384 0.5033265439226065 -1.9054826065027113 0.21124210138034338
2.2409626328882535 0.548879081741672 -1.1729379057260965 3.531202348430549
0.12187154293169344 2.352342442031274 -2.1087668561142747 4.0032092483110056
1.5574970949318327 -2.276174014202229 -0.8545381229574396 2.0865239240355358
-0.4161670344759929 -2.7682605333413117 -2.478580126471566 3.4776561920826197
2.1344503061148306 2.0632173935535327 0.20413044833036142 0.9664750361703156
0.836778062381033 2.7462357907903527 0.010221968509448232 3.8515949283603113
-0.8113874079759031 1.9235653536968886 -0.9657932498907664 0.8848269577155465
1.0833341494172979 2.6921359595684295 -2.6313731443123407 4.39950652690875
2.8464577547172576 2.862945400606561 -2.883079241317548 4.419327455755098
-2.498726998809384 2.3047745861775297 -2.55045217648067 3.344752645495561
1.6518159614729395 2.8895922095341744 -2.2519295580667347 0.7572380983315696
-1.48274456693456 -0.6750015838577639 0.16536512941298476 3.671318155871297
1.7784659198256065 1.418949692636157 -2.262341373427167 2.952958155879756
2.490831099415418 1.1120008695540742 -0.8663041627328929 2.7499315514180775
-0.0019996898840028976 1.3624584355120097 -1.8439902577083576 4.563989149403264
-1.5832096716582944 -0.9754440305241818 -2.067314613796251 4.676250438745527
0.6865928284528309 0.10495329785133478 0.09250938806406328 3.0645183103475304
0.3477266885256731 -1.2947287427646117 -1.7592557944342473 3.3050505745360512
-0.7860676213933528 0.11913197293978328 -2.5964779968110014 4.682571857267415
1.3132127896940915 2.152486537142223 0.4906910008045027 0.6553301721971327
0.7904585602136485 0.4496126685494093 -0.4155975347556029 2.7628942516145925
-2.175773864923869 1.1160156451708048 -1.0489820578138649 2.6609581505916235
0.05791162681883133 2.277631626209624 -1.7379994841284798 0.36758348531605645
-2.4895163774906126 2.5426748507972947 -2.2597713332186062 2.382790648644173
1.6525534754915707 2.457437608651123 -1.696128042089819 0.5404869937697998
-0.6080718650097547 -1.9742308674032518 0.1722143149613653 0.8060299599860998
1.3544410944120546 -1.4796499431807666 -1.3793559569400777 3.9435175384215015
2.254138611767786 -0.49961956524643725 -2.7960775111621436 1.049569371990805
0.42011259507536103 0.005086603864620454 -2.0708049809375764 2.6663721380769303
-1.340776852512247 -0.7700223433593552 -0.009796239144748142 1.4241742484271602
0.37243995277285036 -2.2169644528192487 -0.6806459084690051 4.591004129055204
-0.8430961489037458 2.4929676635874376 -1.1291314215561963 1.0498163633158697
1.8346805362302518 -2.49814559883632 -0.849645614511152 2.907397667631643
1.2335574169655308 1.6188730369095579 -2.602421799024331 1.9745931264247485
-2.3807862414015597 2.7772707123594547 -1.9132035387946693 0.577517078076708
-0.8187198760364325 -2.6459759954352284 -0.13737342233440897 3.4522602876032495
-0.6730980107752242 2.2322573615737262 -1.4039837659217587 1.6740930265203247
-1.8778548847144636 -0.4368472327025237 -0.015415438083674626 1.8684568726308692
1.1150387220149183 -2.147771909930702 0.29175867272560696 4.324530676013136
-0.6615032872730735 2.0751713078402165 -1.805059465340497 1.0360424940879842
-2.4648535205065643 0.02268941145192649 -0.4984134179816673 3.7989186390082708
-1.642309341854307 -2.5665543005668914 -1.481692713051563 4.416612021524373
-0.9252281020835436 2.0098470171283758 -2.762028965363295 3.5361062270036134
-2.1431706262339483 -1.1141007742843745 -0.2796095148360638 1.6722639290579988
2.2694486133006944 2.4244161755956224 -1.7169401830494841 2.881038262697709
-1.0792323304036673 -1.5528291874625584 -2.041199690524551 3.429123982649317
1.7456485922765665 -0.11923328971313163 -0.16403370729751376 3.9173917698078107
2.058891139634131 2.8231908851600593 -2.414340568118397 1.7932964596187895
1.511376001821402 -2.8217720550899577 -0.06167724929591234 3.7288753747020498
0.012874908259778994 0.46817792037569017 -0.810481881941663 2.834039211760482
2.5923707362168296 1.1945615903427864 -2.401408185502667 1.080858666292951
0.495977264311251 2.535045632370611 -2.3303569702916382 1.9347738401534886
-0.9138963991244196 -0.8274422692071566 0.08693957098230909 0.505849827911129
0.4420857815687569 1.3663831714116537 -2.116010365132397 1.2149040930315613
2.9848116324098974 -1.780586090990076 0.06497812986237061 0.527623617070706
0.9186440677966101 0.9254237288135594 0.9050847457627119 0.9491525423728814 0.9288135593220339 0.8915254237288136 0.9084745762711864 0.9559322033898305 0.9355932203389831 0.9322033898305085 0.9864406779661018 0.528813559322034 0.9084745762711864 0.9389830508474576 0.993220338983051 0.8813559322033898 0.9457627118644067 0.6779661016949152 0.9084745762711864 0.8067796610169492 0.9491525423728814 0.5220338983050848 0.6135593220338984 0.9423728813559322 0.9118644067796611 0.688135593220339 0.37627118644067803 0.8813559322033898 0.9627118644067797 0.6440677966101696 0.9627118644067797 0.9661016949152542 0.9423728813559322 0.864406779661017 0.3898305084745763 0.7661016949152543 0.8440677966101695 0.8610169491525423 0.7830508474576272 0.688135593220339 0.840677966101695 0.8915254237288135 0.8983050847457628 0.7220338983050847 0.9457627118644067 0.6440677966101696 0.8915254237288135 0.8271186440677967 0.9796610169491525 0.9457627118644067 0.9457627118644067 0.9627118644067797 0.6779661016949152 0.9966101694915255 0.9491525423728814 0.8779661016949153 0.9220338983050848 0.7152542372881356 0.8 0.8203389830508475 0.2779661016949152 0.9050847457627119 0.38305084745762713 0.4338983050847458 0.9627118644067797 0.8779661016949153 0.9525423728813559 0.9559322033898305 0.9627118644067797 0.8983050847457628 0.9423728813559322 0.46101694915254243 0.9457627118644067 0.4711864406779661 0.9355932203389831 0.7694915254237289 0.9627118644067797 0.7864406779661017 0.5152542372881356 0.9661016949152542 0.8779661016949153 0.9593220338983052 0.9423728813559322 0.8847457627118644 0.9491525423728814 0.9559322033898305 0.3220338983050848 0.8915254237288135 0.9186440677966102 0.6169491525423729 0.5322033898305084 0.8711864406779661 0.5966101694915253 0.8813559322033898 0.8745762711864408 0.552542372881356 0.8847457627118644 0.9491525423728814 0.8338983050847458 0.9457627118644067
0.009999999999999997 0.009999999999999997 0.009999999999999997 0.009999999999999997 0.009999999999999997 0.009999999999999997 0.009999999999999997 0.009999999999999997 0.009999999999999997 0.009999999999999997 0.009999999999999997 0.009999999999999997 0.009999999999999997 0.009999999999999997 0.009999999999999997 0.009999999999999997 0.009999999999999997 0.009999999999999997 0.009999999999999997 0.009999999999999997 0.009999999999999997 0.009999999999999997 0.009999999999999997 0.009999999999999997 0.009999999999999997 0.009999999999999997 0.009999999999999997 0.009999999999999997 0.009999999999999997 0.009999999999999997 0.009999999999999997 0.009999999999999997 0.009999999999999997 0.009999999999999997 0.009999999999999997 0.009999999999999997 0.009999999999999997 0.009999999999999997 0.009999999999999997 0.009999999999999997 0.009999999999999997 0.009999999999999997 0.009999999999999997 0.009999999999999997 0.009999999999999997 0.009999999999999997 0.009999999999999997 0.009999999999999997 0.009999999999999997 0.009999999999999997 0.009999999999999997 0.009999999999999997 0.009999999999999997 0.009999999999999997 0.009999999999999997 0.009999999999999997 0.009999999999999997 0.009999999999999997 0.009999999999999997 0.009999999999999997 0.009999999999999997 0.009999999999999997 0.009999999999999997 0.009999999999999997 0.009999999999999997 0.009999999999999997 0.009999999999999997 0.009999999999999997 0.009999999999999997 0.009999999999999997 0.009999999999999997 0.009999999999999997 0.009999999999999997 0.009999999999999997 0.009999999999999997 0.009999999999999997 0.009999999999999997 0.009999999999999997 0.009999999999999997 0.009999999999999997 0.009999999999999997 0.009999999999999997 0.009999999999999997 0.009999999999999997 0.009999999999999997 0.009999999999999997 0.009999999999999997 0.009999999999999997 0.009999999999999997 0.009999999999999997 0.009999999999999997 0.009999999999999997 0.009999999999999997 0.009999999999999997 0.009999999999999997 0.009999999999999997 0.009999999999999997 0.009999999999999997 0.009999999999999997 0.009999999999999997
-----
100
100
1.5
-0.3470693642129734 -0.5019262673866343 -1.5075082442369656 3.4807685891056748
1.6412967178239215 2.3574163957731544 -1.0166537600939733 2.7926636696154397
2.5796185765555606 -0.3801252673268538 -2.744197713786764 2.979517316827814
0.19468657475551707 0.5725909570889053 -0.47357462514977305 1.1901164207028685
-2.5559692986142877 0.8879876931566345 -0.44181646530257734 1.7091508089829215
0.41932244403242613 -0.47171963705854747 -1.8369306113097719 3.0693322729098242
-2.7177295523091534 -2.3539551344637504 -1.3090516152977585 1.487160972157593
1.7084267445537136 -2.1628405096516587 0.21556993394961887 4.4557428756152735
1.6862791071932892 -1.699622825572022 -0.07004185985169231 1.5222682303204387
-0.5887911341166425 1.7966938262878358 -2.30494761565178 3.20426237567279
-0.7079782840926161 -1.0044674170676913 -2.1877647387402703 4.873873134444353
1.102249684911033 1.6247914825167031 -1.9409203596258595 3.2375516547443626
-0.27623790157968253 -0.23211792436040746 -1.065869921751268 1.7489773931491452
-0.04669681779359269 -2.356905437556319 -1.7799422593655063 2.4484156306287117
1.9111579469773488 -0.03420989312808809 -0.7264940550766545 1.6605085201280552
1.959312673789379 -1.9043442253684795 -0.8361785929157475 0.3805737779633588
0.9805766050237446 -0.14443786239686907 -1.2093950836949772 0.8202558372601635
-0.19127976635736937 2.3471127783801373 -0.39122354350743815 0.8163851406554352
0.18601124239382982 1.7666495756856395 -1.513291775126619 0.6816185592970468
-1.8926442600806208 -0.6155785009912838 -1.0678444674195098 1.8851795098452129
-0.010936701266136273 -0.5626665286224555 0.07090849902517493 3.4553190952469617
-1.9356843786504836 1.3269857540173815 -0.29481734947842114 1.0625219438617615
0.6935350110476199 0.741287518649157 -2.254340282126229 2.8647428579396563
-0.7311293055407228 2.059862911045952 -1.3462574756840657 3.0886703979664807
2.480432669204591 -1.157833405812226 -1.7264710451843337 3.202603160803339
-0.8288593493568355 1.63549754693442 -0.04416001542631853 2.3719853480604205
0.5704283620164532 2.5578537853274823 -0.5381173810847983 2.368849176978143
0.8091464863381721 2.8849429966870686 -1.8404372531566378 2.3529887836417416
0.7665482733452423 2.0994059785594628 -2.2668521554420655 4.615717268104676
-1.156225278683366 -2.9383820895720496 0.24428085044526748 4.858588900598716
-2.18925397138054 1.883924251407939 0.4653792559467035 4.045354959389474
1.5899508701803517 0.3677930380093659 -0.4384414973400518 1.512773636021132
-0.953518487178227 0.5536275183286063 -2.320508470887196 0.2780551149199573
-1.3366406834610292 -0.2556655698150323 0.16706275952699334 1.6256268211846203
1.714306974876722 0.18382932274780828 -2.325333788497258 2.5884447154941244
2.677993229922364 2.3584550363596746 -2.700389585958528 0.4648341637609865
-1.4955615599309664 -0.3248563957572306 -0.10272006917101972 0.7003398497211499
0.9580531371071104 -2.9402906999098057 0.4457514839034039 2.988784249284035
2.222543124199583 1.9392848713997621 -0.9392650459992481 2.4187459966837173
-0.512816489435151 1.1951954919500536 -0.055887006774862386 1.2728757968584898
-1.2905556859025487 -0.21314885387207183 -0.23559334863136616 3.8999325340571733
-2.3877567716666506 2.272012868878946 -0.9606732060845553 0.6172871088048302
1.0410638232035492 -1.5824232515133385 -0.6006868628354527 0.61684481842281
2.3913400812939454 0.542279890704358 -1.9546847263357647 2.172021889829229
1.2033985119992667 -2.136846636729933 -2.261913232226176 4.264763691046006
0.5187631266066821 0.758449134523453 -1.4328803502499559 1.2421019567050888
-0.17188505343650418 0.8150202384200269 -1.8953785907327607 1.2065176740319388
-0.5975300564300201 -1.5154562928480644 -1.2069046541410386 4.239257974238363
-0.04381002086182484 2.8811654243627745 -1.5797807659644174 2.383911224336276
0.993028356787939 0.9546738689328474 -2.62618851551598 0.00724702527344423
-1.4107229430833188 -2.479297695512369 -1.8242095029387468 1.0890720432565852
1.8499271286391066 -1.8494857494865928 -2.9234684144261434 2.3835543200878484
-1.830945567410951 1.3176838072693267 -2.6700183468304726 2.553392379249858
-0.001917514854610447 -2.671641301326109 -1.1356450007235757 0.2839503279689639
-0.35376014411944334 -2.714781719929411 -2.2659124734670284 3.0509737961106933
-2.106082460480744 2.170022128513366 -1.0976411475136723 3.2255904710979912
-0.570161562536418 2.812337555294151 -1.0760349056828618 4.83061216848819
1.4032050723474163 -1.1893974452708567 -0.16308237925850955 0.5325657156336783
-1.5906099413046086 -0.884661460125435 -0.17644482707050835 0.8155381233098381
-2.135455522397992 0.683618729667426 -0.5131351159164177 3.2540320408740144
2.988959577819691 0.7561037063760543 -0.08620470903921251 4.386094493487278
-1.4748465622697666 1.358240432260612 -0.6388395679760411 3.308609455610287
1.0766988711499024 -0.843308003467987 -0.02932068685148645 2.339606229650929
-1.9352095507860823 -0.22374855485953288 -0.6820318106950338 2.2354764456324805
-1.255197211834436 -0.884437395999621 -1.792145294684918 1.5536533675184705
-1.0884547616457918 -0.24371596364846737 -1.9173469102922647 1.5579326390963948
1.5367477701445686 1.4342066175553896 0.07416601945775725 1.616638422860538
-0.10800138985364716 -0.25136128190722984 -2.7539799943038497 0.3376504699600995
-0.4186375582996775 2.083918215481647 -1.7546448851282161 3.675954147398465
1.6128992318685675 1.2958822883456853 -1.4777138144302526 3.9950093275891057
2.2790355901780166 -1.1663085053785136 -0.28349702359555073 2.3456138833593982
1.4842371045079377 1.2768676887780883 0.3882023479148688 4.322732197043262
2.056132653940672 1.5876127200417551 -2.8264454732338904 1.122361716099904
1.3853347617022234 -2.4583038862735114 -1.1872384795463091 2.3132111675601243
-0.0822241177189158 -2.0343791637456063 -0.24354704015511494 0.5210750245317115
2.4389205005310384 2.485379718712597 -0.5099521161252434 2.02979917118934
-1.34243692659345 1.453064099385105 -0.7065155852137404 2.719726075303501
2.90001402500442 -0.8043810326612313 -1.3239957384690453 3.2111882774601685
-2.3887683526569425 -1.3005834256236735 -0.5356714500605122 4.66368585617724
-0.5569649734253823 -1.114174673057462 -1.119498071447341 1.805671021820471
-0.8231336647642855 2.7850539558239604 -0.35046941646005647 4.355956758522965
-0.8025032952017517 2.943099307502292 0.05116438307341764 2.2919608220888206
-2.0555215395888276 -0.04658719712971493 -1.4672690727631208 1.7911038643474582
-0.9705796988708728 -2.428358086594087 -1.5313672841221913 2.9531043412568896
-1.6711446440837907 2.7820694383552156 -0.4223559973850677 2.6452359874321023
-1.9105524443051625 1.0019933850582943 -0.30612003988559666 2.3920097596673773
0.5520478478714623 0.8046262615349747 -1.729405356099024 1.3372647860361342
1.100644359994413 -0.7913956395098936 -1.403777965399697 4.3520505959856886
2.904516548556139 -2.482192272029415 -0.7791006107526159 2.079933890261265
0.2263552329356272 0.31787982591433694 -1.5891469018119573 3.2062516610627014
0.36205383038604155 1.2543472986008237 -0.6282913341460397 4.167933603686198
2.664571112776586 0.7910892605837436 -2.288616453378425 2.88141830315427
-2.384285953128239 -1.3370563661487807 0.10145508802903014 4.184073978990696
-2.8417389963440804 0.11435345544782893 -1.8817659860029918 0.4332003877418149
1.6769107328581248 2.894333240278784 -0.9393264472294676 1.644619112689417
-0.568882394266096 -2.3111732263166775 -0.7061562999950564 1.338960676572277
1.3507195885419327 -0.9765945528078039 -1.5594578842156483 1.972490165799826
-0.102462637718443 -2.872900433125668 -2.6067972103280397 2.954110978322976
1.470094156071589 -1.830131294432538 -0.25059949724732544 4.538686006465593
-1.9325304544927238 -1.209134367358641 -2.5824976787802 0.7354993601450412
0.5864406779661018 0.8813559322033898 0.9966101694915255 0.9220338983050848 0.9661016949152542 0.3864406779661017 0.8135593220338984 0.8949152542372882 0.9084745762711864 0.888135593220339 0.8305084745762712 0.5966101694915253 0.8576271186440678 0.33220338983050846 0.8677966101694916 0.9084745762711864 0.8610169491525423 0.9627118644067797 0.9389830508474576 0.888135593220339 0.8915254237288135 0.9627118644067797 0.5084745762711865 0.9423728813559322 0.3525423728813559 0.9661016949152542 0.9491525423728814 0.9152542372881356 0.7016949152542373 0.8813559322033899 0.9661016949152542 0.8847457627118644 0.9254237288135593 0.9457627118644067 0.8711864406779661 0.3864406779661017 0.9491525423728814 0.9118644067796611 0.8271186440677967 0.9593220338983052 0.9050847457627119 0.9661016949152542 0.9084745762711864 0.4033898305084746 0.9491525423728814 0.8440677966101695 0.864406779661017 0.5966101694915253 0.9457627118644067 0.9355932203389831 0.5966101694915253 0.9966101694915255 0.9288135593220339 0.8983050847457628 0.8915254237288136 0.9661016949152542 0.9491525423728814 0.9355932203389831 0.9423728813559322 0.9559322033898305 0.8779661016949153 0.9491525423728814 0.8983050847457628 0.9288135593220339 0.7254237288135594 0.8033898305084746 0.9322033898305085 0.4542372881355933 0.9220338983050848 0.528813559322034 0.8813559322033899 0.9152542372881356 0.911864406779661 0.7186440677966102 0.9322033898305085 0.8949152542372882 0.9491525423728814 0.5898305084745763 0.8745762711864408 0.7966101694915255 0.9627118644067797 0.9661016949152542 0.9084745762711866 0.45084745762711864 0.9661016949152542 0.9627118644067797 0.7762711864406779 0.40338983050847466 0.840677966101695 0.6271186440677967 0.8881355932203391 0.8745762711864407 0.9186440677966101 0.9593220338983052 0.9288135593220339 0.8745762711864407 0.576271186440678 0.9898305084745763 0.8610169491525423 0.6745762711864407
0.0065340769911198604 0.00751952758527813 0.012199113464432204 0.00714267514040908 0.012462652692076916 0.006526994927827355 0.01621770276703333 0.012078010604936414 0.008723512666678842 0.007889431801527916 0.009841110921720294 0.007094246104683766 0.006577460840311703 0.00864513614755877 0.006840878393703366 0.011065004696312402 0.007320763307731672 0.009699088307038448 0.007995212388665372 0.008896207441465628 0.007863153594303826 0.012291682064107634 0.006929552621227711 0.007450355158976619 0.009371124260427929 0.009014805579998567 0.00785384994941008 0.007924339149252418 0.010195621052857854 0.01822202367415571 0.019803060751732104 0.006824990643031396 0.011617103567406736 0.010162320434257908 0.007911766210791845 0.014484359799859027 0.011772940714972207 0.011892779886579791 0.007579181141404952 0.008846636307822349 0.00899634211244167 0.015622797674215596 0.009167439631799452 0.008023406922798609 0.011533769689940203 0.006661240066130653 0.007386120224593447 0.008049846353183903 0.007947304767621581 0.011888740488127996 0.01350454173865404 0.013976389156557485 0.010207167787651702 0.013550259431064597 0.0104750787762067 0.010392755183165967 0.011950503446470457 0.009358453642115924 0.011877432817604719 0.009814267427373914 0.012762342431092493 0.008582209135555173 0.007168340794054767 0.008844541513729215 0.008680587981762692 0.00811432757355626 0.00797149316417804 0.01253895376824366 0.007744388975706199 0.007789149580773617 0.008011782086973077 0.0116591073487954 0.011079556091214294 0.008720251903419966 0.01135550586195277 0.00900126130199171 0.008105475721212669 0.009414435399531604 0.013574749695538665 0.007254832879034845 0.01277665642693168 0.012211729492977939 0.009164409180579376 0.008925381950947728 0.012079203753728096 0.009921162538538026 0.006770622386416184 0.007918280749941465 0.011633731489121254 0.006168401791699419 0.007795903273017628 0.009577011469530659 0.015133640584349663 0.017683501555987132 0.008409850289781334 0.009824528417349881 0.0070874031998885865 0.01229728673991787 0.010207223114973948 0.016376467295198205
-----
100
344
0.8
2.2512470800657463 2.8128857823769247 -1.9191235109613456 3.4546441428006274
1.13258210202353 1.3370151371271817 -2.146196896081993 2.229079767183506
0.8612823490220964 2.077194046816512 -2.3920752224296673 4.046356426098763
0.9891739587880517 1.6502582662486738 -2.2595995110965355 2.6522007540021146
2.913772403822498 -1.8421125513952346 -1.9565303402809662 2.6921569041275077
1.03349736767671 -0.4576634050859507 -0.9899973570283369 4.053003075436692
-0.853049319384108 -2.1554943491556813 -1.709306876556338 2.028415405706065
1.1114227034044188 -0.13960339673046718 -1.9357668495399742 0.8413571807995379
1.523371117686269 2.054030902851181 -2.086408139414833 0.8414763121013331
-0.4979774095320808 0.5029000370783974 -2.3424966070374253 3.421911327324703
-2.3622546282162404 -0.8685130566588097 -2.4050524152184467 4.781010515525532
-1.0083493420381116 -2.092688597400643 -1.3981479860110626 1.3781229758648663
-0.08751373665374929 -1.4246462906250685 -1.390677287063503 3.669838886306858
2.839020724599457 2.8976911698783914 -2.6002373466686275 1.6163228481260898
1.508668345805614 0.04532417897497365 -1.1705107105553942 4.043777823229709
2.8400299307587558 -1.2346247051517305 -1.700751274988268 1.3679485403231726
2.401431776733469 0.05694597783578814 -1.0855574823001417 4.874770998799713
1.8117672382374987 1.2090231900305013 -1.6408912959097701 1.101647430769353
-0.4061979339254656 0.6314991976447142 -2.6813844269739255 2.7440642213182453
1.4717835573248035 1.0374230735354186 -1.8288653675137099 4.211129414552374
1.6211021539371302 -0.505230547452839 -1.2057808487469646 4.071324344961213
-0.2714734832521377 -0.9936404808626067 -2.2258826356154966 1.9059425094876925
-0.023019642159864517 0.9097532125644623 -1.975346002227732 3.767063708539303
1.379910282803387 -1.565354887865739 -0.8917673391963693 3.203590805068149
-2.7428422353953152 -2.5008039862740397 -2.3558614854151836 0.414355099443121
-0.7440360469665868 -0.08983852926933966 -2.9526028525805685 2.4397860269822713
0.008687181771220853 -2.0315244073050596 -1.866470365500889 2.9171275875988534
-1.1526963124406642 -0.5794786463049508 -2.1008763691453343 4.966556444120143
0.6638282661472678 -1.1968255206474674 -1.2392482332401147 1.6462593521365971
1.0185260957487876 -2.6091323214136257 -1.263946176652113 2.595942327864524
2.851398669065838 -0.005228337136884864 -1.1287551326646115 4.596896736147087
1.230178062620656 1.336702830505266 -1.3544525111264967 2.502088266302587
0.042741926239197925 -1.6703212803022336 -1.4602540118826097 3.1266864748461605
2.2131714531784343 -2.121377798036111 -1.9495024201973121 2.3769310005269393
0.8082732379523776 -2.7348374719698434 -1.860256441407682 0.504596666846399
2.568684481034846 -2.5752699004469495 -1.919693524635079 3.7541144412149388
1.0528185827578376 1.6488418569641097 -1.7584103028891194 2.754119466917577
1.1843995395224578 -2.305741861071534 -1.7049532250045818 2.8760367446068438
2.9657502464153365 -0.32880950210436755 -2.939996334190934 0.08531128972638968
2.9149825108222824 -0.342530676494031 -2.0549379817661886 1.27500835901646
-0.9531006186158824 -0.13782074263480215 -2.1571411188596064 4.56279379816467
0.3198161299572899 -0.6541381967801332 -2.063412267808828 3.964218112811752
2.6353335336545767 -1.2669657697110415 -1.3882524631151285 2.654740778107546
1.0509230889458903 -2.1954124094198306 -0.9218482466724445 3.5340560145942836
0.09414280904396621 -0.1660156041079941 -1.0409752439267588 3.3087138148089617
0.594198459502634 1.666916243293698 -2.263382477952473 3.22415536463122
0.21623918639289785 -1.0589392603301517 -1.6747185542699112 3.2009375650937537
-1.438962646008794 -0.8930079853885662 -1.4631406913397924 2.7035813653332292
2.50694558070691 -2.445464708100688 -1.4581588601078308 4.179272312875058
-0.7546933224651988 -2.9962041412625537 -1.6137633439787837 4.546824050686798
-1.360983481278625 -0.7527987103730687 -1.9317230276982156 4.204114278387028
1.9936253689384866 2.236497857771092 -2.407928186797201 0.8682806620563415
2.049144143119471 1.9907176388421917 -1.7107774572048928 1.0566143370588184
1.0569392147761287 -0.5476791354747994 -0.7741230676471254 4.5958018790170225
1.5064395636507584 -1.473024830520315 -1.1376647063237342 2.885630324503449
0.9229318666468065 -0.2255557732681739 -1.2905431174936017 2.4947383538117323
0.04644804206754394 0.10586196645773871 -1.459661285993962 2.6687580680010417
-0.1110145373855067 -0.531778759389885 -2.701138874404394 0.20669241459286558
1.5311434349995707 -1.3794032657029307 -1.7185316801259414 2.3936929181158737
0.6501949092702564 -2.4252250085069615 -1.0884068764818666 4.6380257426695515
0.6224660637077455 1.9290766706904288 -2.245052883105643 3.2461216024812884
0.25781667249840057 1.3728866101608574 -2.2364321102897584 1.9580654866687057
2.2875826245243185 0.592697627355151 -1.8394304045404322 4.160272164030645
0.6970362792676124 0.8519707198858992 -1.8467477661544855 4.036992186600103
0.7022001100184161 -2.185103080835999 -2.0216193538917864 0.5276526861265914
1.3115739077380881 -1.5963280260263126 -1.5332937496999106 3.513519337709911
2.708033130145078 -1.109277638843146 -1.9343311019317266 0.7814185727573923
-1.7728686942986032 -1.3068769991804523 -2.4778879707202193 0.6965659274020892
0.5566799941433225 0.5034947243540704 -2.2694784138087623 0.40307676836045947
-2.033818932425672 -2.214342954088141 -1.906866033244309 3.0234946029520167
2.2869067725080345 -0.440863738446998 -2.006807398524237 0.305605023472184
-0.03864077309675806 -1.8328021246927135 -1.901493777233716 2.725069615089571
0.2716475335961497 -1.2676082834633708 -2.8463949243115905 0.3585286294206601
0.6488155153457718 -2.367897515100962 -1.6551666569586856 3.3844654396353837
-0.018195674998484623 -0.7834490452931837 -1.5965203410604745 2.522885564529477
2.6718279813262074 -1.9370356638321966 -2.0697752916396692 2.303218377344779
2.644642806424909 -1.3282234374224924 -1.8279575023552133 3.051173589130055
2.6694865718701655 2.180014786137497 -1.1590150502232301 2.345242039242709
0.7028481086513678 -1.7837916998951435 -2.4136367395690397 1.5729398747222643
0.7418976513445978 -1.1199519601584187 -1.8459025388076686 2.9383911283621464
-0.4635194193058767 -1.224979252538252 -2.307525342743529 1.6952309630761504
1.0977716222046512 -0.18774823088996007 -1.9383155831486545 4.591986340564233
-2.9965445717689922 -1.5338993318078402 -2.859933610218887 4.187227601139887
0.1126958134550975 0.20596677072361302 -2.618207077863808 1.3684893478898772
0.7496739718927876 -1.4754550778089874 -1.2648764206929866 1.746054980785475
-2.9887083918371147 -1.6733104345092822 -1.973830959971555 3.13002079544154
2.029192204962167 2.4658232231886354 -2.773703992588662 1.5516131171110081
0.6690858888075568 -2.4676430314972086 -1.5012607557723237 1.176813392945952
2.346457921391588 -1.7764646611634953 -0.9499869124510616 2.8384008495339885
0.45210012240426156 2.0041710150592675 -2.74714854210579 3.134309773049551
-0.22662908731716513 -0.43756924366690897 -1.5132875170100846 4.496499505496388
1.1999687670286485 -2.3245655078435274 -1.8203263589875123 2.361068243282847
-2.459483320424617 -2.482551933014604 -1.3868073893967385 3.588251063966256
-2.616440402045142 -2.8216392881727574 -0.8775655688455096 4.4293674843041835
1.1499444565746442 1.5158821161472429 -2.5411600114124777 3.962117059982976
2.08876542951569 -1.7112342468654078 -2.4594526199538143 1.2224204547853836
-0.41784640056588795 -2.3155992354304584 -1.8103469118232112 4.657410221478485
0.766665814830009 -0.22155760333462604 -1.1607897956770348 3.932525013120819
0.8267588290152061 1.5014733327939842 -2.245637905841432 3.46085241484046
-2.5079723908988325 -2.3523172878411014 -1.3106767159661004 1.5167472665065638
0.6169491525423729 0.3593220338983052 0.6338983050847458 0.535593220338983 0.49491525423728816 0.7050847457627119 0.4474576271186441 0.6033898305084746 0.7864406779661017 0.5966101694915253 0.6508474576271186 0.7457627118644068 0.4983050847457627 0.6779661016949153 0.6237288135593221 0.6 0.6000000000000001 0.7220338983050847 0.423728813559322 0.40338983050847455 0.5864406779661018 0.5457627118644068 0.7050847457627119 0.7593220338983051 0.6610169491525424 0.7593220338983051 0.43050847457627117 0.2677966101694915 0.752542372881356 0.6610169491525424 0.5966101694915253 0.7627118644067796 0.47796610169491527 0.43389830508474575 0.7423728813559323 0.6000000000000001 0.7254237288135594 0.3254237288135593 0.6305084745762712 0.3423728813559322 0.46440677966101696 0.7559322033898306 0.5966101694915253 0.7389830508474577 0.7694915254237289 0.6813559322033899 0.31525423728813556 0.7728813559322034 0.3355932203389831 0.35593220338983056 0.5186440677966102 0.5796610169491525 0.7661016949152543 0.7491525423728813 0.7118644067796611 0.6813559322033899 0.7152542372881356 0.6 0.34237288135593225 0.6135593220338983 0.7593220338983051 0.7728813559322034 0.5525423728813559 0.35593220338983056 0.6610169491525424 0.35593220338983045 0.6033898305084746 0.6372881355932204 0.7254237288135593 0.17966101694915254 0.7661016949152543 0.4271186440677966 0.5694915254237288 0.31525423728813556 0.5186440677966102 0.5694915254237288 0.4101694915254237 0.7694915254237289 0.7830508474576272 0.4135593220338983 0.6033898305084746 0.6949152542372882 0.28135593220338984 0.5389830508474577 0.7355932203389831 0.6677966101694915 0.5423728813559322 0.7220338983050847 0.7661016949152543 0.6915254237288135 0.46101694915254243 0.3288135593220339 0.6 0.7491525423728813 0.7796610169491526 0.7186440677966103 0.5627118644067797 0.6406779661016949 0.41694915254237297 0.776271186440678
0.0131221014445776 0.007451676905734419 0.012209978946610403 0.00817525075938347 0.011552429192897309 0.007493202033228446 0.007485133233527147 0.007525416675903877 0.009808474553504053 0.008527507621857717 0.02082369014322105 0.0074125649690530045 0.0072245595327142375 0.016280323077769155 0.007966155473613542 0.01054122161459469 0.01285784256861055 0.008096412764813727 0.009030097052247906 0.009659822058227354 0.008290890782421415 0.00705249055573006 0.007958150695606042 0.00734056015598696 0.016933225600739666 0.01038205329728791 0.007676839399100502 0.014042648667397772 0.006198227109408805 0.008165705760252703 0.013169420772449095 0.006538629303877376 0.0068442519350094535 0.009899020636292166 0.011420835329379021 0.014182408287493998 0.007169247907554496 0.008340203975918802 0.020338233247903487 0.010768649593194927 0.011589782163980631 0.008521382740855099 0.008909512624583593 0.008227383321340386 0.005933102549387139 0.008658690925105577 0.006653376093048802 0.006585825107401092 0.013898318385132507 0.013915895803811274 0.010128910549794768 0.0117679497505608 0.00965926373310371 0.008926011979895447 0.007115079150159435 0.005839815530586047 0.0056710940347455075 0.010894372145050903 0.007244174244433186 0.0111664591332611 0.009028440713146036 0.007364015714712001 0.010828962074682815 0.008327930566846217 0.01017150948991374 0.007941782323446243 0.011764953136326143 0.01063737809299518 0.008745775597721503 0.010555687582296662 0.011384619485779648 0.0073204554830533135 0.012224079396810429 0.008566954900510966 0.005923599983671916 0.011126460177838783 0.00985839128851376 0.010337276016845453 0.008785577105790546 0.006844007098120236 0.007553070713637323 0.010404130152556387 0.03005143330660761 0.008169347668152612 0.006423459745998331 0.013404333484668567 0.01314721473552786 0.008409053749899165 0.008878764415113663 0.011494791403001496 0.008637590146485054 0.008335757981752945 0.012254025761390884 0.01568598054790655 0.011893896294361665 0.011543677067193094 0.012634684408375514 0.007057965320755843 0.00889053318374454 0.010130480082517962
