4
100 100 100
100 100 253
5.0 1.5 0.8
-----
100
100
5.0
2.158421675102395 -1.446335735504562 0.4533527813595293 1.6772705336646998
-2.2049882022717946 -2.8020465391012546 -2.017112576170109 1.450812459674874
-1.077491538501516 -2.4455100526722204 -0.9245321417911136 1.4702586245455151
1.1402111768653702 2.6777142295963205 -0.2693618160557554 4.567104749425556
0.7288912180187714 -1.7313166301206504 -1.4417526446614164 1.8584829031086436
2.2544029531092633 -1.3949250984690713 -2.321135979518062 3.1150371784087305
-1.3795042953169014 2.9353737747747672 -2.497713458860982 3.7184655849876966
1.5302159070311463 1.1472540453795892 -1.657390959496484 2.068390273162434
-0.6769584064402556 -1.9879663864244912 -2.257599386450921 4.905484672195643
-2.102132135791057 -0.9819778683636295 0.06815293205781447 3.551858820212445
-1.1574697687712434 -0.0875909702163109 -2.50840561013226 3.4659875402338045
2.8670131225975153 -0.21300834724724194 -0.8658707774519279 3.5267538519555797
2.586424575291053 -2.1224811241051116 -0.3418288622393497 2.884507644981298
2.257199211875177 0.7479927963128841 -2.824134247286868 0.25622707632392827
-1.589323879046146 1.4718088596497942 -0.8352768433851159 0.6564865831806721
0.544472793100943 -2.425102837660215 -1.6362865655606158 4.624413207751027
-2.861463087364717 1.5955069262772454 -2.6123057784161747 4.255731878563816
2.197108274499848 2.8498598535865334 -2.8541917024373236 0.7496193468574686
0.9394804004271031 2.6476514237418254 -0.2535952497722507 2.5126232158758555
-1.4207586138176769 -0.8825013317938066 -1.208706259064201 4.1511432642871124
0.576024745852044 2.910897425185139 -2.1522555476109404 0.4782334291828183
1.9795305765480702 -1.0196291503912325 -0.846055976123361 1.924630066460018
2.380859733462925 0.4274267139792882 -2.455125870297822 4.795274783483924
-2.2276137094737893 2.7410690138737817 0.4496678588546321 3.907101798092527
-0.8131435706267909 -2.812431610696473 -0.42713543358553263 4.568313388479477
-1.4780785375842211 1.0526964288272938 -2.431568331306708 0.20359749650413428
0.8135082678648824 1.4340628806830686 -2.1737830808549603 3.770749733067035
-0.6318122722034278 -1.6187097063165075 -0.1805177809012819 4.541056932079609
-0.9341937570790595 -2.4679973306902068 0.2273932356909496 1.1212073491996355
-0.43063874812334246 -0.3629238487789057 0.2500448094125023 2.5495559182127736
2.4221053057649122 -0.8840702929416646 0.27929211265013176 4.360858125004029
2.663262410002182 -0.28611019800357207 -2.8584922501416776 1.4146310043500288
-2.4336385761661252 1.282459833168729 -2.2209065226377804 1.0068042894495621
2.252852848722533 0.5551768793627634 -0.417871297886673 0.3513339543241978
1.9083158286356179 1.3869909074122964 -2.366652714511151 2.8078830265400025
-1.3641776991994368 -0.6821985653894265 -1.1202763369902864 2.890606371161911
-1.3406200479879207 0.3468693715377533 -1.1105764381872776 2.7613966900263254
1.0012732529737178 -2.9802119826499984 -0.9057284022358476 3.101349307557043
1.745530235263268 0.9301151734729376 -1.0254351275137017 0.09571330038022019
-0.7866977688471328 -1.4824771386867654 -0.9542350873834775 0.8433551344650814
-1.741865285618831 -2.559594234790407 0.4273900744346175 0.5093765336119416
-1.9338486332319405 -0.10438607976222469 -1.2457393013321145 4.9487039596586415
-0.050039805326433484 1.0575674993839854 -2.8474590266971855 0.25131298261344526
-2.30007167495603 1.9705685913842501 -1.9649419939339885 0.7242355940161882
2.489703658194001 0.5529440461224424 -1.0763912845569812 4.327403134077321
-1.0814721795701203 2.7716120884492375 -2.9899872549496607 1.126786169372761
1.951415105847726 -1.6546886027050758 -0.6634357825375212 0.577886830635046
2.16072562027208 -1.3048963880594595 -2.489721272003107 2.494825380093628
-1.6678051348455702 -0.22410086583914302 -2.4688713030543403 3.045933681553452
-2.7718645447683685 1.818384538434266 -0.3120601171159576 1.524155683007531
0.5704859708039289 -1.8280240085353117 0.16240810244345472 1.8489819777119332
1.9691272085716065 -0.10525636708068209 0.04566263510596347 4.886443109059503
1.2582584063756244 0.2958120772856523 -1.319781916410911 1.1273029923042754
-2.8879811637332327 2.552296770406808 -1.6957903136348902 1.9450933325751074
-2.2352123528294943 -0.08706943758907437 -0.7757166583977346 3.6205604831589087
-0.06957536001717157 1.3261892625399794 0.05161844084936007 1.1558319839012698
1.4982080491586958 -2.414071082896203 -2.9445296075377305 0.383432838712896
2.5493414419559475 2.078921694719977 -1.3965533152442013 0.14433871554026534
2.2902709105238337 -0.4765254229272715 -2.3731956449943006 2.441134703624659
-0.2923365669315925 -1.4886874546061621 -0.17653115521583018 4.080057991726536
-0.08800220052970609 0.824949723721438 -1.5435245717782426 1.4621071125396712
2.8911367434827397 -1.557750883102952 -1.2554816530146087 0.07886710313280032
-1.7942534382349007 -0.9763231116762512 -0.5068559107214337 0.5877874059584398
2.891555592337718 2.786552738963678 -2.7491373130888856 4.549770008093024
-1.237800715576776 0.11995464533301137 -2.0068943851029246 2.728734999317275
2.1525515171563177 -2.417438114924109 -1.296833485652161 0.30925165603456706
2.6041433919101404 1.232669390559625 -0.7520970970727778 1.9493646090537753
-0.6999771726733539 1.4194442657831488 -2.653948952756323 1.501462824599178
1.170225107051401 1.6318191979982615 -0.4603154191835932 1.9424218185807363
-2.5650966020047274 -1.8162208367069423 -2.731872662060081 2.502532712188885
-0.33223662744521354 -1.6066309227770565 -2.966487818531742 2.306785095468702
1.5594530567620097 -2.853076813974644 -0.6259429073362375 1.907818145926391
-2.706412736555829 -1.9754773717904648 -0.6689675406776887 3.9711474640582534
1.3455973685408757 -0.5308435953659987 -0.7885671576708511 2.659090860372028
0.7992330549228508 1.0987017350336856 -2.20313085831903 3.9989383355118067
-2.1020024709752674 0.45831885764501035 -0.7316535843113341 4.237515955351615
1.1180934246736758 -0.8947438307450715 -2.650300188559464 3.82817677561588
0.5469329198208137 1.734991908826185 -1.8324391312679484 1.9357109601087508
0.8164147311941159 0.577232814943295 -0.3343463391256698 0.6889637229643364
-2.4799015903732458 -2.2232786004453473 -0.2495718458433478 2.1101618665190713
-1.1776875359062844 1.8988063108026676 -1.7430159788546131 1.5715244144431773
-0.4246401147383869 -2.929543017501375 -1.3595520226667244 4.586291806426182
2.4932495702676114 -0.47931654393914647 -1.0775903735014083 1.4312584999539235
-0.8096292425488385 -0.27065135760995496 -2.857392951101378 3.363326310796033
2.784150337563614 -1.7261859033535383 -1.5949855338254446 1.4231753502422961
2.9280609435936267 2.6038660115434222 -2.2232699056641363 1.544741618289991
2.2536410389477117 0.6107673131748674 -0.00586020188818992 4.467711466173354
-0.28334638336581097 0.5649751829283307 -2.451108700149118 1.745610978596327
1.415699419776943 -2.55408252215176 -0.1829910952148559 4.827331567024228
1.2799196813171996 1.0634407553008778 -0.854621523596518 1.3807580789187957
0.03655628979726 0.6407820910859656 -2.327337611474341 1.55057799985028
-0.11883164767694199 0.5219961381757847 -1.2210887929734486 1.6847912378583851
2.935722719681131 -0.23451364946714737 0.22560978508815177 1.8616172402585374
-0.602259458908128 -0.33429190241441376 0.43162838119929514 1.4680949047984537
0.38366232995953675 2.295012094608655 -2.779301206360736 4.63036614177579
-1.1512594472731559 -1.5629720642731413 -1.972066557455178 2.4592078406361795
-0.3417926798249322 2.2621196877644527 -2.6782034987020094 2.3497633415263497
-0.5669428144384727 -1.4644376919898479 -1.7661561620426185 4.5855868944606275
0.7488350426064034 -0.9959525683879509 -2.896290763076273 2.423382952580202
0.36713680603694376 1.357937132244726 -0.14481886417882706 4.306084547388673
0.9457627118644069 0.47457627118644075 0.8101694915254238 0.9525423728813559 0.6949152542372881 0.7796610169491526 0.9593220338983052 0.6677966101694917 0.8745762711864408 0.9288135593220339 0.576271186440678 0.7423728813559323 0.840677966101695 0.45084745762711875 0.976271186440678 0.3288135593220339 0.9627118644067797 0.6372881355932203 0.9627118644067797 0.7423728813559323 0.9661016949152542 0.7932203389830509 0.9796610169491525 0.9796610169491525 0.7796610169491526 0.9694915254237289 0.528813559322034 0.8305084745762712 0.9559322033898305 0.9355932203389831 0.8949152542372881 0.9491525423728814 0.9728813559322034 0.9593220338983051 0.6644067796610169 0.8033898305084746 0.9423728813559322 0.7491525423728814 0.9593220338983051 0.8474576271186441 0.9694915254237289 0.888135593220339 0.8305084745762712 0.976271186440678 0.6847457627118644 0.9627118644067797 0.9186440677966101 0.8576271186440678 0.7186440677966102 0.9796610169491525 0.9389830508474576 0.8542372881355932 0.7627118644067797 0.9796610169491525 0.9423728813559322 0.9694915254237289 0.528813559322034 0.9322033898305084 0.7322033898305085 0.8372881355932205 0.864406779661017 0.9559322033898305 0.9593220338983051 0.9830508474576272 0.7830508474576272 0.8847457627118644 0.8203389830508474 0.888135593220339 0.9322033898305084 0.25762711864406784 0.9966101694915255 0.8372881355932205 0.8305084745762712 0.7864406779661017 0.33559322033898303 0.9559322033898305 0.9864406779661018 0.840677966101695 0.952542372881356 0.9118644067796611 0.9593220338983052 0.5423728813559323 0.7796610169491526 0.7220338983050848 0.6847457627118645 0.43728813559322044 0.864406779661017 0.6745762711864407 0.8338983050847457 0.8542372881355932 0.6677966101694917 0.8745762711864407 0.9423728813559322 0.9627118644067797 0.7389830508474576 0.37966101694915255 0.9084745762711864 0.3728813559322034 0.993220338983051 0.9457627118644067
0.009999999999999997 0.009999999999999997 0.009999999999999997 0.009999999999999997 0.009999999999999997 0.009999999999999997 0.009999999999999997 0.009999999999999997 0.009999999999999997 0.009999999999999997 0.009999999999999997 0.009999999999999997 0.009999999999999997 0.009999999999999997 0.009999999999999997 0.009999999999999997 0.009999999999999997 0.009999999999999997 0.009999999999999997 0.009999999999999997 0.009999999999999997 0.009999999999999997 0.009999999999999997 0.009999999999999997 0.009999999999999997 0.009999999999999997 0.009999999999999997 0.009999999999999997 0.009999999999999997 0.009999999999999997 0.009999999999999997 0.009999999999999997 0.009999999999999997 0.009999999999999997 0.009999999999999997 0.009999999999999997 0.009999999999999997 0.009999999999999997 0.009999999999999997 0.009999999999999997 0.009999999999999997 0.009999999999999997 0.009999999999999997 0.009999999999999997 0.009999999999999997 0.009999999999999997 0.009999999999999997 0.009999999999999997 0.009999999999999997 0.009999999999999997 0.009999999999999997 0.009999999999999997 0.009999999999999997 0.009999999999999997 0.009999999999999997 0.009999999999999997 0.009999999999999997 0.009999999999999997 0.009999999999999997 0.009999999999999997 0.009999999999999997 0.009999999999999997 0.009999999999999997 0.009999999999999997 0.009999999999999997 0.009999999999999997 0.009999999999999997 0.009999999999999997 0.009999999999999997 0.009999999999999997 0.009999999999999997 0.009999999999999997 0.009999999999999997 0.009999999999999997 0.009999999999999997 0.009999999999999997 0.009999999999999997 0.009999999999999997 0.009999999999999997 0.009999999999999997 0.009999999999999997 0.009999999999999997 0.009999999999999997 0.009999999999999997 0.009999999999999997 0.009999999999999997 0.009999999999999997 0.009999999999999997 0.009999999999999997 0.009999999999999997 0.009999999999999997 0.009999999999999997 0.009999999999999997 0.009999999999999997 0.009999999999999997 0.009999999999999997 0.009999999999999997 0.009999999999999997 0.009999999999999997 0.009999999999999997
-----
100
100
1.5
2.9370466462236196 0.7422022974072167 -1.195320417915781 3.368145187656057
0.6629223845826528 -2.0240764932221413 -2.792629572298626 3.078497326843125
-2.360750788523089 1.717366936642084 -2.469976332698164 3.469596696629277
2.7364447364895756 -0.5233632762415337 -0.8461839834328293 1.816420876701374
2.3661333926873653 1.0975772111310969 -2.037830053655915 1.5928998865021684
-2.077804583955687 -2.629827687186792 -1.1022260639461905 3.460134921746456
1.119825107496955 0.8877345625193751 -1.8622163916766474 1.9967369550788847
2.350828523509155 -1.476929973007921 -2.1048269127512427 3.0827707432198617
-2.239869644484472 -0.8975090596921902 -2.0832743645824214 3.9335353205538377
2.349742172764235 1.7769687936247274 -1.2540647580264639 2.093739919898412
0.0896911274389629 0.5319914751243391 0.12192095553776028 2.8250990636935174
0.7742817900422212 -0.188557554791907 -1.6369033629699408 3.2217371254710643
2.700316137311133 -1.0789792764412152 -0.47973965741887303 1.777035868015866
-1.8250457677939416 -0.3323746449794476 -2.3267130248622183 2.3976905335904046
-0.5948950281873335 0.0963533870545552 -1.3004998932043246 4.216021071370027
0.6228508469798104 -1.3849459535116957 0.2055124895481173 0.04386414428195673
-0.8134141314404495 -0.48728602537832844 -0.5988000107126795 4.05638608135721
-2.3200323430609684 -0.19031084119228947 -0.8560743527115595 0.39248791180437737
-0.12724167643870743 -2.866926970109123 -2.3421151077171727 3.4911212427728913
0.9287957059710554 0.8085194465559449 -1.0806639821082622 3.3571468566172697
0.5742397028144212 2.045224742040628 -2.339215123593159 4.308380587554605
1.8637441065475047 1.359332965085141 -0.5275889915985925 3.989077922845181
-2.612738886688867 -1.2037049678066873 -1.1720880008563883 2.8614808992020238
-0.9177741561904066 -1.9373283131130399 -1.9789266726941288 3.960685256482555
0.14803279154210403 0.1514691200466416 -0.9648722047384417 4.45242028471231
-1.322253316615495 1.2130320719435614 -1.581380874302228 4.475921893174111
2.1836757884618776 -1.7621149930999596 -1.2376901931274193 3.0792234339819746
0.32499847899342105 -1.8359457691787116 0.41050622398051206 3.1639057450723134
1.7310556697728732 0.31175348165721894 -2.4538584281959466 0.4411268901260841
-1.769587793717249 1.4485368852236513 -1.0718638137875585 1.5903331927833493
-2.5053325976350833 -0.5101842568172292 -1.9322513524216776 4.046698754476034
2.6494599812458315 2.57320271433856 -1.8853944321062217 0.7387428224182592
-2.400313474139995 -1.7481197257524166 -1.9322409231134254 0.5880164348476851
1.271038914244936 -2.3170491993422617 -0.5352427102510022 4.984830132866105
-0.8731161043283417 -0.7902513386170713 -0.23791647883615777 4.99111728748432
0.9570417654196794 1.410993043116156 -2.4887211551795034 0.7766489354757553
2.5638719638603207 0.36063414299755214 -0.41916411972377016 4.714810583672036
0.6656952829158512 -2.1921899921951624 -0.1475427455584974 3.0919113514250633
2.512797056219387 2.69645644473899 -2.8614352379823456 1.2965311678738423
0.6712884348340169 -2.346519280344978 -1.5272862867320671 1.3828202628074608
-1.6375050810114324 -2.904727809686035 -1.7524657302018323 1.5677761085413764
-1.9761491032133374 -1.3687392943753445 -0.8457467338634863 2.7548487447731533
1.1415384941507014 -2.2144111639637956 -1.1997972638491983 0.1983792849159134
0.7269308549503952 -0.29378763062512236 -1.679397480653468 1.5170959932331032
2.540006962690368 -2.420466556035664 0.3745081964019541 1.513010242625456
-0.6714469718046925 2.196449832511783 -0.45725598590428795 4.4549902743633645
1.3894800835715337 0.8807548441508548 -1.483875435448053 3.307524383685235
2.707831618056526 0.22117455501251082 -0.5698673174786597 4.792415106018708
2.147715186694928 1.6958043669575495 -1.1121785292615034 2.628101479500387
1.8894606226735733 -0.10308230967417309 -2.7846802367214716 3.094561168828924
-0.9344140938505929 -1.0907302433520063 -2.2240446851065765 2.1694437383164225
1.0014420991017858 -1.7198298874424873 0.31544533020594523 2.0606875284533217
-0.6582937526522381 -0.8410763170707551 0.026643964335667007 3.9530902266597345
1.7412919557415991 -2.7660912795533688 -1.765336156659877 3.677558815799721
0.9481694922509473 1.4023767277911228 -0.6027193718701884 0.25871016694936033
-1.415727039674163 -0.33688982724160343 -1.1409319653295922 4.250825890008656
-0.38665633717688874 2.505292776195637 -1.4351293645853611 4.328284925468684
2.906373948515994 1.3372783301418065 -2.594453820656258 1.5159477038396152
-0.6632216295878448 0.07577229597281976 -0.018199606501030932 3.6934849964280163
-0.39744520384254534 2.0192596821080366 -0.03115214721605475 0.0015155497250888272
-1.3484089140459572 2.404708022896398 -2.3005938262962795 0.4480460415949143
1.0091420005994127 -0.9997083217506737 -1.3761493265706368 2.7906036586770675
2.2340835474723044 -2.297030649994646 -1.7635251794147662 2.406273736276801
-1.846230285054245 1.2352451506232274 -2.831685686663289 2.6377918448892697
1.0643847819312886 2.7083466069471145 -1.0931329696248115 2.029002494302791
2.732080025358569 -0.9047760548654494 -0.07989649800154075 2.1626038179774154
1.7295595115353108 2.6332350203042134 0.23422327773672424 4.0927882155923605
-0.20690420566757117 1.3785539037853205 -1.8770310964641874 3.512632629748755
-0.257133418478948 1.5359757807710506 -0.2505580478104963 0.34692556078332215
0.9827947015930886 -0.7215391405178195 -1.8240121999150638 3.1026272433246826
2.71473303053825 -0.8295913649604904 -2.4409696952840134 0.8647700842630468
-2.1278424976131247 -0.5873474698669692 -2.198556907272338 1.7685014592757038
2.4213799270330796 -0.5489068991861672 -2.1310883889780268 2.2680975604555744
-1.8250364456881774 1.5487128013481979 -1.2575842174076641 4.935571442698805
-2.500054828678161 1.756525398083281 -2.528966066761198 3.196587842396592
-0.5455519451180322 0.6505163377717391 -1.1097566526158136 0.009658384953097565
-0.7012156746787817 0.17570961306160449 -1.3351149985889479 0.19163205430876862
-2.0674144176297182 -1.1208970626126429 -1.53773342854024 3.839276114612634
0.4484952203097714 -1.3161116929830525 -1.325225472945774 2.293081669324889
-0.7653846647733497 1.705555469768436 -1.9805911524965105 1.8470045913228992
-0.20700883277251214 1.049752852596785 -2.4118508316100473 2.509945054818309
-2.0592361209636123 1.995949145474596 -1.7667322515816957 3.690944169083601
-2.390726700024088 -0.37537948030557644 -0.781988437504338 0.43791844151320714
2.2410784971085675 1.8679951781146227 -0.9282329276318938 3.5538895266692396
-0.14666242647823624 -0.8050086248679977 -1.5900049029989303 4.980062747914118
2.0469031071917527 -1.9803738399742712 -0.48561944453836586 1.9170073216543182
1.1689867947805146 -0.7473408447514913 -0.995315277306525 3.9869532825119123
-1.7423875577551375 0.32250386640718665 -2.8872764591813214 2.9330006063788296
2.034901792910305 -0.8534740811912289 -0.4221744425598324 3.0269123903256068
-0.4983658293586253 -0.8805950392558954 -0.9352282266369669 4.445860085896429
1.5967969822369257 -1.7044853514858231 0.37626748507328756 4.9428805330324
-0.9797421307791896 1.36326762990254 -2.598831936696838 4.890714511680326
2.7875729374322114 -2.86074074806098 -0.46182873103375 1.511159459245631
-0.9496459380820689 -2.3302877795624966 -0.2924170458795221 1.1854184239767025
2.187622892783304 1.6814331800010982 -0.6302296485853256 0.8010550294857484
-1.2377563265364155 -2.9796099901666793 -0.29640575015525983 4.465056966551553
1.5248501286152036 0.02151072760041417 -0.600502482460405 2.425536161743351
-0.9233388997465994 -0.3959867568960802 0.13143166048259786 3.122669037056894
-2.7403196867115533 1.6955541281094688 -1.5417588088075043 2.6703146101569595
-2.7791053703246917 -0.44957422612541165 -2.9242733487767882 0.44437207740585993
0.6847457627118645 0.9932203389830508 0.9593220338983052 0.7966101694915254 0.4203389830508475 0.7186440677966102 0.5898305084745763 0.5593220338983051 0.7220338983050848 0.7389830508474577 0.9491525423728814 0.48813559322033906 0.8779661016949153 0.7694915254237289 0.7796610169491526 0.9796610169491525 0.840677966101695 0.9694915254237289 0.8474576271186441 0.7457627118644068 0.7254237288135594 0.8033898305084746 0.8542372881355932 0.4745762711864407 0.7457627118644068 0.9355932203389831 0.6813559322033899 0.9355932203389831 0.5457627118644068 0.9661016949152543 0.8338983050847457 0.7491525423728814 0.7830508474576272 0.7627118644067796 0.840677966101695 0.6847457627118644 0.7864406779661017 0.8677966101694915 0.5830508474576271 0.7050847457627119 0.6067796610169491 0.8271186440677967 0.9186440677966102 0.664406779661017 0.9593220338983051 0.9694915254237289 0.6169491525423729 0.7559322033898306 0.7423728813559323 0.9966101694915255 0.3355932203389831 0.9457627118644067 0.8949152542372881 0.3389830508474576 0.9694915254237289 0.8203389830508474 0.952542372881356 0.7288135593220338 0.9423728813559322 0.9796610169491525 0.976271186440678 0.6576271186440679 0.47457627118644075 0.9322033898305085 0.9491525423728814 0.9016949152542373 0.9559322033898305 0.8372881355932205 0.976271186440678 0.3423728813559322 0.4067796610169492 0.8067796610169491 0.4610169491525424 0.9694915254237289 0.9796610169491525 0.9796610169491525 0.9627118644067797 0.7322033898305085 0.6949152542372881 0.9559322033898305 0.7355932203389831 0.9627118644067797 0.9694915254237289 0.752542372881356 0.41355932203389834 0.8610169491525423 0.7152542372881356 0.7593220338983051 0.8271186440677967 0.7322033898305085 0.8983050847457628 0.8305084745762712 0.888135593220339 0.9118644067796611 0.9152542372881356 0.8169491525423729 0.8271186440677967 0.9389830508474576 0.9728813559322034 0.9389830508474577
0.009200466637336377 0.010222201466980345 0.011808525418583658 0.008084103085130667 0.007975550569808868 0.011237359084547536 0.006453226930234759 0.009012476339912937 0.010360392738612367 0.008487594658671384 0.008553670698420198 0.006363768187540509 0.008862529920110659 0.008371051237680435 0.007760958351416714 0.012907416863132183 0.008130574896290975 0.01194724864637727 0.011307532667954878 0.006896829992753904 0.01056781928038248 0.009946026464504062 0.009695531317908589 0.009285200230844245 0.008143074643586254 0.01000033449539001 0.008269010135999627 0.010271578095866716 0.00908200266096563 0.00881378105725357 0.010784453087690426 0.011913721035978314 0.013922420002474796 0.012500534437612074 0.011418741021426787 0.008449715844432779 0.012236419567637396 0.008840933101513498 0.013251494837369673 0.008437523459676806 0.012135599049701235 0.008580801603808303 0.010652080290922907 0.0063086407942639965 0.014410087803337301 0.012899069954167093 0.006999815420761417 0.01245645612475084 0.00830770645114716 0.008917148988762795 0.0075918124446950975 0.009683592573605631 0.00936612926737624 0.010973587464098235 0.009929757824111533 0.008583453918188258 0.011395573313789452 0.010373307386946232 0.008950675968490984 0.015574423444653563 0.011695796244428586 0.006389100083366944 0.009327606882228643 0.010084734265683308 0.00928610055284365 0.009674857306359941 0.01774276520250188 0.007503175702539102 0.01140616161184604 0.006602053023787183 0.01033210224623429 0.009172632749761631 0.007860365657391701 0.013433434726731355 0.012013249488836107 0.009526466245700806 0.008852804794831928 0.009267511529465828 0.006429516605350686 0.007489486809555157 0.007088191665153238 0.010928333912186018 0.012204205118343464 0.009956454771159732 0.009548702340315142 0.008787464861132339 0.007498227480525477 0.009854512863741016 0.00790794670953183 0.008325596140679162 0.015079232741858068 0.013038378061281287 0.012968616885928928 0.01043844758880916 0.010222330370060968 0.0138017285759049 0.006851869903196881 0.008968177717370828 0.010838131317817277 0.01774001598797099
-----
100
253
0.8
-2.611726833233947 -2.93098619266051 -2.4477031747837628 0.8569137576542363
-1.3987320831592376 -1.2406650343305963 -2.4511087271533656 2.3597972192479606
-0.24955307257027698 1.3577602547125691 -2.4561677205906287 3.870624975004378
-1.599345611997912 -1.6685380423873606 -2.494392650766078 2.9056010930219505
-2.231407579484535 -0.33672897449736594 -2.848842507017615 4.319911236718602
1.8898821111447939 -0.9570839781222333 -1.5026724671898535 2.4034746330403913
2.2565323553445618 1.6841866333434043 -1.8800434758998223 3.0666374196427726
-0.24611620943204604 -0.49214665316747985 -2.910658272233554 0.9796994539417709
0.7701062492795332 -0.40920771436969816 -1.1934600356623233 1.2350764018481302
-1.9474218419204812 -1.1520185998437524 -2.6798164203668673 0.3024447111595648
1.3492295579902183 0.8095552710788244 -2.2322504327690584 3.494975936292171
-1.7948430925950796 -0.3734686249513097 -2.102709452574604 4.3072331454333295
1.933262005013761 0.17983013291502425 -1.9450003162163565 0.6545499743493268
-0.3659238917921743 -1.5093359418183976 -1.5374982617377673 4.063687985260386
-0.10919854831612041 -2.900049214016532 -1.6540281677844293 3.7831131585273283
-1.1412629315248708 -1.536160585425038 -2.6193425664506136 0.4781284821424424
1.0402122788231603 -2.0598969043828896 -0.8857272626560757 2.923381621107998
0.8027347486586149 1.7536958936868592 -2.0530723387559604 3.3148773723720732
-0.24646255218284496 -0.24493009711526392 -1.2156410653784147 2.829890979647167
1.98783242077572 2.2381827333623248 -1.6635091039862437 3.4482829991864197
0.8420449475036605 -2.613236072143899 -0.4341793196359883 4.9617561377637545
1.548643961824793 -1.000027899976675 -1.5788556082289364 2.316692687059155
-1.1324188027880173 -1.3019752306735888 -1.6449390861117639 1.4384856772453767
-2.7801032268531145 -2.8763979160998066 -2.084846401729589 2.4449724934862505
1.1761079908476437 -0.6725556363752421 -1.505980027001585 1.4775674401735086
0.7385327507019048 -2.05332452194378 -2.076171109598646 4.35166902460833
2.5012765737437426 -1.2203693425475177 -1.119641897744391 1.9004874165192134
1.6315100342045825 0.6282602511931268 -1.6961174784009094 4.76184247443508
-1.8522452423279292 -0.075352474104113 -2.9979352506777075 2.2817212541855154
1.7016811677978614 -1.4800076543094236 -2.3577389052202187 2.7619480688363622
1.0084232047206787 -0.14447201626903672 -1.96111922534598 2.751921427467118
2.6586911722397666 2.644756482288544 -1.6064247284997992 2.042783200543484
0.7764024094640365 1.4100134540860583 -1.8043086619346385 4.329299310277311
-0.4168122831029224 -0.6436258963133572 -1.8220642788197403 0.7891470486305524
0.4264783878465761 -1.6582757719083223 -0.8411105957951523 2.0160017315957135
0.4599989402496747 0.20887874828420938 -2.4738385015734763 0.6588673755206904
-0.6065339201029643 -0.9236383934987293 -1.1091972739956106 3.8615722896039175
1.2395150728014572 -0.14921232988077526 -1.295209191520233 1.1473417547137275
0.6930792657306847 -0.4282963759876173 -1.0344284748592887 2.475808285081704
-2.7667233354318452 -1.4101396391392313 -1.949031455562957 2.4694573875027324
1.3922679102439035 -1.4278242006054145 -1.2393390467585295 3.2031218205954097
1.2841265215158277 -1.0528262567312305 -0.9421624746334903 3.2000614301660537
-2.1878840400362485 -1.205835753171327 -2.9977847189285445 1.0577731651822206
-0.3924348411156884 -2.4239376540207287 -1.023796374784419 3.4531707541326506
2.2810924510030537 2.5117707388613777 -1.7946513951517218 2.5898478355394197
1.8707605344403129 -1.9163262645607404 -1.9100852353002147 2.9587452383912245
1.3912592175658263 0.6262446534195156 -2.0938158601007686 3.0706646643653146
2.3284769778367407 -1.4917526329086526 -0.8939289876629775 2.8287451009003615
2.5971834087818575 -2.3908559760926735 -0.7717895471830836 4.386832833309454
0.6479723137865738 -1.578743990133434 -0.9266678923008722 2.7029078526771357
2.066870204770419 1.4095831135998305 -1.013506745294925 4.739316791782733
2.2045137423271326 -1.477762798296401 -1.7833005281215946 3.598693939896053
1.6561003104063077 2.7227239460622354 -2.8451532928506342 1.2359034674682117
1.2239494494982277 -0.6471474487909585 -2.217071488590547 3.5376613467335503
-1.1270696596056862 -1.1852525831638778 -2.7763970624997545 1.2848488577827681
-0.2375416350645443 1.0320566191200524 -2.6861058040803916 1.0021519011730522
0.45560804254497245 -2.050409645673876 -1.9920898218727892 3.950354239558923
0.9872776859616357 0.42790990286987673 -0.7346187897156232 4.039187906025091
2.451683162158806 -2.4182243821328426 -0.713166049987239 2.486609315544719
0.604234072960562 -0.47411943204761203 -2.6497101770465314 0.9842726157015467
2.1969848392886986 -1.0208510843776761 -1.3503423249420754 1.153330831549959
-1.141994844401805 -2.3578878134521277 -1.4736854797020063 4.366196533459019
2.252450918267434 0.9440183118869242 -1.9157427515534327 3.4743345630858333
-0.3289086798764682 -0.25612043424628306 -1.505743829682152 1.5261936403510803
2.8759700644184294 -1.3806027675218155 -1.6199420054020293 4.793959627008791
-1.2738064062668835 -1.0403106100166721 -2.62628150265418 0.1771499509413014
1.457974539147719 0.7709994753724847 -0.8842570763095903 2.16357590130488
0.303228200446896 1.3362213074199192 -1.9112910292376337 3.2614757023359493
1.2697144464515542 0.04444303631623381 -2.1881565452231015 1.276877488607841
0.24530907293875348 -2.0582263874843654 -1.0897907434652014 2.200521119123718
0.3476895744774704 -0.7376622424465868 -1.5675275745932051 1.1845506499583651
-2.9384504226097268 -2.566178080759658 -0.9034085448030639 3.2858124970881
2.0314805970078087 -1.515411801890423 -2.0712353786011013 0.8082119884451862
-1.3302213785432309 -2.410623795616841 -1.2997434443361748 4.97440043538864
2.0757449609954173 -1.671208902782914 -1.769616953314907 1.8915638587168047
-2.0151401875428787 -1.6519127904391637 -2.436411505711027 0.9568309602302363
1.8070511986859876 0.40441772732035286 -1.664974763435949 4.218181894064419
0.394771567822224 0.05074347024743209 -1.220361308729962 1.539133333972225
0.12422831245321664 0.7070137754813495 -2.717483492518717 1.0446776206508712
0.4642860604087633 2.1423605356578106 -2.4511516549183208 4.172014023965519
-1.5472009702283782 -2.7026241947218463 -1.3913435091644257 2.0600663001709836
0.5774152155365742 0.2375529842375728 -1.5367324444489519 3.37214044866938
1.615798724290255 -1.8559590789950113 -1.7069212715639412 3.426053559171588
0.47189384309785054 -1.6487838222933182 -1.9788585692666645 4.869277781020604
1.1042511092285534 -2.711242904157558 -1.0628385974152907 3.257961329337414
2.2667910260527138 -0.8509402049672683 -1.6850166415367902 1.9440146750354144
2.425237366001544 2.935660487599797 -2.0472660247280694 3.8197408089831395
-0.655810728754433 -0.43794673575564924 -0.9376081081983227 4.179988521035258
-2.916785462856579 -2.3584372425771862 -1.8864688785470631 1.5594536994273893
-0.6444639721109615 0.26843443933819877 -2.889737374638181 0.6754677093769473
-1.100580206141382 -1.5470878484095125 -1.0233001258131718 3.9010129045162323
-0.4449383464155314 -1.397065876333708 -2.484826917467645 2.2619810623703622
-0.1978858251692195 0.0036711519660874714 -1.6453121013807999 3.9353856401954164
2.771645807730495 -1.8028949758037707 -2.1677370855712006 0.6264821509532038
2.2119618300114308 0.28968466129200765 -0.5410436387619009 4.759125898733014
-0.6891372706071497 0.35219648441206397 -2.22889459407914 2.178889646348964
0.07147943747898644 0.4002047310869743 -2.162104201670912 1.7354783306032415
0.9106359478137496 0.6728680565102959 -2.284294671343953 0.9555042487401255
-0.9616390559852697 -1.3924446193431832 -1.0101498511796514 2.7619158437092697
1.996537509380566 -2.5096584644882274 -1.7322850774225758 1.3733144523852476
0.3389830508474576 0.3898305084745763 0.7457627118644068 0.5864406779661017 0.6983050847457628 0.640677966101695 0.3762711864406779 0.7016949152542373 0.776271186440678 0.7661016949152543 0.6305084745762711 0.7322033898305085 0.6949152542372881 0.47796610169491527 0.38983050847457623 0.47796610169491527 0.7593220338983051 0.711864406779661 0.7457627118644068 0.6779661016949153 0.7728813559322034 0.5966101694915253 0.7050847457627119 0.22033898305084754 0.7016949152542373 0.6677966101694915 0.752542372881356 0.34576271186440677 0.7254237288135593 0.7593220338983051 0.39322033898305087 0.7050847457627119 0.6847457627118644 0.7389830508474577 0.7932203389830509 0.5220338983050847 0.7186440677966102 0.7593220338983051 0.7423728813559323 0.728813559322034 0.6813559322033899 0.7389830508474576 0.5593220338983051 0.7254237288135594 0.6813559322033899 0.39322033898305087 0.48135593220338985 0.7559322033898306 0.7389830508474576 0.752542372881356 0.7050847457627119 0.3525423728813559 0.6745762711864407 0.711864406779661 0.5898305084745763 0.7593220338983051 0.535593220338983 0.7593220338983051 0.7966101694915255 0.5966101694915255 0.7559322033898305 0.48813559322033906 0.4271186440677966 0.752542372881356 0.32881355932203393 0.752542372881356 0.7966101694915254 0.7457627118644068 0.3966101694915254 0.7423728813559323 0.7254237288135593 0.7694915254237289 0.5864406779661018 0.5491525423728814 0.5491525423728814 0.583050847457627 0.3389830508474576 0.7728813559322034 0.552542372881356 0.7491525423728814 0.6983050847457628 0.6067796610169491 0.3864406779661017 0.6067796610169491 0.7186440677966102 0.5728813559322035 0.5559322033898305 0.776271186440678 0.6745762711864407 0.6915254237288135 0.7186440677966102 0.7661016949152543 0.6474576271186441 0.6101694915254237 0.7593220338983051 0.7389830508474576 0.6271186440677966 0.5457627118644068 0.7491525423728814 0.6542372881355933
0.021241464764229726 0.009350472348519635 0.00941780769646384 0.010461106442220145 0.013725111513253093 0.007490910276282772 0.009726143956975752 0.012133429433107606 0.007451151670947355 0.015369380982610481 0.008669508535355143 0.00939445856664686 0.010173554113804877 0.007853279494182738 0.010588525080431616 0.014120601943907095 0.007631918195086159 0.008648663117294777 0.006309295561549595 0.01046812675472718 0.01205295163378762 0.007304330674905315 0.008397912089793987 0.01593010270680156 0.007490846949098025 0.010878678883619364 0.008573787945016785 0.009959554795548215 0.011481539505741193 0.009928564876270012 0.007083409241345833 0.012482703237542525 0.008973851418958817 0.008794571202657843 0.0073948731772947 0.010504164415861461 0.007030216454299375 0.007768441192776639 0.006387140871105002 0.010623745071037066 0.007211427910121641 0.006808463028657601 0.015462346347057863 0.00848685654952421 0.011340434086841529 0.009379494977634061 0.007880003204230332 0.008123738944769868 0.012232740282207773 0.0069427150134043075 0.010798429239222638 0.009415645519732016 0.01600821021361281 0.008463269051861944 0.01180687870790543 0.010860729735426006 0.009533647595260734 0.007329534859339988 0.009876980160849522 0.010832797970551792 0.009133601210875603 0.010454794766236097 0.009219612583926411 0.0071316383612568856 0.013751798529460135 0.014479719964611422 0.007304510049053756 0.007552632684749437 0.008727298138899988 0.00771517666313499 0.007723912171946435 0.014396859483396838 0.01197905285194941 0.01253440419493239 0.009261109842255769 0.012982098245933816 0.008705513661334019 0.0069836463599086225 0.010645639362469693 0.01194405836667729 0.01079440696641014 0.006563573986199781 0.008716280361280394 0.01101894233412987 0.009062490109451234 0.00842022695653537 0.016380548699965754 0.0072901737492392805 0.01454289674808079 0.012613267874554366 0.007996321413261981 0.009198451244491559 0.006966833348272994 0.015985493087928553 0.010035592500760655 0.007581159015657199 0.007663907057983073 0.009409929408384164 0.007274927260262309 0.011796860194871802
