4
100 100 100
462 489 2251
0.4 0.2 0.1
-----
100
462
0.4
-4.792430404976169 -2.053775506704543 0.655423117638847 0.0933637502466822
-5.34939809184954 -0.2753177767147843 -1.6914076726655338 1.4585163482693542
-2.015847272519518 -1.3707541296422487 0.7802917232979709 1.426940558109101
-3.5425053048323436 -0.38553225366261756 0.5567289758974105 3.1328334546494196
-4.904094456514009 -4.275126103287837 -0.26495353832884483 3.7926599283472475
-5.682152201330462 -2.3268320865321535 1.5755571433392355 2.119986858041015
-5.077081395868932 -0.22002775774270056 1.7199232538658107 1.3840540618320096
-5.809004710889726 -3.827971094337504 -4.8546029240777795 3.918310355145983
-4.9596446200749025 -3.5331068099841665 -3.1614112057041766 2.533391885376879
-5.752420853111474 -3.052907780122701 0.9722668313854577 3.670009017424829
-5.2574268604757135 -3.8510058372303853 1.0692382132216194 2.265756974909987
-4.999158249205131 -1.7038838406982961 1.7181365524857117 1.1950097626783818
-5.705799359494801 -3.4385839469779653 -0.30633418642653787 3.6772963108909984
-5.609085963501784 -3.1768591313698757 1.4852032190566407 2.7071134788157436
-4.032377460136066 -0.139677586209082 0.29067406448779565 0.21213394579217448
-5.1820297576910725 -1.2923339360274113 1.5862787435904036 4.814718469259626
-2.457053713185919 -0.7223576392924906 -0.8184865603971012 1.849480318800949
-5.928964633242336 -2.4094423869212354 0.477890504370726 2.811806747651641
-3.710732904535604 -1.4648876052997784 1.7809837248509917 0.15401842574755853
-3.9778789333688387 -0.6251640430658263 1.6747531915895877 0.6836814447463835
-3.1980527724328285 -2.0337477928633247 0.30116172027693544 3.478716639497735
-3.928069869092111 -1.2651858829908988 -0.2131353449370632 1.8563332238201158
-4.6534924011791095 -2.340432875349177 -0.7200137685022039 2.2990154062617463
-5.559340310509505 -4.203942720506913 -2.4980923124054777 3.9058848616046604
-4.738282012654855 -2.3267327893469205 -1.6830763824327164 3.0503267261254994
-5.98720305554348 -2.452297099645114 0.2578818220739798 3.962974601115661
-5.468097413362174 -0.08571952102091451 0.2614141098138578 2.210308148863515
-4.0702987756161 -1.4983830258539914 1.9684547271514363 4.008911562693102
-5.984196059441896 -1.895246844448284 0.1584776556924412 2.456849588600225
-5.68377699060853 -2.4186513895940536 -3.444000295412514 1.8222844569674335
-5.351961992440804 -1.6881149151301882 1.9381118688421006 3.6859738541070475
-4.988558877781362 -0.9607730934664946 -1.7208763067646595 2.289947246838364
-5.511493648642915 -0.7342640797345332 -0.10491792876801487 2.289389079153281
-2.2521969222851435 -0.4589490760428774 0.6560828037668385 2.8066968676423287
-4.6315252693152305 -2.5960561313931048 -0.033691243833743556 4.045901046146833
-4.667148355946625 -3.4411775108293297 0.7002573733520574 2.728161316459606
-5.714066763920226 -4.513506620050361 -2.668054194184868 2.266789891919312
-3.0575405631648107 -1.060873597070068 -2.3455243547965043 0.8850769552848514
-5.793233454689633 -5.066578201875234 -0.6824543292673386 0.9466656317982935
-5.12386012043946 -0.13286213522762313 1.9432651667360812 3.086212203367179
-4.054358818018269 -1.6921259931565835 1.8317090933888647 2.095559670810636
-5.131688324322533 -0.25041131474176304 -1.023198233138649 3.970568337828051
-3.4583889149690963 -0.9816850268787487 -0.1288534707471154 3.0160895180646863
-5.281612640904246 -4.880972754657499 1.7936460355060984 3.90085674224796
-5.956610382032592 -3.847732715465709 -4.329442926414116 3.924969600847903
-2.895207934334621 -0.6262152041010776 1.877908108759799 1.8823599820328718
-3.3474783282029734 -1.9767420439376107 -1.8168234204682374 2.3937518912913025
-5.633517646132334 -1.8042749913801739 1.5498294906850054 3.832785586684767
-3.4980228726667084 -1.4856811761624948 0.6061359625253662 4.007246816857906
-4.760394103964471 -3.2157810724015277 -3.759858686031646 3.0525770854545717
-2.873269961716081 -0.7580366308232591 -0.6705778877101025 0.6520227726317995
-1.398738419370975 -0.647099695045803 0.6050984278791933 1.2657999053699354
-3.8732547688806465 -0.6443057369472616 0.7837675264882247 3.2129509756231753
-2.6006726326520635 -0.6997418369729855 0.0758614551187824 0.15244098179686305
-5.753339587702689 -0.7563524074908425 -1.0726257807270971 2.5614966414553617
-4.867263452364871 -2.7546819983164093 1.4574372540432368 2.104395100091334
-5.864438146579068 -1.7085529687178616 -2.7722884678214887 3.4317338783010474
-3.492359437039563 -0.27934327462049424 0.9269779938231437 1.6167870619864666
-1.5374061351307997 -1.2164374672450702 1.4320541993680918 0.23629996479935023
-5.565991175462771 -2.399291724450352 -1.4655946574571073 2.226310717963175
-4.965367829095493 -2.321249627588127 -2.9003403707007473 1.7037412227268933
-3.653021982032646 -3.2032449088180486 1.9677862158328336 1.031130047861567
-4.541891222288829 -0.08793433297578979 1.941082325913606 0.018860606546536873
-3.1554307594554816 -1.059766682600733 1.1397564484838778 0.025664557743265703
-3.369079514466585 -0.3573529747021613 -2.0422905336053265 0.9867555377596959
-3.9574424889678372 -1.5925373358688653 -0.03334658899575338 2.745062845691785
-0.6282420892721783 -0.059700888122958595 0.6492920137439091 0.6563432261731439
-1.9664875708240528 -0.3321122311729052 -1.0737486561929503 0.7674411487682453
-5.807617699277193 -0.7799689584074692 -3.0066031786216465 2.3343245193124407
-5.5767194651370575 -0.42010160964445653 1.7196425562735786 0.33594918848276367
-3.222683520658771 -1.1163430180284397 -0.37365225276693614 1.3773129285437824
-3.9467467352795573 -1.9052577235876411 -3.7702273947300684 0.32545523358799233
-3.128829136249932 -2.478157266808094 1.0343396304592387 1.3746682012654676
-5.744262701167485 -0.8523352442815773 1.6192607657679225 0.14904610440496735
-5.9577125964539395 -2.3970809363810877 -0.7947536822392811 2.6936888316963836
-5.137679460501644 -1.8147548762854093 -3.728774943965862 1.0390611693743679
-4.112420789204094 -2.223944609278324 1.189056323039476 4.0194088010520606
-5.4312067267895525 -1.9505926338517465 1.5074989025550316 4.854575795584688
-5.405414577847761 -3.6586295065103265 0.7957151290003006 2.383235508931455
-4.55406873739626 -1.0625863273395506 0.41582211693417115 1.860570871248871
-1.5357229916324115 -1.116915049049915 1.5550764224721485 1.6928346709832398
-3.2257420358828304 -1.7354734343116984 -2.811700128710271 0.26492037781572053
-5.000733139370372 -0.5422068618945826 -0.2040480209600748 1.0470229398846964
-5.750249148286622 -1.663161827032643 0.34133525262983166 0.25900457960303047
-2.6335370728733882 -0.488460106178529 -0.01724593426736476 1.213576202632115
-3.316615969652444 -1.6288993682174988 -1.7579956530187415 0.02680447558285004
-5.951124423796185 -1.5594397126994917 0.8868017670098389 3.8935508311964573
-5.886246541452765 -3.755209978795452 -3.326387119514708 3.7465993203216783
-5.2121895397159435 -4.024781978517653 0.1998518479610496 3.359484457146922
-3.2106046804213553 -0.43444826600285147 0.27158897984024044 3.7381652819756974
-5.744923394201866 -2.1329438153823266 -0.5772820693764213 3.2947693608871687
-5.532544031979079 -1.4632717652873417 -0.1656118008720835 3.8766500793969874
-5.924848174132324 -0.29992763792503485 -4.021935054176713 2.0457533179953202
-3.7875719902465885 -2.4273468926456543 1.1945248227254437 1.32466840462088
-5.510099650522693 -4.516466175492305 -0.09649505024605265 1.376362977297969
-5.689502752831452 -2.940358472831023 -1.911561228781876 3.648753057394792
-3.0685047619258095 -1.7752707908353393 1.123911884944734 4.60698590704176
-4.129647335781983 -2.231007585163967 -1.079805316312818 4.772116462419573
-4.935795314152964 -1.0569070156310385 -3.5664800666338934 2.3016410279583943
-4.943235802563931 -2.9174602255554865 -0.7807461054978937 1.6002373532401815
0.22033898305084754 0.20677966101694922 0.2983050847457628 0.18644067796610175 0.12542372881355934 0.22372881355932206 0.22372881355932206 0.28474576271186447 0.20000000000000007 0.22372881355932206 0.12881355932203387 0.22372881355932206 0.1322033898305085 0.22372881355932206 0.22372881355932206 0.22033898305084754 0.23389830508474574 0.22372881355932206 0.2033898305084746 0.22372881355932206 0.23389830508474585 0.21016949152542375 0.19661016949152543 0.22372881355932206 0.19661016949152543 0.22372881355932206 0.22372881355932206 0.20000000000000007 0.22372881355932206 0.22033898305084754 0.22372881355932206 0.2033898305084746 0.22372881355932206 0.23389830508474585 0.0847457627118644 0.10508474576271187 0.3491525423728814 0.34576271186440677 0.35932203389830514 0.22372881355932206 0.21355932203389838 0.3491525423728814 0.12203389830508482 0.2983050847457628 0.0474576271186441 0.20677966101694922 0.32542372881355935 0.22372881355932206 0.08813559322033904 0.32881355932203393 0.15932203389830513 0.2983050847457628 0.22033898305084754 0.18983050847457628 0.2169491525423729 0.2033898305084746 0.2033898305084746 0.22033898305084754 0.2983050847457628 0.22372881355932206 0.14237288135593218 0.3016949152542373 0.22372881355932206 0.20000000000000007 0.13898305084745766 0.1694915254237288 0.27118644067796616 0.3152542372881356 0.22372881355932206 0.22372881355932206 0.18644067796610175 0.3728813559322034 0.240677966101695 0.22372881355932206 0.22372881355932206 0.09491525423728808 0.11186440677966092 0.22033898305084754 0.14237288135593218 0.21355932203389838 0.3796610169491526 0.39661016949152544 0.22372881355932206 0.22372881355932206 0.1559322033898305 0.08135593220338988 0.22033898305084754 0.07457627118644072 0.10508474576271187 0.3932203389830509 0.22033898305084754 0.22372881355932206 0.28474576271186447 0.17288135593220333 0.12881355932203387 0.18305084745762712 0.23389830508474585 0.264406779661017 0.288135593220339 0.21355932203389838
0.009999999999999997 0.009999999999999997 0.009999999999999997 0.009999999999999997 0.009999999999999997 0.009999999999999997 0.009999999999999997 0.009999999999999997 0.009999999999999997 0.009999999999999997 0.009999999999999997 0.009999999999999997 0.009999999999999997 0.009999999999999997 0.009999999999999997 0.009999999999999997 0.009999999999999997 0.009999999999999997 0.009999999999999997 0.009999999999999997 0.009999999999999997 0.009999999999999997 0.009999999999999997 0.009999999999999997 0.009999999999999997 0.009999999999999997 0.009999999999999997 0.009999999999999997 0.009999999999999997 0.009999999999999997 0.009999999999999997 0.009999999999999997 0.009999999999999997 0.009999999999999997 0.009999999999999997 0.009999999999999997 0.009999999999999997 0.009999999999999997 0.009999999999999997 0.009999999999999997 0.009999999999999997 0.009999999999999997 0.009999999999999997 0.009999999999999997 0.009999999999999997 0.009999999999999997 0.009999999999999997 0.009999999999999997 0.009999999999999997 0.009999999999999997 0.009999999999999997 0.009999999999999997 0.009999999999999997 0.009999999999999997 0.009999999999999997 0.009999999999999997 0.009999999999999997 0.009999999999999997 0.009999999999999997 0.009999999999999997 0.009999999999999997 0.009999999999999997 0.009999999999999997 0.009999999999999997 0.009999999999999997 0.009999999999999997 0.009999999999999997 0.009999999999999997 0.009999999999999997 0.009999999999999997 0.009999999999999997 0.009999999999999997 0.009999999999999997 0.009999999999999997 0.009999999999999997 0.009999999999999997 0.009999999999999997 0.009999999999999997 0.009999999999999997 0.009999999999999997 0.009999999999999997 0.009999999999999997 0.009999999999999997 0.009999999999999997 0.009999999999999997 0.009999999999999997 0.009999999999999997 0.009999999999999997 0.009999999999999997 0.009999999999999997 0.009999999999999997 0.009999999999999997 0.009999999999999997 0.009999999999999997 0.009999999999999997 0.009999999999999997 0.009999999999999997 0.009999999999999997 0.009999999999999997 0.009999999999999997
-----
100
489
0.2
-4.282350787400077 -2.6601307536947423 1.5332782222206816 1.4273420748697365
-4.517822456263209 -2.9550622798162727 0.6749389588436506 2.1989385293026724
-5.700225303865699 -3.000630132522142 -4.6369870102088475 3.0944453481437932
-4.111611488187236 -2.095229662358603 -2.4513941099548546 0.45218614882162006
-4.969536750494135 -3.342594796334267 1.7842642141397498 3.3862493263036226
-5.45295424055591 -3.3092063300957157 1.843977867232352 4.714595462475495
-4.626496230303159 -1.4248568388056042 -3.6532914908738827 1.0814648726573868
-5.609063705017241 -0.9637690981082072 -1.9055886263519999 2.7007870944984296
-3.3940803544278753 -1.5321495110330297 -0.6211199860070302 1.591924375423515
-4.121181716947194 -0.14799118820367863 0.815752773350373 4.3687031173090345
-5.374823044285155 -3.4479836330324893 -2.959817039238521 3.2430136769426867
-3.964292470194468 -2.4158408920743435 -2.7622765896147463 1.1598031686498247
-4.134211124197082 -0.4882408745880388 0.8035054523820984 4.104730532029633
-3.3660212106481135 -0.970257761678763 -2.181729292237564 0.9842950651659472
-5.486919858549508 -3.227947185713434 0.6277160729080675 1.9174780454616105
-2.3935957239479184 -1.2826736825987266 0.6760885670888201 1.0073458151038492
-4.499448507530833 -2.0111293340180323 -2.5297780177142535 1.667666001223948
-4.670804982761568 -3.3137109086601746 -1.6311819856282135 0.018018725487252585
-4.664372212518473 -2.658370041377619 -1.349918074910661 4.621348074191666
-4.6411641539908155 -2.4591135966851874 -1.9807724924030885 0.010680071288796389
-5.186402256999406 -2.733399630772364 -3.6441740165970717 2.4389495744038014
-2.945777104339065 -0.4085725439543265 -1.9938299342223924 0.3667226992267252
-5.511107504048404 -0.3478157278871706 -0.36030934114013746 4.4711455136667775
-4.4014120854934475 -2.7192321241657256 -1.1173374606023825 4.272168867478187
-3.7918580332078964 -2.0171263859173356 1.0274525728486603 0.3723151798857196
-3.9111818486621663 -2.548602480319677 1.732632108871698 4.0759468541086115
-1.6474320382362233 -0.0067016348564579165 0.20020037395665535 0.3361094754885138
-5.204089572724527 -1.1459021334850654 -2.470370552183705 2.5320910366223908
-4.901806162653628 -3.3917088876073676 0.8428719639127069 3.8396033905320874
-4.8739120595772905 -2.569533264237396 -1.2122805030587027 4.082023217046236
-3.792786924536753 -1.5532407404187025 1.9589864331869742 4.273950910204762
-5.327986685614215 -2.347188174644377 -0.6421840767258145 4.402290368374212
-5.914735624815929 -3.7769461419096446 1.2864019414214334 3.8538787211621415
-3.718849620941944 -2.2237744089191347 1.2181949451660787 1.146889425566949
-2.3047759856137686 -1.0159228502364206 1.088723804271458 0.5530291796406829
-5.013140244934016 -4.0015948887948545 1.5940888264564936 1.9544057351284518
-3.8170882155433508 -0.8465304055938467 1.5966878984746082 4.542138588253689
-5.365183065926975 -2.7080014333971176 -2.5239229099044196 2.3895687355966007
-3.073436596819295 -1.850377015520625 1.5565178999564127 4.38999574279517
-5.18553400688054 -1.7957624631678848 -3.30455081563771 1.8809592713200147
-3.8638458934325453 -1.672858046271909 -1.0752756493749143 2.36169123900746
-5.666614445965867 -1.4912279770287662 -3.722903192220264 0.8853771696189379
-3.468084726730064 -1.9007172050868504 -1.1790805786472696 2.116852374819596
-4.96919891991949 -2.9134883502542035 0.3855033486860947 4.244029985740279
-5.172738576670468 -3.085225234439719 -0.7731370196521148 3.617942780329008
-5.994406564389786 -3.4010640110741024 -1.0377173403726272 4.987988662383103
-4.403298354885494 -0.5313323943024636 -1.6408743366737948 2.0612560904506236
-5.383993451392192 -2.5164729185871724 0.7533749758482327 1.4894685051997645
-2.941037667074925 -1.48365654459282 0.6927679280714582 0.1179376273805055
-2.98063787320251 -0.9014022246303255 -1.0352392157322527 0.593418751864294
-3.691763020669571 -1.8871147769067642 -2.173304072884374 0.9862001080321807
-5.27710641569802 -3.6352868622764216 1.15018938536807 3.1565515894088017
-4.598532082198203 -2.559053403546973 -3.7299372256475674 1.4864868546824315
-4.511155103702199 -2.0913189922392013 -1.7293104141319273 3.9774202168297026
-5.8046889446059735 -4.302005107897386 -0.5519768333920616 1.5713589948231435
-2.7048244478551404 -0.7202838392565344 -0.7080662105664572 0.23200487742328058
-5.216067848116378 -3.3368222099317215 0.23544490230978998 2.5216285591063223
-2.870475855121208 -1.7866851796840524 0.32739512895353307 1.0978241902782173
-5.395016003571187 -2.880061863729564 1.0558586115653266 2.810630661524714
-2.886672921542582 -1.5577410038033561 -0.3131400353926106 1.9494354695153189
-4.5447154183248175 -2.86075772610003 -1.1253951450884447 1.8210151029822197
-4.152173389101453 -1.740147496649178 -2.672345378629824 1.5178688725772782
-4.298346443967489 -2.768424230560923 1.3018697712628864 1.4700296111068285
-3.4856446331593105 -1.2579584455653356 1.2530127834133729 3.913178750593014
-4.384611472920339 -2.2429222568440252 1.887788220208934 4.323042139059006
-3.7555272398180017 -0.28852108828513257 -0.04006503635216417 3.0280032043405827
-2.25895511602326 -0.6784069929928934 1.7453322240884879 3.1661564453321867
-2.521553137780499 -0.43595586025614197 -0.09240470235648068 2.264271550149964
-5.129606521763077 -2.958584838145128 -1.525000754093078 4.626320615507379
-5.123253842428603 -2.62737057466292 -1.272560051792091 4.892635913268919
-5.493075227725039 -1.2217936867750627 -2.2160568130962344 4.02787123642314
-5.652931652869875 -3.5866506516880112 -3.5529068493459475 0.35965185227374485
-4.29340095720057 -1.9932358518947457 -0.29567588716032045 2.8639103843182188
-5.3644703758882875 -3.666827982945021 -1.2001480868285441 2.1962434521046745
-4.5570085157517015 -0.8408854922186553 -0.18439019569004667 3.8836535070211764
-5.578147862300174 -2.433065567343664 -4.227150219484862 0.5481303343252412
-1.7150042147823528 -0.5016671113892708 0.15842079145345112 0.8070343999991834
-4.762832560710758 -3.3556515889565235 0.8366823175692211 3.308703384020922
-2.721629300750805 -1.6216553355705308 0.7075372654453802 1.3375083968028982
-3.751626518713916 -1.8520548147064988 0.9338336026368346 0.015398775459078529
-4.6398773962059705 -2.871009423117231 -3.3496731459637785 0.7090940174435842
-2.685493749057067 -1.3902885425826992 0.5750184330967005 2.104327315946046
-4.722275322546391 -2.787442183928134 0.08120342257545743 2.2039092449832878
-5.083364583095094 -1.840592680987746 -2.306586311636896 3.4058509915764157
-3.505571499559286 -2.2888405293080023 0.6787810454400783 2.8874040634756417
-3.8591587359902415 -2.2795869255175703 0.45520151364141737 1.102295925476888
-3.1659996729241886 -2.038598897063312 0.9760813487645091 3.0229415368629384
-3.2312411544673663 -1.9271196077933062 0.135113494467695 1.7554565993982578
-3.9139043495124968 -0.4414634364733643 1.0129051664875335 4.025275458483306
-4.1082451102037965 -1.2981014000957933 -0.09323031321960729 3.520697817296031
-5.2169071899401205 -4.072698663480774 1.594565932030588 0.6392931727522538
-5.593082365802679 -3.402986127644645 -1.1643502001673247 2.6458386573946875
-3.0358072593203356 -1.4967376487160586 0.9644628699438171 3.5176730348737832
-1.9074224284213246 -1.1515547653092126 0.9594188914282753 0.7168093956536461
-4.676723047627551 -2.868041220405884 -0.8621147626816026 2.004035094221333
-2.3291966823101715 -0.10332036714216897 1.868711850405572 3.2275479504957163
-4.840291727540247 -1.6895980025679496 -0.7252188193161496 4.303698660811358
-5.832550745390393 -3.9273301989697567 -1.3889615852863786 4.244090055283731
-2.9200558265331495 -1.9312079861092357 1.018899030748349 1.8085456137727245
-4.8430874362530485 -2.7181868834259486 0.3426079666228352 2.014608122450821
0.17966101694915249 0.1457627118644067 0.11186440677966103 0.08135593220338988 0.13559322033898302 0.1796610169491526 0.1559322033898305 0.16610169491525428 0.14237288135593218 0.14915254237288145 0.11864406779661008 0.07796610169491536 0.13559322033898302 0.10508474576271187 0.17627118644067796 0.1559322033898306 0.19661016949152543 0.15254237288135597 0.13559322033898313 0.16610169491525428 0.07457627118644072 0.12881355932203387 0.18305084745762712 0.17288135593220344 0.18983050847457628 0.0949152542372882 0.1559322033898306 0.13559322033898313 0.17627118644067796 0.0847457627118644 0.18305084745762712 0.1694915254237288 0.15254237288135597 0.17966101694915249 0.18983050847457628 0.16610169491525417 0.18305084745762712 0.1559322033898305 0.17288135593220344 0.11525423728813566 0.15254237288135597 0.1796610169491526 0.06779661016949157 0.12203389830508482 0.12542372881355934 0.1694915254237288 0.13898305084745766 0.1932203389830509 0.18983050847457628 0.1559322033898305 0.07457627118644072 0.11864406779661019 0.17627118644067796 0.10508474576271187 0.14915254237288145 0.1457627118644068 0.1694915254237288 0.13559322033898302 0.19661016949152543 0.10169491525423735 0.08474576271186451 0.10169491525423735 0.15932203389830513 0.16271186440677965 0.1457627118644068 0.1423728813559323 0.13898305084745766 0.16949152542372892 0.06101694915254241 0.15254237288135597 0.1322033898305085 0.09491525423728808 0.19661016949152543 0.16610169491525428 0.1932203389830509 0.1796610169491526 0.13898305084745766 0.0949152542372882 0.1423728813559323 0.1932203389830509 0.14915254237288134 0.11864406779661019 0.18983050847457628 0.16610169491525428 0.11864406779661019 0.15254237288135586 0.1457627118644068 0.11525423728813566 0.14237288135593218 0.1694915254237288 0.1932203389830508 0.14237288135593218 0.09830508474576272 0.15932203389830513 0.09152542372881356 0.15254237288135597 0.13898305084745766 0.0847457627118644 0.13559322033898302 0.17288135593220344
0.0077092901561280035 0.007013446410507786 0.017575987138579163 0.01136002345953894 0.009193167303251051 0.012951846447345006 0.012865951326877236 0.008083594470915232 0.006917726187346004 0.011196491689625089 0.011602723681855186 0.011238591864483068 0.009152551576166502 0.009880047799696468 0.007927429978950396 0.008863130231563118 0.008650182985937057 0.015412474682341954 0.010627892891629834 0.012583927245886419 0.011856266259801526 0.012380756526536122 0.011241359021304199 0.009511756103952117 0.008144376063728807 0.00980021794940038 0.014399698357131372 0.008412561865672522 0.008897069755149851 0.008439580865736146 0.010164199354916924 0.008549988574231396 0.0115049655601895 0.00743464032929705 0.009871362842222538 0.011463292115468855 0.011232450026808848 0.008886454392329705 0.012441249594675368 0.010293896251749219 0.006702397097088718 0.015048214988652671 0.007500409515090667 0.008467746491883206 0.00787057381466374 0.014433340076294427 0.007595504862596567 0.006989262974225691 0.009209457360486978 0.008999799719471624 0.009557625692850829 0.009020772954732971 0.013404314667340742 0.008881188537080292 0.013228280269664197 0.010066801126564218 0.007524716876200926 0.007995060106301926 0.007093322065322036 0.007658345824947785 0.007550630991791024 0.009258851487643133 0.0076567209674097665 0.008938268036826536 0.009473783046313865 0.007761170807796228 0.012640878875559366 0.00916776134570696 0.01111248024270673 0.011382931323647545 0.010462421397165793 0.024746901610324515 0.006120202975252435 0.009224816879896028 0.007657721645624854 0.020940713439845656 0.011878611188460383 0.0081267404651978 0.008021266785270948 0.008780712935024864 0.015384603738343043 0.007916896395982915 0.006542098744013858 0.008470192180078702 0.0073786296192657275 0.007112566369344249 0.008118615490303155 0.0070894310598891355 0.009446211402077792 0.006852602145367363 0.01639867860211428 0.00841342206102965 0.00894680804641309 0.011003462173709127 0.007145758738445712 0.014413826515925557 0.008181013173834836 0.012890822917944545 0.007907730059677593 0.006503289758389044
-----
100
2251
0.1
-5.477878820847361 -3.905333684656867 1.660351208240506 4.2715881911900695
-5.283134749114889 -1.49033884726704 -3.850978682866293 1.556254238666535
-3.2927781753201346 -1.5245078415026234 -0.469961694963011 2.9032501097450636
-5.073020518919071 -3.2338086844165996 0.29566255067251057 4.428568827155847
-4.800049325458924 -3.0815420818076746 -3.0454737425335194 2.623625792849754
-5.05729417228893 -3.4318779708412466 -2.2470371706236913 1.579040811623957
-3.584007147705179 -2.0373007016751297 0.8046611841928066 4.890126923982381
-4.966238009108804 -3.418166474509462 -0.9979048502183305 2.743418778544802
-3.692023995341036 -1.3692096627608625 0.6886463843619636 4.572678871221015
-3.683932109730825 -1.640697884798299 -2.0606861817316764 1.9067246831473428
-3.863258841492731 -1.8023540854352564 -1.6367453544375294 2.704424568625814
-4.516238246017512 -1.4924688280625076 -1.0174054143065905 3.9446772400411634
-4.607303662985666 -2.6246629159154753 -0.46683259475029515 4.054555266837742
-5.110547864296616 -3.6203033571887455 0.8962914097363611 3.800201059486932
-4.771394264903137 -3.0892153946447385 -1.7200308814209193 0.9666091677945793
-4.705030887980021 -2.759513448684988 -1.530056028115057 2.5753846470173656
-4.776992421571006 -2.787305780335589 -0.644301824044577 3.4379563439683802
-4.700698060658099 -1.1934710513338778 -3.8460782763903887 1.0603510938601803
-3.218682224637121 -1.1818770303668809 -2.0339459626923815 0.8680887583923903
-5.745431424268188 -4.0645325615757955 -2.4211789754491497 2.232152613200229
-5.865824395671135 -3.3616378609604487 -3.924842657460525 0.3438391707030666
-4.464787270358683 -2.973887366379076 -1.8853505318314185 1.8705387295368077
-4.202421878525568 -2.474031977956756 -0.8314865051201954 3.763690015770208
-3.1566973845941275 -1.344552448433502 -1.0585195270586807 1.3581992428075822
-3.7575482693027826 -2.286162642179087 -1.6594462674149497 0.5279576247804705
-4.524464026935094 -2.7577390483190105 -2.65665836148167 1.5605066689125695
-5.176670253912749 -2.6815214839163515 -3.705019801253612 2.1200366712035175
-4.644679777349495 -2.856837234862397 -0.6540221696964827 1.9436811651903416
-5.59536642168817 -3.346227739070388 -1.1750356952129208 2.876750995130193
-4.415850917857668 -2.6608081981371834 1.196555658325511 4.3114967011425245
-3.2827576148457203 -1.4252673943470673 0.7969214482841516 4.403629054053891
-4.696231222306218 -2.919770141376001 1.9537702302405107 4.698234167305931
-4.895302745823895 -2.872405738818954 -3.585561368124096 1.7091955961028704
-4.890146247061382 -3.1731154065097353 -1.0039675576395999 4.727499635499773
-5.939920657141355 -3.2370173419262134 -2.8819908507497862 4.148889014766798
-4.90900396096597 -2.777982396114113 -2.016134847362735 2.3950405306587017
-3.5313728537826936 -1.9933550803555142 -0.4141718758420865 3.1871787703758905
-4.935068313115526 -3.148296182999537 -0.25974530944392726 3.4982550191358843
-4.283130815494631 -2.3993974955639947 -2.7905585846103302 1.3959955539815576
-4.100995855202125 -2.3149782277142648 -1.6950593055457153 2.9606549959578543
-5.175150934748687 -2.919023110009094 -3.7545786272251265 0.19514868918889638
-5.241836103820566 -3.2789608761373827 -0.4855626253852665 2.780767134893543
-3.9677850383542945 -2.2318566055090012 -1.7774828333367463 1.756423046012454
-4.448310108529383 -2.785922245995339 -1.3035233632005037 3.490016080719882
-4.155332215847389 -2.7009022490966625 0.29880110603427296 3.138988209289475
-4.974829852346732 -3.0114233199206484 -2.6002977871596302 4.661819221505061
-5.835123005465626 -3.604071333383867 0.16817934205955476 4.31128159717315
-4.073857479196433 -2.0095946312899122 -1.205355136944702 3.726896316818236
-5.232495267763011 -3.0254475053188736 -1.1217113447455755 4.107965324714318
-3.9053091033951985 -1.799603007267959 -1.6062578043986897 2.8031275085169645
-5.67294990387372 -3.6013480996277103 -2.741284579649561 4.087404982971238
-5.313382873007276 -2.9691962619763763 0.5160316868693303 4.947335605310881
-5.4540488389399835 -3.4840534517065302 -1.4244379110148426 1.2502943338234607
-3.4999672394770194 -1.924429110223302 -1.4425849647447824 2.008147481607581
-4.0815058818466206 -2.6931515001646757 -1.6016989596959124 2.676176572164209
-3.7435332744188754 -2.2110323093463427 -0.8295363321804514 2.7032532183096376
-3.645747149243798 -2.0817909337546014 0.422829108765049 4.030268282107238
-4.568455704966482 -2.604933382965 -1.1330030317022104 3.961752937915598
-2.7500937055647787 -1.2791025149414976 -0.5063063670071505 1.9884942978062319
-4.871514359419045 -1.2436933948226228 -1.8360606558639836 3.202421619048281
-3.6428367588003794 -1.8298873552995243 0.03374949569159247 2.760371228832244
-5.674105052817781 -3.480871793595537 -2.75971140858565 1.2407451562088707
-3.2590215206705166 -1.8210359236633424 -0.1379277976231883 2.311810708470131
-4.641504978348695 -2.9698001468768327 -2.1611685434996146 0.1115495902485456
-4.958746042531728 -3.128723627280661 0.189352147294229 4.333565601053997
-3.8004508526725065 -2.228730182285251 1.0468129904764347 4.533311870223353
-5.624402951138481 -3.686632314145164 -0.9352869361451972 3.664910372106113
-5.02696943184863 -3.147648686727235 -1.5750009869030508 1.6794947823484758
-3.75143291746035 -1.1382007960840848 -1.5345000607348929 2.5120081601872943
-4.8719363717484745 -2.787127388000684 -3.4345585295439385 2.795968787502399
-3.592617345946869 -1.9475510365740896 -1.8698764371944299 2.0147150931183724
-3.1106684347622817 -1.360075173359901 0.7907072386929925 4.2931833350754385
-4.450110216810742 -2.744815124051286 -1.4836083272441236 1.307816401062098
-3.9255295652057494 -1.6296252892196628 -0.3796097460027068 3.8471568841232315
-5.0508547897907885 -2.5008421202497813 -3.033687555704045 3.2325512802040706
-3.5177609973152197 -2.103209818002856 -0.7358781296501768 2.214107869860773
-4.550863985803894 -3.1971854583079127 -0.24721904416717067 2.198597683664158
-4.594147569222962 -3.003764895426671 0.7799626326291622 3.3326293534017326
-4.636325700988137 -1.990759753278071 -2.159076322567249 3.3490577236657857
-3.278835835806379 -1.4360844466668024 0.9850329471994632 4.701179846542646
-3.49524828500152 -1.4196463917656121 -2.253278953089074 0.6564140454126257
-5.236738878683446 -3.6134079068362186 -1.7479797783671291 2.6619437150727063
-4.9631965603712045 -3.152039142591798 -3.1820664433579946 1.1599836697577617
-5.058325660353818 -3.1265361053232716 -1.407253431953157 2.8318620497294202
-5.331957851224862 -3.026609627738871 -4.314421780074429 1.3767551037447179
-5.9813244477429155 -3.550924379719213 -1.0107558992295016 3.1082168090275584
-5.873861432961144 -3.9045083603279536 -3.601215600928227 3.6655052547814995
-4.810616886118609 -2.8859841236126753 -2.775280114914411 0.3930155937011608
-5.748181367267222 -3.312101548692869 -2.5830435730043257 3.473709782927192
-4.816778243218318 -3.4913159862108976 -3.5603655389481115 1.8518239683601663
-5.8044816894605935 -3.7579189337125496 -1.7305889392251208 4.134387520195528
-5.4004620830809955 -3.4890335765770693 -1.3394710384483943 1.8860328235047552
-3.542199233494787 -1.9608050687383756 -1.308294709843548 0.7881490794396017
-3.882926474444802 -1.8858662249168145 0.5639502828416545 4.9106239128530245
-3.8710827160059536 -1.490732967441342 -2.6348428436082534 0.7956892535536866
-4.787131825575866 -2.7648893366663274 -1.7481975067348912 2.48876149738615
-3.8578238497124264 -1.1321144436504469 -2.1092823172084914 1.8508609228228639
-4.680619842475785 -3.6597796114386956 -0.14700998218554218 2.1385994332692717
-4.655409013084627 -2.555061751061733 -2.621652360301155 1.487583414239242
-5.605496689938902 -1.456888438326288 -4.177400451413702 2.3578236087630886
0.09152542372881356 0.0847457627118644 0.08813559322033904 0.0847457627118644 0.06779661016949157 0.09830508474576272 0.0949152542372882 0.05762711864406789 0.09152542372881356 0.06779661016949157 0.06440677966101704 0.08474576271186451 0.06101694915254241 0.09152542372881356 0.0711864406779662 0.06440677966101693 0.0949152542372882 0.09152542372881356 0.09152542372881356 0.08474576271186451 0.0847457627118644 0.0711864406779662 0.027118644067796627 0.0949152542372882 0.08813559322033904 0.04406779661016946 0.08135593220338977 0.09830508474576272 0.08813559322033893 0.08813559322033904 0.08813559322033904 0.08813559322033904 0.08135593220338977 0.0474576271186441 0.08135593220338988 0.0949152542372882 0.0847457627118644 0.0711864406779662 0.057627118644067776 0.05084745762711873 0.06779661016949146 0.07796610169491536 0.05084745762711873 0.027118644067796627 0.0847457627118644 0.0949152542372882 0.04406779661016946 0.06440677966101693 0.0847457627118644 0.06779661016949157 0.03389830508474567 0.07796610169491525 0.09152542372881356 0.06440677966101704 0.09152542372881356 0.06101694915254241 0.05423728813559325 0.047457627118643986 0.09830508474576272 0.09491525423728808 0.09830508474576272 0.09491525423728808 0.0949152542372882 0.0474576271186441 0.05423728813559325 0.0711864406779662 0.07796610169491525 0.0847457627118644 0.09830508474576272 0.09830508474576272 0.08135593220338988 0.09830508474576272 0.07118644067796609 0.08135593220338988 0.08135593220338988 0.08813559322033904 0.09152542372881356 0.09152542372881356 0.07118644067796609 0.09830508474576272 0.08474576271186451 0.05084745762711873 0.05423728813559325 0.05423728813559325 0.09830508474576272 0.08813559322033904 0.02033898305084747 0.0711864406779662 0.08135593220338988 0.07796610169491525 0.08813559322033904 0.09830508474576272 0.08813559322033904 0.07118644067796609 0.08474576271186451 0.0847457627118644 0.09152542372881356 0.09830508474576272 0.07457627118644061 0.0949152542372882
0.014220804543294942 0.01235688145924213 0.008724541762725377 0.00968289605878711 0.009812175343023364 0.009628764536057141 0.011588529940111232 0.00842171541376566 0.010424315587834253 0.009270441347616665 0.008443665947531044 0.008861189804422487 0.00818482802747245 0.010186301842096717 0.009290649726384352 0.007650533462577022 0.007645488677448752 0.013670007302184073 0.01182028976782316 0.013158833896652318 0.015815704325928864 0.008412479851180796 0.008209562041474543 0.00966317159440685 0.010207536211521004 0.008918770323170335 0.010272544408222718 0.0077316632123075124 0.008955507972942249 0.009586461022987859 0.01085390626346126 0.012398491077406601 0.010183460212717278 0.010457692517746038 0.01383320286366349 0.007960360375792406 0.008359970179508201 0.008095596858740384 0.009217492420304736 0.008214013784929138 0.01296655567785484 0.008224190216044022 0.008320746774557223 0.008184927169725457 0.007880213680100346 0.01271720536752087 0.01157250304000928 0.00853862392597263 0.008981176668281163 0.008399396744240848 0.013617218544466859 0.01102467199422435 0.010229126301857745 0.0087543612553579 0.008301206355808938 0.00797038778795367 0.009079647359021049 0.008373394269583103 0.009919786156218966 0.009528912289262784 0.007862745197776319 0.011477413815950402 0.008448599814304732 0.011365014107757176 0.009214867497152458 0.010306770560407264 0.010245339361427061 0.008502364020284328 0.009303425675544269 0.01026010275997865 0.00903864302197075 0.011108726039391214 0.00835118351181356 0.008510568608940904 0.009729736902699513 0.008235424676901129 0.00817628430125852 0.008339340919782376 0.008667757913280083 0.01188321666982192 0.011537335103540353 0.009473931911891434 0.010362218076541047 0.008071360851151108 0.012579361407945851 0.010467516522660491 0.017978057743232034 0.010762779198359189 0.011149595930349277 0.011861096120131016 0.012542918812936885 0.00933582903126639 0.00967490050172594 0.010772470654902428 0.011066901535594713 0.007764606933849386 0.009990957875937654 0.009363518912213839 0.008655693753761434 0.014586730202042595
