4
100 100 100
10293 7617 40287
0.4 0.2 0.1
-----
100
10293
0.4
-4.167931989539969 -4.418332853811593 -2.7344982912110254 2.9043239504161997
-3.5135026815424615 -3.4608705469157437 -3.7808966128142334 0.2957371463252445
-4.810948802096714 -4.860367974485646 -3.7423624774096176 0.8078706173014671
-3.084348222553527 -3.593810441788599 -2.0573479414361593 4.7756785513429545
-2.728006420454803 -4.123060604507804 -1.923243774332013 1.1929278290404088
-5.999873373545518 -5.847153994551821 -2.762629101774718 4.070198292414719
-4.470870619911612 -4.340197956226682 -3.771658440537331 2.756682230827564
-5.44864575968097 -4.184627324151625 -3.7151553205240875 4.412290199201351
-4.614012032219611 -4.006062867012716 -3.78591243528999 3.679322807330778
-4.508350636818653 -3.6004057085328296 -4.123029216354659 0.4504859659589233
-3.667102482483879 -4.409259024605304 -2.5399380379901313 1.558523651990239
-3.848065704765984 -3.7997854770001265 -2.5701488340832626 4.724112250582506
-4.247438071763629 -3.944654068077735 -2.5836561353619274 4.9678517618741305
-3.114119123515635 -4.06567138782422 -2.4078793384380766 2.4298569274636517
-4.230641753043627 -3.6029321232441203 -2.7400841855090334 4.936618166154444
-2.531600952327085 -3.44330115822642 -2.7322933123167976 0.5156840096218507
-4.498094861516433 -3.4000370259138295 -3.456767331973745 4.325686330757317
-3.8159526808368116 -4.440042822535659 -2.587253328998767 1.6664987268900755
-4.184913638324905 -3.544758199341123 -4.262975870449532 0.9989884712254526
-2.7799961067891372 -4.283172199920263 -1.8764023824665053 1.215735587867054
-4.501485561400671 -4.2521003888025515 -3.29430328833294 3.726753793475509
-5.7167815322672695 -5.306848515275789 -3.29748756583363 4.623642692495209
-4.542408374594451 -3.7129630547815076 -4.482410529953944 0.10182258705323188
-2.823879030250217 -3.4255149085982444 -2.878502511685564 2.7628942942796186
-4.850343057773819 -3.9900280530462635 -4.086690274736421 4.090508703936624
-2.6001710626960564 -3.4304523068977617 -3.087962313660719 1.484538391011092
-3.8657513454178334 -3.669349225055745 -3.7406965600362536 2.8057364443622177
-4.498618991525732 -3.8695820612334506 -4.101726806156729 1.3590357681975163
-4.961403946908249 -5.203331195126246 -2.220941037293156 4.30751041185164
-4.771576614795194 -5.1340950233777285 -2.879562511181205 2.2008461251890568
-4.210940753176573 -4.074929584874729 -3.659306673414667 0.5630593264326944
-5.934199702189789 -5.021135326725069 -3.8175442934163497 1.9356853961856824
-4.165764762257333 -3.8192824124844105 -3.639206736543935 3.4665981515263833
-3.2368242646558425 -3.5747665301762974 -2.9768334702730126 0.4144389707035234
-2.9898782934531978 -4.584042763298352 -1.6550282034472064 2.0969152325753058
-3.397950864882652 -3.446563007877222 -3.567073276984783 1.4094643082956237
-3.7318835726717503 -3.941859068852776 -3.032734511177207 3.828259363986355
-4.141337263021606 -3.616431396455096 -4.245447384789683 2.554717124773158
-4.186307620041837 -4.4298215855078205 -1.7597758793881044 4.893271800121033
-3.4592010156598842 -3.3326947244776717 -3.73085098101747 3.895348473780631
-3.646407375250443 -3.856397250347071 -2.4411999447937545 4.511024125259305
-3.7267825827269574 -3.741911434219746 -3.63518986154203 3.258377683361097
-1.852523172799227 -3.4242612023097814 -2.2176294676154007 2.0659221217427284
-5.871177895468412 -5.341011194481908 -3.880685461473733 2.7179363504950027
-5.147399841281199 -4.492268757876911 -4.027449710952162 0.3395395773368315
-3.856329409089635 -4.391950544451392 -2.9782136975933895 2.421075916158544
-4.4721320638895765 -4.475746425155567 -3.0037470386583873 1.2016768031695124
-3.806506601540775 -3.6917512170924836 -3.172280146831875 2.3168354769733392
-5.457821073387175 -5.476315377213327 -2.8731431766073747 3.6651510558676814
-2.8427398302626634 -3.8432036974914507 -1.5662550534944009 4.5158694591958115
-4.377838889290126 -3.765021547985979 -3.3658765839558162 4.630939092171448
-5.279264854330591 -5.710082256460859 -1.9542116411748949 4.226263610719919
-4.9101614802512845 -4.640874838617107 -2.89716016328227 3.9223842400750284
-5.6413620941763565 -5.045324833876693 -3.535958392907138 3.4205369716677723
-5.556320418883246 -4.90909994046199 -4.98835018042672 1.4061303682368465
-4.407216910113403 -3.4267753868381856 -4.793763384142873 4.551235469145941
-3.8225664899258405 -3.910307531019318 -3.512660387677845 2.443647358659544
-3.0329446985362547 -3.4084284741512625 -3.585575005261571 3.301350995299189
-5.6627327648644155 -4.1044455207477295 -4.60323170588356 1.5033433950364106
-3.9614394733333307 -3.5354164063174522 -4.529848359828258 2.3020857879393453
-5.096192176411453 -4.035202569248372 -4.947624654581039 1.322530549012857
-5.703127170090683 -5.032660577968226 -4.556727350033826 2.5531131142825183
-4.088291207523941 -3.872660918507983 -3.4153775895098493 2.32934452339548
-4.482016848205024 -4.358222222246232 -3.5806939074404127 2.0930471770222123
-4.097726726446165 -4.605969463952426 -2.9701455402270636 2.1001861537088997
-3.8691142794457654 -4.815826375963507 -2.30757366770953 0.09523188416598827
-4.651926044058252 -4.474795259390691 -2.912281266232738 4.79043596953084
-4.389542144168757 -3.420406735139665 -4.511356801537566 3.9581219535905445
-3.6137970358597444 -3.8223101157806525 -3.06689755119828 2.6294792358847174
-2.804039570988533 -3.4746653512493744 -2.9167011168482686 1.3770199487641177
-5.152160528543141 -4.802535727820219 -3.354684441732311 3.8524253821774987
-5.031236597390638 -5.232268326823146 -2.969912970187093 2.1714469346255907
-3.370244874363211 -3.861894390099555 -2.657637542703225 3.6039586276112656
-4.808825850958206 -3.6287135116889644 -4.215792508567149 4.1894543497117525
-4.4486184848126555 -3.8483070069553165 -3.5307959155918613 4.903993692165971
-5.055254255003407 -4.817983377639955 -3.5676715044616727 3.282347024951876
-5.845801711344166 -5.1065175407581 -3.705571237695726 2.232343224404303
-5.846895611988776 -5.348117818430158 -3.137788221998184 4.882459528551456
-5.345563371067387 -3.950476162169697 -4.516614717779414 2.741347896623937
-3.274395811639325 -3.7477948461226567 -2.9733142504414367 1.906359343725419
-5.97063328457635 -4.962390922817562 -4.684895350388952 0.20526609945876184
-3.393617893067976 -4.191370808832881 -1.8949524415118395 4.015479221531874
-4.505988417367147 -3.412933084493067 -3.6637803519366265 4.392444954763588
-4.352918298036721 -4.57515933794959 -3.0818480209450607 1.821304432662485
-3.4035286912545697 -3.5826490382191145 -3.2034195521943203 1.1647428626040446
-3.941297943789414 -3.345063516400805 -4.44168868008178 0.23364890249594872
-5.289004180027339 -4.886555038804882 -3.769529599409609 2.860734279634535
-5.385861248016426 -4.919969435907612 -2.716545950077257 4.189314164885584
-3.91531727178444 -3.9502369821399923 -2.8486788618800256 4.039513838775008
-3.7708599499389535 -3.4497802737999037 -3.90705927982592 3.517452233422549
-5.537019798995141 -4.712453542300538 -3.7065406344465917 3.0332504413452144
-4.610146967318618 -5.45580461319379 -1.2576738264496456 4.88881195657507
-4.597106226098934 -3.466981574576535 -4.923367158473194 0.8832427222293648
-2.4219725816664988 -3.3707145483774985 -2.92203092957927 3.0438059283594834
-5.7172706699913025 -3.4890381876202508 -4.3708665388567285 4.686853487307222
-4.72176702273101 -4.443561784699069 -3.2886738902872223 2.7394014694809234
-4.129960821744201 -3.5248143952102646 -2.4905548925730496 4.732265898118445
-4.740159229384667 -4.9445969343565 -2.25702666030267 4.340062262781839
-3.9075374991167977 -3.692056626800796 -2.755389885117988 4.448501864162786
-4.261231232244649 -3.8304481233521583 -3.206268092013631 3.947656588739191
0.3864406779661017 0.21355932203389838 0.24406779661016953 0.288135593220339 0.3898305084745763 0.3016949152542373 0.1322033898305085 0.3694915254237288 0.19661016949152543 0.3220338983050848 0.15932203389830513 0.08813559322033904 0.20000000000000007 0.2677966101694915 0.28474576271186436 0.3491525423728813 0.26779661016949163 0.22033898305084743 0.18305084745762712 0.376271186440678 0.09152542372881356 0.2847457627118644 0.2169491525423729 0.3999999999999999 0.36949152542372876 0.33898305084745767 0.10508474576271187 0.32542372881355935 0.3762711864406779 0.28474576271186436 0.16610169491525423 0.23389830508474574 0.08474576271186442 0.29830508474576267 0.34576271186440677 0.2542372881355933 0.38983050847457623 0.29152542372881357 0.11186440677966103 0.3627118644067797 0.11864406779661019 0.31186440677966104 0.3830508474576271 0.30847457627118635 0.06440677966101693 0.3050847457627119 0.35593220338983056 0.3898305084745763 0.3220338983050847 0.33898305084745767 0.17288135593220344 0.3796610169491525 0.288135593220339 0.20677966101694922 0.37966101694915255 0.3796610169491526 0.1559322033898305 0.3898305084745763 0.3966101694915254 0.3661016949152542 0.38305084745762713 0.2033898305084746 0.30169491525423725 0.2033898305084746 0.3220338983050848 0.2711864406779661 0.2033898305084746 0.23389830508474574 0.2033898305084746 0.3152542372881356 0.21355932203389832 0.3728813559322034 0.22372881355932206 0.2305084745762711 0.36610169491525424 0.3830508474576272 0.2915254237288136 0.3016949152542373 0.30847457627118646 0.22033898305084748 0.29491525423728815 0.27118644067796616 0.23728813559322037 0.20677966101694922 0.311864406779661 0.3355932203389831 0.30847457627118646 0.1694915254237288 0.09152542372881356 0.21016949152542375 0.2 0.35593220338983056 0.3288135593220339 0.35593220338983056 0.3593220338983051 0.2 0.3966101694915255 0.3593220338983051 0.2406779661016949 0.2440677966101695
0.009999999999999997 0.009999999999999997 0.009999999999999997 0.009999999999999997 0.009999999999999997 0.009999999999999997 0.009999999999999997 0.009999999999999997 0.009999999999999997 0.009999999999999997 0.009999999999999997 0.009999999999999997 0.009999999999999997 0.009999999999999997 0.009999999999999997 0.009999999999999997 0.009999999999999997 0.009999999999999997 0.009999999999999997 0.009999999999999997 0.009999999999999997 0.009999999999999997 0.009999999999999997 0.009999999999999997 0.009999999999999997 0.009999999999999997 0.009999999999999997 0.009999999999999997 0.009999999999999997 0.009999999999999997 0.009999999999999997 0.009999999999999997 0.009999999999999997 0.009999999999999997 0.009999999999999997 0.009999999999999997 0.009999999999999997 0.009999999999999997 0.009999999999999997 0.009999999999999997 0.009999999999999997 0.009999999999999997 0.009999999999999997 0.009999999999999997 0.009999999999999997 0.009999999999999997 0.009999999999999997 0.009999999999999997 0.009999999999999997 0.009999999999999997 0.009999999999999997 0.009999999999999997 0.009999999999999997 0.009999999999999997 0.009999999999999997 0.009999999999999997 0.009999999999999997 0.009999999999999997 0.009999999999999997 0.009999999999999997 0.009999999999999997 0.009999999999999997 0.009999999999999997 0.009999999999999997 0.009999999999999997 0.009999999999999997 0.009999999999999997 0.009999999999999997 0.009999999999999997 0.009999999999999997 0.009999999999999997 0.009999999999999997 0.009999999999999997 0.009999999999999997 0.009999999999999997 0.009999999999999997 0.009999999999999997 0.009999999999999997 0.009999999999999997 0.009999999999999997 0.009999999999999997 0.009999999999999997 0.009999999999999997 0.009999999999999997 0.009999999999999997 0.009999999999999997 0.009999999999999997 0.009999999999999997 0.009999999999999997 0.009999999999999997 0.009999999999999997 0.009999999999999997 0.009999999999999997 0.009999999999999997 0.009999999999999997 0.009999999999999997 0.009999999999999997 0.009999999999999997 0.009999999999999997 0.009999999999999997
-----
100
7617
0.2
-4.474316883828259 -4.439544286644464 -3.2055960396957746 3.5749718481768893
-3.93827959052506 -4.135855060642296 -2.283976418133588 4.433792362437627
-4.5784610239100525 -4.388091941511855 -3.3609697222663026 2.86023806289473
-4.390139688020808 -4.184217462955502 -3.7445264222185948 1.011412631172453
-4.408549671837715 -4.46684395165087 -3.5025166006622395 1.0169291942269187
-4.497003920679946 -4.066359095781166 -3.995567403725272 3.187192200875054
-3.8388460951399224 -4.066234960051047 -3.2596713536653033 1.8851645569666573
-4.846185831630264 -4.555602046857769 -3.8002550687945433 1.9072069393442477
-4.6003975728294355 -4.57751967388489 -3.349533671597422 2.6465826194113493
-3.484772469789893 -3.804258614906003 -2.3719195537416926 4.300781524495216
-5.3218745485153764 -5.259963590070595 -3.2165751016924014 3.3334618772475686
-5.182130046519586 -4.665376358270805 -4.119482200874069 1.236642048490586
-3.4833311076434468 -4.147925620681487 -2.512652577374486 3.2454773993592227
-4.92835490518306 -4.598956585382371 -3.8316810881362193 0.8563524431391315
-5.53352569982313 -4.5404467979541945 -4.331451789770554 3.205728859338889
-4.274317958513481 -4.112821021247836 -3.3758155990085417 3.3537710348668965
-4.807213984234142 -3.51112849975809 -4.0156960207654055 3.916229504591633
-3.317990206073193 -3.665694400827908 -3.1040455167161305 2.79543838190704
-3.772629135031993 -3.7649766155562228 -3.5005069434315303 3.284639678747779
-3.6050934477903316 -3.708938657763702 -2.6359042648844477 4.327390417310545
-4.441592697841885 -4.5187004143446705 -3.545404219683717 1.5831309325017529
-4.082396594378164 -4.226354104165675 -2.999645384720625 3.811072026812704
-5.849102026000207 -5.04064317333944 -4.413573913631805 0.4932912979688771
-5.271023912031806 -5.039205368421266 -3.6130570233006107 1.0312756639786809
-3.504883996448775 -3.532713282969651 -3.6277257274406414 2.6453197042664893
-3.718246755108946 -4.159680640898125 -2.98041174293846 1.7514581038887638
-5.3314872887428235 -4.909622408400347 -3.4048129166315766 0.5146962951662193
-3.3869533568179175 -3.5807204286938124 -3.380920565686827 2.747608381685435
-5.233745720544549 -4.68982329579287 -3.9364525318652754 0.5164340534234588
-4.7753819619078195 -4.2786677952364816 -3.559620853294063 4.170198193339464
-3.65985160109952 -3.5840039523458174 -3.7149899884772903 2.3658281150312126
-4.898747399943212 -4.592121669235923 -3.9634099156053346 1.6483066224481693
-3.8916740207197744 -3.5890259119784265 -3.9900728167482695 2.621454823258144
-5.594465408763874 -4.552253927472788 -4.611695790956059 1.555099816163922
-5.480712559278034 -4.657653142423293 -4.258402061878045 2.8919078324363263
-5.360474992495519 -4.845949930627018 -2.364771881645903 4.678346938630698
-3.8936098969576993 -3.8562661558345765 -3.4524607472019815 0.19773022840705856
-4.388433344152189 -4.545705834191735 -3.7507447601012682 0.7239917323486185
-3.960609231298826 -3.508621492368184 -3.4203579617095006 4.038685750083351
-3.8661483347260517 -3.821926823174722 -3.420670146402822 3.3638366673502063
-5.662724719665887 -5.206820621902803 -4.0469218620737974 2.7610346337418976
-5.914418241439774 -5.196765863937556 -3.514618491430965 4.6372998135455985
-5.383559770038809 -5.206798401319768 -3.8170856627276284 3.319084152086199
-4.2825343330872325 -3.8017003692153906 -3.7929216304635616 3.454480435840078
-3.2696961566571483 -3.5798699867618864 -3.171466404708954 1.06823765387553
-5.584766180151492 -5.024389796374057 -2.447622794079896 4.9938645212075325
-3.725734988827145 -3.804340431843986 -3.3776835562396554 3.1397770357353103
-3.10848135721859 -3.606769892782167 -3.0222320184319944 2.9235533351749674
-5.4097842180227005 -4.573063048259666 -3.9115742628006336 3.0165329900159485
-4.568730662262115 -3.5892526557336386 -4.470232947773386 1.5527455364778273
-4.7829428604930335 -4.519051989912615 -4.020263347780293 1.8567513177151596
-4.224580070295016 -3.7483828058550857 -3.10277577802925 4.719518422938561
-4.36345947847807 -4.112241140656858 -3.3064933295138634 3.7247746569141236
-4.388270945188991 -3.8145247079239057 -4.111525657558504 1.8471650470639953
-5.123685316246055 -4.579929408788061 -4.001363055917749 1.4738968394666185
-5.3879087824463765 -4.988472414270376 -2.563237984010881 4.7899827327325255
-4.98588917280843 -4.8534781419255015 -3.3207687986495373 0.691988902333806
-3.6430829973454975 -4.000201558477156 -2.9941138496936484 1.2429193706419448
-4.135722196909237 -4.2202675755654875 -3.1530101567040787 2.374734176029118
-3.8731561645438197 -4.012375638244239 -3.453781522624862 0.6349713086698725
-4.995031810987377 -4.725625596626398 -3.5969236844510806 0.9173986043114336
-3.670144109874352 -4.053488707117762 -2.6333742943472322 3.9671316778498142
-5.737423760781605 -5.053515760784552 -3.5563334160865443 4.443404635365427
-5.373806544256544 -4.6395372424789345 -4.259937201073138 0.49038745916466187
-3.806885635222061 -3.6743821782044863 -3.059942674359924 3.957890033149726
-4.684797333586838 -4.62846313613846 -2.301188908475334 4.881456230747512
-3.7478906903246094 -3.5034066473206407 -3.669421188044645 3.2436123623258504
-4.590805201635588 -4.515224013709184 -3.432144546503585 2.1461298694157316
-3.8004733007278713 -3.9598898325854437 -2.887372445615237 3.600319566178468
-5.193225911167982 -4.731388065418805 -3.5832788317479785 1.5246757600603065
-4.02137476952951 -3.635424373499717 -3.780754137924215 0.6092419875442714
-4.959145628541448 -4.987293223658153 -2.9941591505031075 1.9501220847566405
-4.76316696061032 -4.3871888957302465 -3.504743942072218 3.416969123432795
-3.6231074302274164 -3.6447645528966914 -3.4878789813281017 1.8085969996579656
-3.9707255717119936 -3.8719741340251237 -2.308391131278041 4.853453701533635
-4.327573897627824 -4.429361653406737 -2.5475013538822258 3.8417533676147015
-4.6815574600311365 -5.033742446510674 -2.816566565641567 2.2299949724873698
-4.030057175796468 -3.831020602906924 -3.3166194840529344 3.2302249084227106
-3.991793282730729 -3.850470860221843 -2.2486458121525783 4.774049153814525
-4.883219285385012 -4.418563208777996 -3.2848132777359873 4.353719065567918
-4.527873687971764 -3.5110289262037604 -4.261989572327845 3.8010729673176953
-4.606445464935352 -4.676284358218193 -1.9578997747468143 4.614003847992758
-4.8985806130622676 -3.979781581883297 -3.228271222021422 4.707001227227218
-5.463994356773028 -5.084039063765484 -3.8383179052671954 3.8254147154191016
-5.4223167734400635 -5.065890105788637 -3.8587943762264336 3.766178725097363
-4.158968280263019 -4.053347521175851 -3.3780502003737203 3.446055355332085
-4.030297464476603 -4.028170306371961 -3.3846668495708485 2.075021514540997
-3.7177969597907223 -3.819602949553535 -3.5201706088104903 1.4170809497285788
-4.118133121840822 -3.5666546810573743 -4.2461429706165 1.347082148118925
-4.035635700712745 -4.263374251082203 -2.9961102481680038 4.047840522372699
-4.282938766622012 -3.999971040593086 -3.693815121043815 1.5758825862102135
-3.6677354802469466 -3.818008076377135 -2.1231048214706143 4.857978827082777
-4.148767579687848 -4.375335793589635 -2.1374020263476647 4.572117639470483
-4.210575356462741 -4.104486041487774 -2.3865869948719234 4.7772389468023
-4.133905446134633 -4.228395507764223 -3.3430704782687015 2.1959452855983796
-4.163983958418198 -3.868726740342301 -3.650030536135839 0.8550030746097854
-4.71215843624031 -4.861625111539865 -2.928710258926563 3.69740131006003
-3.5518207852359476 -4.109542426947157 -2.870280072824644 0.8894595626903974
-3.9714772721542904 -4.032262667350668 -3.2315319794875865 0.44531721023799165
-4.678989942756344 -5.120505076200505 -2.8573674888709624 1.9656935689353405
0.18305084745762717 0.1864406779661017 0.07457627118644072 0.15932203389830507 0.11186440677966103 0.1457627118644068 0.11525423728813555 0.18305084745762712 0.08135593220338988 0.17288135593220344 0.13220338983050847 0.16271186440677965 0.16610169491525423 0.11525423728813566 0.1457627118644068 0.12881355932203392 0.19661016949152543 0.18305084745762712 0.16271186440677965 0.13898305084745766 0.19322033898305085 0.07457627118644061 0.15254237288135591 0.1559322033898306 0.15254237288135586 0.07457627118644067 0.1796610169491526 0.1559322033898306 0.18983050847457628 0.19322033898305085 0.14576271186440679 0.1491525423728814 0.17627118644067802 0.12881355932203398 0.10169491525423735 0.12542372881355934 0.0474576271186441 0.17288135593220344 0.1694915254237288 0.15593220338983044 0.10508474576271186 0.10508474576271186 0.19322033898305085 0.14915254237288134 0.18305084745762712 0.07457627118644068 0.1457627118644067 0.1932203389830509 0.16610169491525423 0.18983050847457628 0.16610169491525417 0.10847457627118644 0.1627118644067797 0.18305084745762712 0.19999999999999998 0.1932203389830508 0.14915254237288134 0.13898305084745766 0.1084745762711865 0.18983050847457628 0.19661016949152543 0.19322033898305085 0.18983050847457628 0.09152542372881356 0.11864406779661019 0.13559322033898308 0.1796610169491526 0.1084745762711865 0.16271186440677976 0.16610169491525423 0.15932203389830502 0.1694915254237288 0.1322033898305085 0.13898305084745766 0.0949152542372882 0.1932203389830509 0.18983050847457628 0.19661016949152543 0.18644067796610164 0.18983050847457628 0.15932203389830513 0.16271186440677976 0.19661016949152543 0.15932203389830507 0.12881355932203392 0.15932203389830513 0.1457627118644068 0.16610169491525417 0.11525423728813555 0.19661016949152538 0.1457627118644068 0.1423728813559322 0.1457627118644068 0.07457627118644072 0.06779661016949157 0.15254237288135591 0.11525423728813566 0.1593220338983051 0.16610169491525423 0.19661016949152543
0.00755564029603075 0.011245271882799132 0.007273730307104468 0.009305478840854435 0.009680424359526596 0.007670954091264843 0.008515408366938797 0.00812197574877754 0.007581538665182668 0.012062138353380415 0.009830131428015998 0.00990407092989286 0.01017346326858461 0.010231594729448682 0.009675299395198346 0.007316180112824382 0.009760149173831119 0.009723656731641389 0.008221867891501996 0.010886084497725686 0.00856060822270753 0.008052253023758454 0.016196356166211432 0.011695576983331022 0.009527610821918603 0.00938953086834014 0.01365289696454598 0.009593379670131765 0.0119299158331181 0.007981836462462604 0.009147365717350253 0.008669351529913232 0.008971622960739263 0.011354509237311246 0.009286600265894675 0.012619103446607334 0.012983782326871978 0.010725219697590316 0.009246500917032375 0.00797491699698006 0.010869335744574693 0.013013314435163922 0.010009359278610604 0.007842956404006814 0.012671093023060928 0.014233996798002146 0.008189093190187426 0.010836162152454157 0.008315163402956724 0.010674355838235814 0.008358383404033156 0.009593335561251031 0.007484080641407691 0.00862759922024039 0.009080531972369623 0.012291470453096275 0.01224451706098019 0.010540885292570128 0.007786506347090726 0.011091657408394087 0.010501016319212733 0.00967763216375366 0.011272467732038438 0.0125215438411634 0.009029808969515591 0.012164481544915413 0.009092453285005995 0.007789406431815887 0.008509809963088347 0.009242778231144787 0.011573799683973027 0.009980176000007895 0.007332972167559183 0.009480456728537175 0.012428012701530385 0.009076346810299354 0.010255737672980268 0.007722078245039767 0.012593073228855925 0.008344985338106821 0.010052595452503563 0.013934600376864722 0.009329212902082218 0.010095411475186887 0.009927714645710857 0.007453349011322215 0.007946453620598377 0.009524568609677288 0.01059079473953612 0.008391420893629393 0.008325486412996652 0.014511485406969407 0.012239997614014016 0.011194594311338344 0.007772597136347408 0.010044350868055477 0.008707778868619521 0.012247701710406308 0.011974489767298787 0.011098564306270781
-----
100
40287
0.1
-3.6891166716031996 -3.7483347169733015 -3.5254289015910856 3.219718052850892
-3.8400220091000374 -4.276921682427989 -2.994204629027736 0.19626256271280118
-5.509858142939924 -5.124901055795555 -4.081270341367277 0.29724195833301414
-4.30741230916318 -4.111811081895763 -2.1969327904132 4.712736052632626
-4.7815775056352114 -4.286909011321926 -3.6031263404042893 2.152607177236982
-4.0778519522474665 -3.9570326206395277 -3.439054927235581 3.231010541298007
-5.235914336328795 -4.908568915811002 -3.6404800653680374 0.4194384179526446
-4.1716580345153975 -4.337994938795105 -3.288330124992096 2.575390038171803
-4.652841199469068 -4.202345385091828 -3.68362713521157 2.006557572327219
-5.13956335515031 -4.687375911804615 -4.101581581452566 2.775152290917196
-5.065268975046872 -4.422749710176512 -3.5249442182485735 3.6826964528504877
-4.506607786039071 -4.36712333612468 -3.2738530599821507 2.94473698171684
-4.261651721613419 -4.117280884902885 -2.8687188390713847 4.365231404658225
-5.190100585936993 -4.573542587060554 -4.109783680694415 2.775394719909678
-4.185213284584864 -4.055671514889689 -3.5458276249717597 2.4612829480079412
-4.734503848230017 -4.487938745262751 -3.8812285618782036 1.6701060417459166
-5.670620115099424 -5.077020735853144 -3.358330422052658 4.132148718394645
-4.613655706020076 -4.322912591467024 -3.7660067563117563 1.8810293751805887
-4.3045288653970575 -4.2557051245920565 -3.0256959203918203 3.8787527937519424
-5.296354134435632 -5.164670219495812 -3.7416501770070845 1.9928395726427033
-4.052587046000243 -4.451043470016947 -2.8267212718473833 1.219743927232198
-5.963779148035217 -5.106647248785539 -4.569127372585783 1.8628919104508967
-4.714036865460853 -4.383157999336471 -3.9317034552547945 0.13229252171649408
-4.411003206057302 -3.9560462323791534 -3.3592840577890906 3.7644660824245815
-4.8935951566878355 -4.796364833931708 -3.5909206931687625 2.8277119813197267
-4.089919932109115 -4.2181344248853305 -3.144603222855948 1.8704873112145362
-4.3248038873500425 -4.491988347676453 -3.162985033953719 0.3038905748097531
-4.438167366283338 -4.515486936137909 -3.4253365465296453 1.4490471225928732
-5.433769407348163 -5.112749109552482 -4.032483966894073 0.10030147077633644
-4.085294462063683 -4.020862297709339 -3.7183293932433448 2.779864974265018
-4.088701850917514 -4.082253411744812 -2.9830737885816125 4.010016227374919
-5.428550733471718 -4.9714573728036004 -2.9330441437857635 4.725434284040118
-3.9308249769615378 -3.857043497077365 -3.5756813278740878 0.7990277437319923
-4.309815799152301 -4.301776757888733 -3.2654561064899132 3.6168672023095425
-3.6533807976262693 -3.906058141607449 -2.846314155597218 3.573669097511944
-5.091792137627732 -4.847657719156496 -3.0125440533102967 4.009788633754366
-5.329742264260607 -4.785728703615494 -3.8629529812429793 3.6820688435790845
-5.413209318293768 -5.041891953585634 -3.883845886442396 3.9270260040479164
-4.460164490473662 -4.171167713811677 -3.388800845636939 2.770662319933246
-4.4122654161663295 -4.188548367958878 -3.5640069190053354 1.450564547679067
-5.7708776532449155 -5.027721498902261 -4.1717542018491995 1.0497894898766105
-4.8070086007303505 -4.4601990446562105 -3.4258842985423006 0.2940511036845288
-4.597553614304034 -4.347993080233744 -2.992260520519095 4.2545031221299805
-4.037402435095011 -3.9315727247122063 -3.216135807224588 3.3224496710576488
-5.2079545838555426 -4.827060116149753 -4.203359269949452 0.6484956544242592
-4.343062160642622 -4.202294275535293 -3.5487333734507427 1.5138676930538901
-4.030769303967229 -4.1115659824318085 -3.342887429114096 0.5425725096556877
-5.277546974401231 -4.765855518781459 -4.279717659106792 0.14902882567197145
-4.072557062042285 -3.8258826638872088 -3.7270195611575807 0.9230937924451297
-4.966439297895388 -4.661126512450172 -3.375029611066862 3.7327929433669933
-5.292340796444482 -4.914799394054401 -3.352070668695772 3.0800310181423605
-4.296314613905142 -4.330528939438201 -3.3821020826056385 1.505932729727304
-3.7988798507483406 -3.865591744607436 -3.343500892675206 1.1798103587087687
-3.904518801120271 -3.7125299917463916 -3.6490073417210365 1.3031173187044494
-3.6906558139327763 -3.800607042660939 -3.518985845191942 1.5347324682416605
-4.073264581422585 -4.067080207949134 -2.8167315164725735 4.279318252133388
-4.918419213592047 -4.912675262129843 -3.0240017765862115 3.5528076352369458
-4.235081371010059 -4.266680445898833 -3.280929017609263 3.0133805455169176
-5.017706594654915 -4.2323228504178 -4.081870914315634 3.021942630517039
-5.447754244240263 -4.703032696794384 -3.640643965595307 2.991008119109134
-4.352123193215469 -4.141772831908094 -3.694563172755271 0.6162868235012002
-4.182742043588984 -4.155901440949915 -3.383367320516262 2.4548394459193337
-4.095667820087913 -4.1983211672410565 -3.2001811803849414 2.887777649673712
-3.757514578965166 -3.9691495943709767 -3.123028458723668 1.0126328841001517
-4.631047738900226 -4.559686020562858 -3.6186063943817057 1.03809548968377
-4.474436718724229 -4.836613568163091 -3.0721376279473245 3.2231843651173984
-4.3619499252799585 -4.1646308423352005 -3.0551556782639606 3.6421133901120015
-4.889525084266008 -4.866396333140584 -3.3434109750159267 3.8383860573144846
-3.6991073179522465 -3.7618703993803995 -3.3980206054747066 1.7260728725506116
-3.908751337003199 -4.1011692152959585 -2.9485791369426138 2.9142326033311097
-4.053120154828419 -4.1121493319216045 -3.261762119922758 2.332906138775756
-4.1635100824102045 -4.277574888674143 -3.1866015549889495 2.33370576286179
-5.008057520944167 -4.7512191925250145 -3.730150710089308 0.11372252417706985
-5.447602824334108 -4.946125753077128 -3.747208910413583 0.9968916617774871
-4.3845471126414575 -4.083137378456985 -3.649409364559855 0.596550352314615
-4.794014467495562 -4.667494119681097 -2.7117356201009217 4.85177677784469
-5.495217037892656 -4.844765509254286 -3.7153626573061063 3.1798535989529646
-3.8173503310937713 -3.870601121438897 -3.474074838203425 1.6076384492077873
-4.615603184723172 -4.615734343771623 -3.3691867783586757 2.985275938023699
-4.188693430986819 -4.179344056509523 -2.2174853476390415 4.873310959697797
-4.211467562653823 -3.9720937877725486 -2.965959961764221 4.2013229328201795
-4.050566619177493 -3.8978058129030235 -3.5310051688766393 3.1992644194385207
-4.099479198593261 -3.9040810710806317 -3.5473840340174694 2.5514355819521173
-4.334805354768042 -4.138551928430875 -3.60894377992742 0.3681548298386154
-4.007268972854688 -4.084098657220751 -3.1734669475632 3.558499879737484
-4.0395785289770885 -3.8288934030032618 -3.6253206229752912 0.42675473640550354
-5.026474674801089 -4.782529740838864 -3.2798144489331365 4.0270918009168035
-4.003993185928025 -4.035865093644858 -2.9854348597380587 3.70303464836078
-4.349566963075352 -4.2913778939204805 -2.1403956229757757 4.808997677079804
-3.7313653690705553 -3.639308604218558 -3.7356538353102624 1.6767826468053142
-4.728055745333043 -4.582048298904604 -3.2794797078227322 2.981627349945556
-5.41229316882142 -4.90817078803005 -2.8693979087464534 4.634348479744148
-4.384797158588694 -4.502920723421532 -3.1525250935241296 0.49724093681966874
-4.330260635048929 -4.1995486025529445 -2.469907807256107 4.881225245626773
-4.522927453545118 -4.25970343949945 -3.2578145546419 3.7337364872651455
-4.437908488000444 -4.342599238729816 -3.5899008294581254 0.8420827442913198
-3.942805644893963 -3.8998826044835275 -3.1830514161343606 3.5624196231516105
-4.516101339369634 -4.725955706323082 -3.400840201400978 2.3395633701369984
-4.657979193514065 -4.684201136673596 -3.7097833171572985 2.922690122819531
-5.466914785600791 -5.115185727457749 -2.6792941873565406 4.760221798060028
0.08813559322033893 0.07457627118644072 0.09830508474576272 0.09491525423728808 0.07796610169491525 0.08135593220338988 0.0949152542372882 0.0847457627118644 0.0847457627118644 0.09830508474576272 0.09830508474576272 0.06440677966101693 0.09152542372881356 0.09830508474576272 0.09152542372881356 0.05762711864406789 0.09152542372881356 0.05423728813559325 0.08135593220338988 0.09830508474576272 0.09830508474576272 0.0847457627118644 0.08135593220338988 0.07796610169491527 0.06779661016949157 0.057627118644067804 0.09152542372881356 0.08474576271186442 0.0847457627118644 0.08135593220338977 0.0847457627118644 0.09830508474576272 0.06779661016949157 0.09491525423728812 0.09152542372881356 0.057627118644067776 0.06101694915254241 0.09830508474576272 0.047457627118643986 0.0711864406779662 0.09152542372881356 0.09152542372881356 0.06440677966101704 0.09152542372881356 0.09491525423728814 0.07118644067796609 0.09152542372881356 0.09830508474576272 0.07796610169491525 0.0711864406779661 0.09830508474576272 0.05762711864406783 0.0610169491525423 0.09830508474576272 0.09152542372881356 0.0949152542372882 0.08813559322033898 0.06101694915254238 0.09152542372881356 0.09830508474576272 0.07796610169491525 0.06440677966101693 0.07457627118644068 0.0847457627118644 0.07118644067796609 0.08135593220338988 0.08813559322033893 0.09152542372881356 0.08813559322033898 0.09830508474576272 0.0610169491525423 0.06779661016949157 0.09152542372881356 0.0949152542372882 0.08135593220338988 0.09152542372881356 0.08474576271186442 0.09830508474576272 0.09152542372881356 0.0847457627118644 0.07796610169491525 0.07118644067796612 0.0847457627118644 0.09830508474576272 0.08135593220338977 0.0847457627118644 0.09830508474576272 0.09830508474576272 0.07796610169491525 0.0949152542372882 0.06779661016949157 0.06779661016949157 0.07796610169491536 0.07457627118644072 0.09830508474576272 0.05084745762711866 0.05423728813559325 0.09152542372881356 0.06440677966101704 0.08135593220338988
0.010108681109225186 0.014697579996135017 0.014037627243505619 0.013823859891171426 0.007674688711559881 0.008397405787080122 0.011064998778509996 0.007882096838577879 0.007785809115788012 0.009273612476981082 0.008990720391196014 0.007719217236790413 0.009755923656742639 0.009328683653800747 0.007885219148040362 0.008046647219939342 0.01269074787610157 0.007784049016998576 0.008718448045120166 0.010207782243659137 0.01168637793594412 0.017598167665681612 0.011080813645078054 0.008883018473723381 0.008262606900365285 0.008452348406449423 0.011862241237560066 0.008233504645060152 0.014330923279055855 0.008514490683709486 0.009134225973543353 0.013544877772175964 0.010724085319623542 0.008285688488088522 0.010219380724832264 0.010399104058696023 0.010204317478509927 0.01190670853943829 0.007641471085885521 0.008078551358364067 0.012856576275939013 0.010507008341819548 0.009426723887589295 0.008489787229196827 0.01101472498942139 0.008035681174707376 0.01069394168360867 0.01291505967104849 0.010495099746038862 0.00889020512660356 0.00931339268622956 0.008161690324249465 0.010198998324970883 0.010484175259294699 0.01018049837254029 0.009870213411253378 0.009973288424315569 0.007835150594237637 0.009841206773891031 0.009104030376973707 0.009756814971829172 0.007729988133061098 0.007987846676893437 0.011023018336199421 0.008528784491918861 0.009628330688871858 0.008427368581924395 0.009631562678108677 0.009986220251903691 0.008765750695752729 0.008013375343902887 0.007988813366153993 0.011124155161543123 0.010302975603509346 0.009887483118301049 0.012134604408889827 0.009646196537469565 0.009366199404032586 0.007995734861656341 0.01390659029943472 0.009568227110575356 0.00867828962345608 0.00828963002042686 0.010446956930084433 0.008556753522927386 0.011858078104937417 0.009722441597067663 0.008913071666613964 0.014482126824347918 0.011167321436866473 0.007977370640519173 0.01319949699028008 0.011112557587784485 0.012190964221865353 0.008376888669435261 0.008892893134162408 0.008927406780753747 0.00824512040093016 0.008318796191846053 0.01603964015112568
