6
100 100 100
668 56240 696152
0.8 0.4 0.1
-----
100
668
0.8
1.7804042577554284 0.23054556430145645 -2.5029985149483585 2.636133914978789 -2.135494117627597 4.45205344726819
-0.7682266231800039 -2.350920482186643 -2.672578276224908 0.03798144249992319 -2.1144432231660524 3.596099627750473
1.4544467497241431 0.9634175393983129 -2.324524173678795 2.401279644316533 -1.0297520063705294 1.814902133213635
-1.2800511695560366 0.5976591672151148 -2.973791866232794 -0.8349608578236531 0.07070800106805653 4.177456855509208
0.7994404063854108 -2.0628204329923068 -1.6875757498958666 -1.7017446619957308 0.20377859392335118 1.0134961459894376
2.4335792086724783 2.609579914195642 -1.9430482278803671 -1.8724161427468529 0.13859930224608608 2.6695487405347693
1.8612576776067566 1.3323492973195696 -2.8351282869204915 0.17243296433528377 -0.24661176402204177 1.2396506590277012
2.672293557162261 0.013593634051370262 -1.3803584613583468 -1.2216689505925276 -0.42707888036864095 2.8458198393491143
1.566837118601513 -1.902956329146602 -1.7563466326193198 0.438067721308915 -1.8573971730268575 3.185049989422255
1.0146898059958183 1.6147264655146092 -1.9860879859552787 -1.2763181776183798 -2.2425809388586035 3.275561990384416
0.46545597089264 -1.8949865954434064 -1.582860582034677 -1.6442262768795177 -1.8950328403310306 2.7263005041587984
2.6265024001008275 1.0231241716206636 -0.861991791632498 -1.1644220373903442 0.048698330728981 3.1918007199869702
0.6596515307574404 0.49927796818573 -1.5035584770779216 -2.9702588089506006 -0.3524338505545508 1.5701942266326108
0.3695478755757917 -0.4981718972679663 -1.7178222073305278 -2.1067927355002127 -2.975629060616487 4.672424501565983
2.016960331149207 1.0835812948307604 -1.7468835934163272 2.9488201208621074 -2.289645587289396 4.522718712966216
-1.4039235512138317 -0.7233161616731634 -1.6722723688806918 -1.4321892366779605 -0.6703855918739032 3.348079029132278
-2.396623990322318 -2.486286473724267 -2.569023815997828 -2.001903631072456 -2.3670081088110964 3.136802157134433
-1.698716971442923 -0.7540053502254569 -2.7890081748460687 -0.09108860179744616 -2.287222604397191 3.4830149090100937
0.577800689582205 1.8235463532438612 -2.823335210851741 0.7354923285322505 0.2877090388679364 4.876753559679468
2.37240119855219 -1.9631782968230174 -2.356080427870115 -1.1780165925574209 -2.805273662766372 0.19363159538182906
2.521274837157053 -2.435644064931434 -2.298706485360148 -1.3488747438701272 0.1129913721832776 0.198427180717079
0.9457183446313477 1.2004681841420979 -2.6454626835616737 0.9900279161540579 -1.8493608862338018 3.0054752448181823
1.3953210553131434 -1.3465572623904016 -2.2204114575443645 1.4240915512046293 -2.789739357881517 4.693239484087977
-0.3800663566461733 -0.6469111066725977 -1.6341144043180296 -2.5168706928208344 -1.4403539564112828 2.849163259713344
-0.05370567878074706 -1.3346791130274487 -1.2109557412249017 -0.0581978452050711 -0.9118410566446258 3.442066581823835
1.022854926552756 1.1984195056459033 -2.9226849950845057 2.03629339515512 -0.9525524077787231 4.384734211436541
0.5627743247439834 -2.6955866615930173 -2.993331059411431 1.9226189818916852 -2.1374840515258966 3.8855372060790208
1.7547923250579354 -2.0738121409471697 -2.686582030401023 2.0905610137372355 -1.394880430732016 3.675040240890043
-2.2226700756660116 -0.6678583243521063 -2.3056877679100363 -2.427343661805142 0.3077000198543942 3.122487789779771
-0.6038816613028319 0.664487323287537 -2.556029122929044 -1.0533636865365903 -1.6900315414765372 2.8992360145837592
0.41514964631560947 -0.01848942685364552 -2.9884070151236606 1.6378461634952544 -0.819029687732284 3.1975239464928915
2.4131769961442444 -0.7522281599505152 -1.571578683614847 1.9646316697767219 -0.4549288576669994 3.132834051377796
1.2187327062884146 -1.7560339427569942 -2.677697024102489 -0.39147690508548605 -1.3155736470122004 0.39163588355177525
-0.6801819150967527 -1.8268812384241437 -0.9981885603999361 -1.5716198062728859 -1.7208743182674704 3.844123677463097
0.08945109597765644 -0.312011738309514 -1.6564104465839753 -0.4622188877490552 0.25977208295002985 2.6542878830335725
-0.6704248407909223 -0.38850759795920364 -1.8883490400337757 -2.001202911740484 -2.9587936053976254 3.888142726400644
2.955293407112487 0.748473497839516 -1.7784708599417476 -0.5873219566782382 0.4873503277846183 3.8070334003768913
2.4267248504364947 -1.035833185471294 -1.1863834482455196 -2.3025363452671335 -2.36572222947894 2.9988066222746337
0.6502112356534786 -1.1219553949413097 -2.2438236479054745 1.6709024058884943 -1.6715955307308674 3.1940632846886374
1.575084518211117 -2.2640053402452844 -2.202124657214853 2.5804100986590264 -2.5644058862304733 2.158326432763787
2.4791111626494864 -2.503647983322682 -2.211664200928174 -1.214560524886636 -1.2395370682042035 4.371560164872559
2.220649207746325 0.9408133343744343 -1.2333878423253544 -1.3936383165346822 -0.867013706637799 3.402054664387213
2.5468626050047494 -0.34719812919296444 -2.0078685210353404 2.0039104902688063 -1.4658775416126257 3.3336460259492373
0.3439085019774595 0.5715425443317752 -2.3265204986736774 0.7173361963712086 -1.730122994257588 4.010861705777318
-2.332344293055643 -2.7790175195775864 -1.1642077429129785 -1.8030792990282771 -2.15401999420017 3.3790814880483633
1.6281157259743821 -2.935886926635377 -2.613947439842583 1.9282052061067825 -2.7989657009665363 1.401812378975802
-2.609293525904881 -1.129018218006832 -2.93776934761904 -0.9062021791070776 -0.34463135215049645 1.4315512366783745
0.5859506069278098 -2.5170411572264095 -1.5610033715826264 -0.5065191342656741 -0.5295636813380051 4.09243156720751
1.6848102913495362 -1.2498438120428093 -1.804061913890473 -2.7652901855436856 -2.330567533926037 4.376401643242181
-1.0557709907317614 -1.3244175381626975 -2.5944884315182315 -2.3460644903786854 -2.4864680647029074 0.7302589730380349
1.52106136042946 -1.957846547402755 -2.227535290806996 0.5297588326651979 -0.06403877674056524 2.0412646328920383
0.3258538366286552 0.22104363824761775 -2.2662796967760954 0.7551707018510898 -1.9904031439106702 2.325615611594306
2.754804857971619 -0.9171622031727056 -1.738396770827198 -1.7308087804513006 -2.581910266019873 1.6129035616999787
2.4866480990084803 -2.5368902707131875 -2.86316360232891 2.301874859689775 -2.282731134384595 1.0437465471307472
0.38586807603839457 -1.2112161757790814 -1.6853400711249344 -1.046353863697353 -0.9228669943180146 1.6648369579020716
2.8061467649022376 -1.5031597160497587 -1.3782428497573171 -2.576184453286927 -0.21432900149635437 2.5823846448170307
1.376099822779432 -1.630213426401832 -2.340965900793129 -0.5078574240238773 0.019431722087192238 1.9899068011205345
1.0968351588463978 -1.638819019860967 -1.3963539363524098 -0.6580014412820572 -1.7435615117231191 4.015901116957838
1.5474089462056266 -1.8610433239397386 -1.3735556322192806 1.2311328402252055 -0.44573150442658616 1.7703476091175985
0.6468617234608471 -2.0350146095559327 -2.031683782994317 -2.987329587819967 -2.8099359067245246 4.112873352925691
2.221057992613831 2.990346407671626 -2.2605223023077667 -2.71438831794439 -0.6384404712689951 2.021444925488484
0.32811505908863525 -1.950562524166442 -2.095315454151792 0.32192001503316003 -2.6429553967875643 1.9899332948307902
-1.2925949156060463 -2.014710751014612 -2.189852731507109 -1.908514149136626 0.26931950460606924 0.9955184219565105
2.2991179418844485 -2.9390363339850913 -1.9572972390392969 -2.994762449802609 -1.9933007032968493 0.5357137166103731
1.94941374226455 -2.3647721466523057 -2.240029568272269 -0.1478281707143343 -2.6106915231809587 2.3614200548042885
0.3507165103498693 -1.8620768442528264 -2.11684745861724 1.0814410511754247 -1.3684449355770025 4.2697748029203435
2.5042787023695237 -2.8419008465534668 -2.4208687654749474 -2.085965475993539 -2.6811429049076274 0.5724592045833277
-0.2258012500146549 -2.2145523523888406 -2.99025802709325 -1.6151237675321117 0.39671253961097097 0.04153661002036735
-1.7090897425429485 -1.2620102901357098 -2.6508207923174423 -0.5233545812737477 0.3615516397070446 2.8831653073689423
1.117528414924724 -0.9072619874709948 -1.7169015468686513 1.5538353473237914 -1.3194311644883037 4.221090479844247
0.7999846313997727 1.0071012466298237 -1.7302918254097546 -1.023683638082868 -1.0405197611062995 2.4058972293635605
-0.9111108253631768 -2.2941533805600347 -1.2169819530299315 -1.7437950099140593 -0.5810020838080843 3.062819091310174
-0.8507834015048026 -0.5242245824039786 -1.419860646193424 -0.9417788135215752 -0.981069657941871 3.32412113880019
2.7837258167118186 -1.919332697609693 -1.3832118049195254 -0.4823621556542137 0.1862131609939297 4.492348854471361
0.8582321021093535 0.3830459593545572 -1.960368779093653 -2.1130938532510872 -1.0964149763468671 3.21906418028299
0.1703020115025744 -2.0925741963552644 -1.4372093708752907 -1.5609138595585161 -1.9371241282024658 3.8389380023983155
1.127673940923982 -1.1140943755415682 -2.480041529756956 -1.428782857676302 -2.7918008944265456 1.2563162987184628
-1.7988320559964337 -1.0892257016244327 -2.943934846535821 -2.9008422785432746 -1.2613071612220694 2.4187462965444873
-0.7293693896436206 -0.9961337859352071 -1.9770231516193837 -0.6003085542751334 0.36053117578962235 4.308298767911579
1.3481004778808288 1.6947171749400862 -1.8186938059310158 -0.23280449001507142 -1.0429211992728589 1.7754667398472423
-0.3706955408703263 -0.8802034303418402 -2.5513689148526986 -2.6047790545429828 -0.8736411219009774 0.6286398962896167
0.267800544256962 1.1697522525525077 -2.8301219343082664 0.42146287465514787 -2.3230238186599874 2.1947609647421293
1.5517621606585141 -1.164286851367888 -1.4602323101771382 -2.21555820239656 -2.8783909646631924 4.700263606408565
0.7213922985115375 -0.8101995399966007 -2.433466649251203 1.039144619383702 -2.0863046010102453 1.204268499277944
2.482621576133533 -1.643654644280398 -1.9610789728398221 0.9222687266990994 -1.0146522212281268 2.0117392552688163
1.7153173955840755 -2.252328376456685 -2.528563494425963 -1.6538825220962048 -1.3094976713450408 0.6973801743669694
-2.8764835381477556 -2.6371416334986373 -2.747914862243186 -2.1632414882888313 -2.9836708114084067 4.415469197756076
2.0436812455862707 -2.703480659751263 -1.5237606070637084 -2.8707647346826706 -1.4748344022861875 3.4531258914082272
2.597329303239521 -2.9954441675135737 -0.9765503831719409 -0.08098992308920261 -2.4528945434074347 3.1472353978172443
0.4284627179689897 0.8087005034711003 -2.620578796260243 -2.104597527240555 -1.9156876967497396 3.3951742699293486
2.35579830969443 -1.1698080742776829 -1.4487939450537053 1.8094806999309583 -0.7408331042763754 1.6183336963763828
-1.1275467736559621 -1.457541074110602 -2.8402570407480066 0.39440125295940875 0.39903592847997027 1.169744378494153
2.6201559961766225 2.0182041899492447 -2.078083428192753 -2.1439974247287488 -0.46217200901031896 2.9088170943670244
1.2227251444644445 0.19789651088105442 -2.666907165787827 1.762284396831836 -1.779164325413177 1.2558640897869844
2.1450329916512 -1.2914915623969674 -1.4791339422828207 -2.3406219810943267 -2.505312018138067 4.1035440725922925
1.3668960357187094 2.120122431135383 -2.8478276481987326 -2.2856852103239556 -0.5132438489763493 1.6801995274865122
-1.0730044382770196 -1.7687287920442532 -2.9688865203088355 0.36794170494163225 -0.27637346620191483 2.2120238697482666
2.169761396384871 -0.9289371111926892 -1.9123554568538523 1.1880439268000096 -2.2207655592299482 4.048338613293363
2.651900120559244 1.1056485951846398 -2.5937567535432198 -0.561092433597485 -0.5948228419584463 0.21929344325122724
1.568910523985183 0.09177428289049461 -2.6778983924142823 2.969649489604639 -2.1133903548623887 1.955632771682212
0.5728813559322035 0.48813559322033906 0.7661016949152543 0.7389830508474576 0.7559322033898306 0.688135593220339 0.7932203389830509 0.7254237288135593 0.5966101694915253 0.7322033898305085 0.6779661016949153 0.7966101694915255 0.7830508474576272 0.5322033898305085 0.7932203389830508 0.752542372881356 0.27118644067796605 0.7389830508474576 0.5864406779661018 0.7762711864406779 0.7864406779661017 0.4847457627118644 0.5050847457627119 0.7016949152542373 0.7796610169491526 0.43050847457627117 0.6067796610169491 0.711864406779661 0.7728813559322034 0.7322033898305085 0.5966101694915253 0.6915254237288135 0.6101694915254238 0.7593220338983051 0.7118644067796611 0.6745762711864407 0.5322033898305085 0.7491525423728814 0.7423728813559323 0.7728813559322034 0.7898305084745764 0.7355932203389831 0.4847457627118644 0.576271186440678 0.7796610169491526 0.5864406779661018 0.7966101694915255 0.6305084745762712 0.45084745762711864 0.5830508474576273 0.4610169491525424 0.6915254237288135 0.7050847457627119 0.6711864406779661 0.7254237288135593 0.7389830508474576 0.5830508474576271 0.6847457627118645 0.7898305084745764 0.5728813559322034 0.752542372881356 0.6711864406779662 0.6813559322033899 0.7593220338983051 0.559322033898305 0.7016949152542373 0.6542372881355933 0.7932203389830509 0.7050847457627119 0.7355932203389831 0.7457627118644068 0.752542372881356 0.776271186440678 0.6813559322033899 0.5220338983050847 0.6847457627118644 0.5322033898305085 0.43050847457627117 0.5864406779661018 0.7694915254237289 0.6067796610169491 0.640677966101695 0.6474576271186441 0.6915254237288135 0.5796610169491526 0.5457627118644068 0.16271186440677965 0.6711864406779662 0.7796610169491526 0.5694915254237288 0.7762711864406779 0.7966101694915254 0.4677966101694915 0.6779661016949153 0.6610169491525424 0.6101694915254237 0.7254237288135593 0.4406779661016949 0.7322033898305085 0.7796610169491526
0.010000000000000004 0.010000000000000004 0.010000000000000004 0.010000000000000004 0.010000000000000004 0.010000000000000004 0.010000000000000004 0.010000000000000004 0.010000000000000004 0.010000000000000004 0.010000000000000004 0.010000000000000004 0.010000000000000004 0.010000000000000004 0.010000000000000004 0.010000000000000004 0.010000000000000004 0.010000000000000004 0.010000000000000004 0.010000000000000004 0.010000000000000004 0.010000000000000004 0.010000000000000004 0.010000000000000004 0.010000000000000004 0.010000000000000004 0.010000000000000004 0.010000000000000004 0.010000000000000004 0.010000000000000004 0.010000000000000004 0.010000000000000004 0.010000000000000004 0.010000000000000004 0.010000000000000004 0.010000000000000004 0.010000000000000004 0.010000000000000004 0.010000000000000004 0.010000000000000004 0.010000000000000004 0.010000000000000004 0.010000000000000004 0.010000000000000004 0.010000000000000004 0.010000000000000004 0.010000000000000004 0.010000000000000004 0.010000000000000004 0.010000000000000004 0.010000000000000004 0.010000000000000004 0.010000000000000004 0.010000000000000004 0.010000000000000004 0.010000000000000004 0.010000000000000004 0.010000000000000004 0.010000000000000004 0.010000000000000004 0.010000000000000004 0.010000000000000004 0.010000000000000004 0.010000000000000004 0.010000000000000004 0.010000000000000004 0.010000000000000004 0.010000000000000004 0.010000000000000004 0.010000000000000004 0.010000000000000004 0.010000000000000004 0.010000000000000004 0.010000000000000004 0.010000000000000004 0.010000000000000004 0.010000000000000004 0.010000000000000004 0.010000000000000004 0.010000000000000004 0.010000000000000004 0.010000000000000004 0.010000000000000004 0.010000000000000004 0.010000000000000004 0.010000000000000004 0.010000000000000004 0.010000000000000004 0.010000000000000004 0.010000000000000004 0.010000000000000004 0.010000000000000004 0.010000000000000004 0.010000000000000004 0.010000000000000004 0.010000000000000004 0.010000000000000004 0.010000000000000004 0.010000000000000004 0.010000000000000004
-----
100
56240
0.4
-2.683194888878974 -2.2316641768149594 -2.7449632312286374 -2.9171886624197625 -2.815936061622325 2.863799425182343
-2.771406021843926 -2.3025657271413933 -2.804679080577799 -2.327691888339284 -1.2841448941858258 3.838318514462763
-1.3121735295864019 -0.9082656508056179 -2.4246020200445395 -1.952214081132895 -1.521143241965452 4.067783735978605
-1.4803158564151757 -1.9427811433509756 -2.304506721796161 -2.260796782121173 -0.5897181751008286 2.3359204039680668
-2.858924248625267 -2.929075040428355 -2.41120345018238 -2.20913550135779 -2.8367249967736576 3.9296953432117387
-1.7760422860387781 -1.2713722034428132 -2.442521852093099 -1.8105782641266084 -2.2451993132790884 4.804170003086507
-2.5869602205429985 -1.4347431460366717 -2.9125411738432727 -2.523187063837875 -1.7040885515338737 3.879523507464212
-2.4713694285974688 -2.066282163586292 -2.8764634099617146 -2.0094540348912844 -1.6693710290768746 2.160493467176706
-1.794200538930014 -2.3891570655801937 -2.428339418173742 -1.181173891636353 -0.9748873466148855 4.590808869097962
-1.6842030821150633 -1.5429582178436292 -2.434096961248576 -2.5287955856536777 -0.7484692929819592 3.1609250105157845
-2.4815358326818187 -2.0821670097673763 -2.4907663345813056 -1.8823035926476086 -0.9966546905168323 4.274921095110709
-2.0410003112139083 -2.1832181912457953 -2.164933038457761 -2.2856344401703392 -0.8145954333850338 3.3076604935942227
-1.7958239658573447 -2.126892725019599 -2.3745471491285643 -2.9845093483798815 -1.616204916484332 1.794513001255554
-2.905728745634062 -2.3847051158384818 -2.581693510517543 -2.8937956705779353 -1.5256607835816094 4.983840048571231
-0.9221149280912702 -1.3743514077764183 -2.011516972467133 -2.7106789224821943 0.04914374881321626 4.055145287485821
-1.951640409047883 -1.0786695051012953 -2.9408937578037846 -1.8528003677724454 -2.2408809166808457 2.837188380802143
-2.4207189093310375 -1.410741699786243 -2.704755809240163 -2.753919156807171 0.15258055942577675 4.639618972585513
-1.5550500964580456 -2.2222834707893044 -2.036727406181435 -2.4906040927460285 -0.4884239269219586 4.269420718173274
-2.7471752313103384 -2.497844132866423 -2.582320410919516 -2.3516331418305647 -2.932090719082563 3.3691792718903715
-2.5049099917327973 -1.7960530451004146 -2.686439229083258 -2.320052307399209 -1.5486577556340202 4.153722239831444
-1.9065026197934887 -2.961248218789023 -2.62464032704735 -2.2126973012122826 -1.9561337601760758 1.2013125945281102
-2.524367247616621 -2.4918266199149177 -2.6423295991723705 -1.6383305596764544 -2.8093633461695693 4.259560084006491
-2.7427172874598265 -2.122834912314675 -2.558381630007619 -2.4950626988551887 -2.6171532870709613 4.626481050724907
-2.8434753129559702 -2.438027805704121 -2.6828097414585126 -2.14577414647228 -2.2235244268509717 3.025049905923721
-2.2516904899804007 -2.0818953343311195 -2.1999057849679167 -2.557246545306691 -2.3994788643095943 4.017781363516739
-2.7085717063509978 -2.366765318152427 -2.5447357209422883 -2.4625357603002307 -1.634480484727586 3.311713620860991
-2.295710750520224 -1.3417385357201135 -2.805330212203624 -2.534611566062928 -1.850500279192116 4.987477104508143
-2.5885602945769204 -1.5129104513237013 -2.9252598819888735 -2.298769626637571 -2.96448801998535 3.641880497856833
-2.0298179746390614 -1.2546461650292986 -2.667468431180719 -1.68256796498178 -2.2046918715555446 4.535451224579274
-2.066819872328042 -1.6306234383891658 -2.6143289037372006 -1.9372915903126682 -0.10707806789050656 4.071673060297597
-1.6454345846386529 -2.5069287289953355 -2.194613391832169 -2.0408002797548246 -0.8455920470477333 3.776595304072514
-2.2489467297999797 -2.037566714364728 -2.3670936369884465 -2.425555119143867 -0.5112703225912625 4.014594620124807
-2.3212903149613138 -2.910657844623165 -2.7735453967616412 -2.1088617938079266 -0.3696108891985854 2.162623837889497
-1.7913536264679473 -1.402214936184222 -2.7743815220445995 -1.8210326424428671 -2.9801057194699982 2.472994821149384
-2.3240013487756532 -2.4639641583035914 -2.4999168170883026 -2.251457688162649 -2.0595714578956206 3.601826330743157
-2.3915266101867694 -1.7253555473242883 -2.7261454341316265 -2.4338364981690273 -2.557801497367923 2.925693976981907
-1.8866343693584575 -1.0703192552889311 -2.765549308918461 -1.5604535676197049 -2.7262781030014347 4.40366254939101
-2.0919613807003206 -2.033786853169299 -2.3898733016498417 -2.8773366251642005 -0.006754940840434626 2.698215793476617
-2.463460273562139 -2.147404072822782 -2.8628260381981936 -2.028742890551273 -1.3391320923456294 2.8089548664779724
-2.834292364970872 -2.9660613969399092 -2.0996197031020123 -2.6713644858314187 0.16203539984767543 4.347262778098711
-2.589681570491619 -2.9653808947523186 -2.3926577840816208 -2.2118588529878798 -0.3114947854922453 4.151484192338593
-2.265358287308707 -2.004738785101782 -2.419367405028677 -2.4479535843093854 -0.26538541870188503 3.3953211176870886
-2.0060399623043135 -1.8849636391647824 -2.4731888562794184 -2.2125113808884636 -1.3344947666038254 4.819036139679962
-1.9699314067491729 -2.2284294444463186 -2.577526765673952 -2.7179246474371705 -1.0916430927838807 1.4114655786577965
-2.3799221323894213 -2.9604449728453055 -2.632452485625965 -1.8800987792244293 -2.808474496878973 3.790876315470056
-2.346691400053241 -2.2993715842315923 -2.8309406527361047 -2.0537606749745456 -1.9413718919825909 2.897632626761884
-2.437019926224689 -2.547537482526522 -2.707748320597864 -2.047140615506949 -1.874648202720621 2.4482769876512416
-2.715127285113719 -2.5968381133491265 -2.4103299072106763 -2.467847083643294 -2.243772936334065 3.279211563850631
-1.8716554552603242 -2.0380495409601798 -2.016621180161269 -2.395701027140959 -0.8535447363807286 4.651293530135409
-2.0836399672631427 -1.9419221311938903 -2.3428429455910518 -2.0047836970290605 -2.5096302088820943 4.928747807785452
-1.7414436869124081 -1.8268693035231631 -2.324717800125773 -1.6603570665244165 -1.6857632072008406 4.993989566422488
-1.6378075624368984 -2.795957621188233 -2.7846779946630003 -0.8645670781361362 -0.564925301360314 3.7635348054405986
-2.9335343819746544 -2.5632474777569687 -2.9124382836381337 -2.5871402219987334 -0.9131647525886661 3.169526201129683
-2.7185703880681626 -2.729057041792262 -2.7002462590157204 -2.4663298283728206 -0.9921633682693247 3.6708397760290596
-2.307218610954612 -2.55553289282651 -2.5917658806441386 -1.6990376590541145 -0.5258578340644333 4.217405922775573
-1.576265970283496 -1.8861677579024398 -2.5804758329283115 -1.0938318759249883 -0.8377526877807548 4.4112285303389065
-1.8170604841992102 -2.0066390027505063 -2.0535497161375966 -2.8385782873143266 0.1647613561274522 4.4730643971189075
-1.543761423193313 -1.835090888332483 -1.9600868846398316 -2.857265248893281 -0.8924807210847268 4.302161282636863
-1.4590725275197856 -1.6249332293331655 -2.346532104829199 -1.6777506212578688 -0.8199174260332828 2.859109392468551
-2.8520339724286403 -2.0630040157592604 -2.9815707929793245 -2.4441042376387236 -2.079990164133949 4.343788856526073
-1.8198454369842352 -1.331387315226393 -2.543378224469966 -1.4077411636209243 -0.3011093303711183 4.407462219232614
-2.725643846897686 -2.4060775517575173 -2.7931232310958345 -2.4018425401333072 -1.6865198690270935 3.2606428864197134
-2.372000885956636 -2.1869219692240414 -2.3534813954388563 -2.1418779515246262 -0.5775466627982546 4.370446549239162
-2.070504517558907 -2.4579010412186593 -2.669444522728404 -2.8318779808856935 -1.0184720770706652 0.9340587299292715
-1.7630863052599053 -2.862376930078485 -2.7654472323554127 -0.9660960538563845 -2.8311956000357252 3.3945118578472906
-2.429943318647417 -2.127345744417713 -2.9105994193274074 -1.6007705541836268 -0.21384970778648515 4.575190472484339
-1.1139027440383455 -0.9613459423837288 -2.2109072902522415 -2.7986724000880465 -2.4258481752868954 4.546734962810253
-2.695604031819285 -2.864681572113945 -2.641495204143721 -2.7428803775010544 -2.729393227411598 1.8766050669401997
-1.7365130463000114 -2.7082444015197202 -2.1245465241975348 -2.01125697255597 -1.7490406686275506 4.265174816787931
-1.6920668556958651 -1.8516015231711949 -2.668661936868514 -1.222903209986987 -1.240589858648359 3.283181438156475
-1.5204157401523821 -1.595292305824088 -2.789603120668821 -1.0945553890603636 -1.3385865678117805 2.4243330024105276
-1.8340801509120703 -1.3567020240164545 -2.621332051859085 -2.603384351122302 -2.1891432491406215 2.496355396941743
-2.450844169770603 -2.5574830934326283 -2.2105074593852923 -2.8761471184758767 -0.036755781433094326 4.74530918150209
-2.1699738196097074 -1.5607030201171008 -2.780742984902346 -2.8984620250045006 -2.4350756770545825 2.185333967515998
-1.5915495768321724 -1.806114892030345 -2.289186583542277 -2.627330938695563 -1.1006202716271218 2.5038407509383314
-2.0582147816403364 -1.6499358569738691 -2.5971283341714066 -2.902778591725102 -0.7410554380225841 3.1978980477660057
-1.2429523715246686 -2.3938345163600956 -2.0986066918040964 -1.1543884165304326 -2.3940956648294254 4.82356297287438
-1.748822801699399 -1.9649843552027353 -2.4475052515551585 -2.1237682290843005 0.2652810259763395 2.7942066909241428
-1.9871274464235054 -1.2615720732950273 -2.8195497470528648 -2.213276560992425 -2.810340991155957 2.976823523511674
-1.7420662877835427 -1.5216881006292684 -2.762986393943795 -1.2480259808822858 -1.987011397479638 2.82161079607655
-2.1201980797449322 -2.0671329614993814 -2.1463306426326296 -2.9100750199906735 -2.434382759350442 4.1623620669461605
-1.964459973140631 -1.141357119698826 -2.939720397540899 -2.003757628924729 -2.6051626486323523 3.006320968134615
-1.824777629193053 -1.8451247527075947 -2.4008203407201805 -1.6984204550645716 -2.4696732475763348 4.688636048229741
-2.4826341879870903 -1.8263701884665569 -2.9881285789949645 -1.8210627776766197 -2.4892573255520762 1.9769961134368623
-2.2810646547107436 -2.0638946921294066 -2.502156839224277 -2.3790647522403363 -1.9945937471819604 4.856272114803862
-1.023314356198604 -0.8894385543399648 -2.394851160618474 -0.8965888394829373 -2.826085707490999 3.9163242389512645
-2.645194659861364 -2.68752015542861 -2.8010683253297777 -2.204957040114211 -2.8626089671398955 1.8227819226138118
-2.0245951999562175 -1.429827181530163 -2.420236834820832 -2.4046236497128497 -2.5332808648826908 4.905434200958365
-2.0152912401018885 -2.3518693505894883 -2.787920428557123 -2.2963626113981213 -2.0282930248844013 1.0060382684279765
-1.5668541396183064 -2.8682917393134626 -2.1881838077132425 -1.88828325341703 -1.90293237560676 2.7140755432041077
-2.4894814459885497 -2.1146236905599975 -2.577470149493964 -2.515260765414496 -1.5592073470002386 4.2299421895900675
-1.5797940578734064 -0.5677556229320782 -2.896979633226028 -1.7850103336325447 -1.7403892679337432 4.967618804402177
-2.5040328085896886 -2.403415948828712 -2.9244777637224444 -1.8650901113276481 -0.8793936496735182 3.285779602206245
-2.8236244999666322 -2.8176951532472163 -2.3752115281927377 -2.5006631154214594 -1.8515143880740739 4.524292962513085
-1.8997327040056282 -2.1822832970159407 -2.4120783644369768 -1.3818900762544768 -1.712734902899308 3.98487097983263
-2.179311913147857 -1.696500024224496 -2.7481217091197863 -2.3791669146410945 -2.815227699598 3.3771486424702735
-2.758940895439872 -2.2237055549489058 -2.690890222865214 -2.4867176970372036 -2.754045880304703 1.7629325432195566
-2.0768692388480616 -2.249065028725905 -2.44054378078117 -1.7229951206623544 -2.3543421775545426 4.088191057052381
-1.2825181047920549 -1.7482439653710677 -2.240113687266443 -1.6419294127202713 -0.7936984044698389 3.048062430759352
-2.4156613612416944 -1.7527350783105096 -2.7055971522803266 -2.9954007759322923 -1.9084513517503414 2.885720977847355
0.26101694915254237 0.24067796610169492 0.3627118644067796 0.36610169491525424 0.3016949152542373 0.34237288135593213 0.3830508474576272 0.3525423728813559 0.3830508474576271 0.37966101694915255 0.36610169491525424 0.36949152542372876 0.3830508474576271 0.17966101694915254 0.39999999999999997 0.3864406779661017 0.34237288135593225 0.3932203389830508 0.240677966101695 0.31864406779661014 0.3491525423728814 0.3830508474576271 0.21355932203389827 0.34237288135593225 0.30508474576271183 0.21355932203389827 0.24745762711864405 0.3491525423728813 0.3389830508474576 0.2983050847457627 0.38305084745762713 0.26101694915254237 0.3627118644067797 0.3966101694915254 0.2677966101694915 0.27796610169491526 0.36949152542372876 0.2915254237288136 0.2745762711864407 0.3016949152542373 0.24406779661016942 0.31864406779661014 0.37966101694915255 0.36949152542372876 0.23728813559322035 0.376271186440678 0.28135593220338984 0.311864406779661 0.3593220338983051 0.2576271186440678 0.31864406779661014 0.3864406779661017 0.25084745762711863 0.2915254237288135 0.26440677966101694 0.39661016949152544 0.3254237288135594 0.39322033898305087 0.36949152542372876 0.26101694915254237 0.3830508474576272 0.2542372881355932 0.29491525423728815 0.38983050847457623 0.37627118644067803 0.2745762711864407 0.38983050847457623 0.30169491525423725 0.36610169491525424 0.3830508474576271 0.3966101694915254 0.3864406779661017 0.21355932203389832 0.36610169491525424 0.3864406779661017 0.3016949152542373 0.3830508474576271 0.39661016949152544 0.3864406779661017 0.3762711864406779 0.29491525423728815 0.34237288135593225 0.3627118644067796 0.3830508474576272 0.311864406779661 0.3966101694915255 0.2406779661016949 0.3118644067796611 0.36610169491525424 0.38983050847457623 0.24745762711864408 0.3932203389830508 0.34237288135593225 0.18983050847457628 0.39322033898305087 0.3322033898305085 0.37627118644067803 0.2745762711864407 0.3966101694915254 0.29830508474576267
0.011304634382853401 0.01086312692315036 0.006338999221198218 0.006506014301538937 0.010887672857001113 0.008527684687072202 0.010194924855416631 0.008896657237520311 0.00936797934306141 0.007039467540285172 0.010045171725085872 0.008001280756715568 0.00831466031472136 0.015578375710312956 0.009470557158251541 0.007961905966842386 0.018714962515062335 0.010037663212743702 0.01023191898130527 0.009470719817770404 0.010739971667814993 0.009673915372339597 0.010886321261601816 0.00946981030472498 0.008603224544255323 0.009186890673417637 0.012530407298013541 0.010943210361154618 0.008631003761406334 0.010474295634311398 0.00796354383743799 0.010477176335961536 0.010925860388122741 0.008821203092534334 0.008150009075257742 0.008856180723522308 0.009202387465655174 0.010170510830944342 0.008624189097884904 0.025167983314830125 0.015786671832681926 0.00979069619071807 0.010166274923666738 0.008829914896861439 0.009678424015640499 0.00839994478999816 0.008810681188348888 0.009392208708402941 0.0106726692095408 0.00967964731842683 0.008985142824915417 0.009633406456695229 0.012906079267679404 0.011919292713368305 0.011790442666244271 0.008159286821992965 0.015482249492462375 0.00932694387746369 0.00564830484784863 0.011911465140886994 0.009412900146952114 0.009710723557105505 0.011656280615396397 0.010908950264650804 0.008854106497025935 0.015945307042380417 0.008049470211895572 0.014258363988957209 0.008221299286601303 0.0062274996223957765 0.005848544930039252 0.0074598598597240525 0.021576792452107425 0.009874460894096817 0.006605837943621735 0.008737891595632574 0.008002118067395932 0.00876389035804305 0.008874886025220928 0.006327952761876916 0.009203998855419003 0.008750941795871383 0.008278630705710433 0.010846772143916493 0.010362643528676906 0.006465825617386167 0.013894817758245113 0.010057734029856146 0.010862522691597206 0.007058327094995949 0.009839131225635251 0.011214429310335087 0.010166934161476827 0.012047660648101331 0.007005063552802573 0.008876688535502372 0.013173537952027135 0.007686058109618158 0.005566414171074889 0.009102512257687491
-----
100
696152
0.1
-2.894282967778608 -2.8683892596286493 -2.414045271010725 -2.671606450816323 -0.7682010719637178 4.9220738344705275
-2.6557819666400464 -2.8109663400171203 -2.4407156549690145 -2.5310129506889534 -0.42692034414835095 4.236356188316846
-2.993297604331488 -2.8882601255448894 -2.542195395746595 -2.759101397977138 -2.575477200222368 4.149486589123003
-2.92620549598485 -2.7292336498958836 -2.4420423468030754 -2.7038181179328356 0.1517191107745608 4.637021913360064
-2.8506974490521637 -2.8051627441160782 -2.4097764271693327 -2.5529957445580833 -1.4249166604343413 4.898357128672332
-2.946463073165768 -2.6994294285687017 -2.5115652758561646 -2.5328487425250152 -0.908878778484814 4.829782972386287
-2.8256561093919847 -2.3051687089517596 -2.5049929661983192 -2.568500827881183 -2.583863863498512 4.958870178489771
-2.90627914046747 -2.6763715610352734 -2.3713210998340752 -2.920842504708528 -0.42196920947972155 4.180492896317277
-2.9091450875848217 -2.6502259468944365 -2.624274807137554 -2.6392733981870844 -0.6012566271063261 3.7136381900780675
-2.8938933406510494 -2.568844485597851 -2.5586340307149236 -2.455996372842248 -1.983284887206091 4.627184462037139
-2.840145462733371 -2.6117070777280462 -2.340198291897724 -2.9391019776765623 -0.7162071555593105 4.535155187884387
-2.936941933544045 -2.8322590698149015 -2.4900576946749746 -2.7277314966478228 -0.14381067550246307 4.365742194764703
-2.9932027522025098 -2.7521112216200128 -2.519719959852285 -2.821370709422066 -2.192819892143018 4.75823909141322
-2.939239225796416 -2.360399629947652 -2.6763788257351484 -2.6963567866959353 -0.7727949971210683 4.2437531093998135
-2.8719649136353618 -2.9972036505051647 -2.400727186191156 -2.9437116453721637 -1.9619480523771102 4.769234190902619
-2.68328570001268 -2.780825276190992 -2.3166779927094034 -2.8250823434024444 -0.8194710385220569 4.704750623694546
-2.857897714395163 -2.8836004961987656 -2.43170189795901 -2.9276487147698376 -1.4011601747934914 4.230662533264464
-2.9133536358591163 -2.783597758242129 -2.5806897231387143 -2.682647565865048 -1.3138824028528562 4.049930449498165
-2.9715125299123266 -2.543277023022421 -2.589489701927895 -2.875834705339707 -0.7740235649371331 4.776019406811444
-2.784407446903616 -2.648403757574405 -2.324406242690099 -2.945835039380366 0.0696422029194157 4.5534850060348955
-2.9810860919106705 -2.847347192895147 -2.7364160042384156 -2.3446227287106343 0.48902522948199645 4.212076732337035
-2.9393594293496803 -2.732131471178282 -2.5378846286683925 -2.920867252374809 -1.4956607515589035 3.9523554194045625
-2.9903430062961878 -2.3302867583263813 -2.639679187734082 -2.9237236796272876 -1.5565412699428656 4.155330296988934
-2.7946028548656114 -2.6987762491853395 -2.3842303731680468 -2.7538999273806644 -1.3818776927609162 4.659948517776562
-2.8743515082428117 -2.767622955354785 -2.4873557917456894 -2.4671055619827817 0.1250942553823322 4.892211985618348
-2.9379920237678756 -2.3470017328469734 -2.71057356059017 -2.7827446720361735 -0.23084897392868298 4.145701795958827
-2.909967381033417 -2.570165974297497 -2.54656096797466 -2.8394616131457373 -1.1387342613344857 4.463882925462804
-2.994881017274027 -2.818323455712817 -2.485158616917688 -2.895099797276166 0.07557399618224132 4.208912433654348
-2.9627607053332157 -2.7200944248826637 -2.4176897810459637 -2.8420145113333244 -1.910318460749484 4.433291682684069
-2.9118131933619757 -2.762967731924269 -2.531800143444907 -2.668020616291838 -2.585143530333842 4.3783126745394725
-2.9772346257295563 -2.81265234014113 -2.4380902458046636 -2.661632982949654 -1.1923897527075438 4.719704959989134
-2.964387189620017 -2.901003517611301 -2.3503195686941045 -2.9209475524583057 -0.9725098122716035 4.9704393827791415
-2.9034636171183195 -2.710006013986773 -2.5407083551099574 -2.7278975360785416 -1.643661987007891 4.0020444078726305
-2.8123744940722717 -2.5839419748469643 -2.3368815001118888 -2.9973154228097405 -0.5575699741715194 4.545137501757667
-2.914531210705366 -2.915979617531147 -2.422222654640907 -2.7983436949085694 -1.0974200731834522 4.209754413369658
-2.927664164499555 -2.87626901480966 -2.5843922722288304 -2.405716437994577 -1.4612837472303506 4.4621081282101045
-2.9667617948167786 -2.918231926854631 -2.5240176890641783 -2.409877314238415 -0.16440360308509794 4.841548399377019
-2.911439427299263 -2.5980165984716357 -2.5794477923430383 -2.6790439696819033 0.34821564477230793 4.399417457321065
-2.8539216817621504 -2.76460537550543 -2.4670369298895194 -2.460522429884187 -1.5759735359899942 4.686068516331981
-2.9221232188703166 -2.4881591693844447 -2.4981247757860703 -2.9378761339012835 -2.3087441329885428 4.402874343401276
-2.871110633566147 -2.8711163675412545 -2.5068808809557277 -2.6372121588186355 -0.36795637865264785 4.619967361500209
-2.886088995482467 -2.747212538518856 -2.4720782475776937 -2.919053502123518 -1.8658518957165395 4.002730679480747
-2.9135478316440504 -2.998562552648568 -2.4678292320072934 -2.7465133525511973 -0.012920444364246997 4.016458210951084
-2.818244552219713 -2.7201863139343607 -2.4434732237650247 -2.8450571806487246 -1.5492266239014425 4.639736123762059
-2.9953412544809805 -2.915849844828628 -2.479324868081669 -2.653857623739352 0.3767735791722826 4.866107722008047
-2.824592162051605 -2.659363438420333 -2.459688682587802 -2.550422552039514 -1.9702799024926332 4.032369000342134
-2.8616063878247244 -2.6128662905509272 -2.3133077157539352 -2.837819800809886 -1.8278450538951532 4.931431164783015
-2.9441472567495826 -2.846653632771155 -2.3597699219078647 -2.8073395034108057 -1.7150289116486765 4.308723403480084
-2.954712221518374 -2.4165478307040837 -2.6764672936332023 -2.739897722539255 -2.861964176297023 4.1478519415266755
-2.8727296088015986 -2.950172045747643 -2.4865443028328933 -2.3718141527857157 -2.9973625281389937 4.411082180822833
-2.8369438163922194 -2.5929780902285535 -2.5099614260195104 -2.8652056040261633 -0.8638809306541824 4.785522818704025
-2.860643313040657 -2.6612007384568677 -2.405410236419461 -2.8946899022873933 -0.8275575390243013 4.560031482276396
-2.945720544752775 -2.6728459412691272 -2.6726590039043367 -2.5749829903520136 0.1806615101515998 4.283044997413988
-2.9164337027305 -2.982074895758231 -2.3937091909184294 -2.820926612881089 -0.6612662490668164 4.046365277114596
-2.9129167992270384 -2.606952508305445 -2.5676040774493774 -2.7377600209931843 -2.2145661351571224 4.24324285736115
-2.8911480837731944 -2.571578658865885 -2.6017769546195253 -2.703904494507774 -2.3766926046462364 4.339603259680195
-2.853361808563991 -2.826753445883439 -2.506725209928195 -2.4997997666073397 -1.7173414867732675 4.959003526636551
-2.8048957237861503 -2.6725883461671094 -2.27373894323566 -2.938352711659504 -0.12440299439333247 4.736899085609348
-2.775403903236046 -2.874027744834302 -2.413310016508532 -2.4776135129019115 -2.7772647075436048 4.842872114475513
-2.7154061776515053 -2.9608705164332747 -2.3796848313343686 -2.581199321644654 -1.2067611591206124 4.686593716827695
-2.9878718078533915 -2.7583658734093865 -2.3985864987845056 -2.9513330491512217 -1.2037974799185394 4.753205298850309
-2.9219662447836234 -2.8847645223416594 -2.351750063513034 -2.6581725147428314 -2.7381772501157395 4.934552515194666
-2.8797032088445427 -2.8168377559949818 -2.3788222715597414 -2.8732866707155975 -2.1956827159662993 4.365511070305025
-2.867655620366364 -2.694476956047942 -2.3886999197788206 -2.697969493506203 -0.7581957648341675 4.843570531608269
-2.7997726034347354 -2.944075185589181 -2.4150299842049825 -2.453890388557831 -2.8201229610129235 4.91093635542126
-2.9245567697713546 -2.91785517198744 -2.6878030172508547 -2.758986788452732 -1.7699312216186793 3.02952417792528
-2.86850333181262 -2.82130298936866 -2.5427162289931124 -2.3538267354432802 -1.6349324071093485 4.9087302026571615
-2.9683100082128133 -2.607651391689139 -2.516219143619508 -2.7348613037449168 -1.1929490396157083 4.437829175129579
-2.9560221007379623 -2.386573405268527 -2.7332667068862007 -2.802407672353092 -2.660458496677984 3.3972184191446235
-2.846208417321331 -2.9889110949147524 -2.2423325551148308 -2.897151757791251 -2.1762417654827804 4.7110712155831775
-2.8340807977732805 -2.8134218548366468 -2.241746119997201 -2.81005970510126 -1.51285782363297 4.9472259315122145
-2.9502205716504 -2.6982689511658102 -2.5911522426846596 -2.9997252968335686 0.3293101893375282 3.94521015603479
-2.984351474540704 -2.6825399704626594 -2.593525781347688 -2.8287720186449548 -2.272013796265096 4.528616116936094
-2.953222748472147 -2.904544321478424 -2.4870813328763823 -2.5635357571293595 -0.4105696220464703 4.4082753760924485
-2.8771887219204473 -2.5274543642637917 -2.5217529609428087 -2.6844854291855036 -1.026823205100873 4.9745969851647125
-2.906041635391088 -2.4262122887492494 -2.6002502444109354 -2.537673246382719 -1.3536243239779193 4.706694022283012
-2.8520067799441984 -2.4186357972530033 -2.5497307016264457 -2.5915630615619123 -2.5005324178047106 4.73876987479968
-2.922668892315996 -2.8707330943650464 -2.46267010513312 -2.8180912038825325 -0.1871281600333011 3.704973812349271
-2.915848286341151 -2.9225404353464883 -2.621697045459602 -2.5225206686508583 -0.6121080246847727 4.40908495188251
-2.9257704473791013 -2.6886881992603335 -2.6221703565099252 -2.984283181927247 -2.003128771462735 3.557327851855561
-2.9931749006350525 -2.6492331689041024 -2.6325649382163716 -2.8964678547648104 -1.9660176083109047 4.410411276783743
-2.981323541948119 -2.6486827131290083 -2.702433125287686 -2.6020424424024644 -1.8295766204889956 3.9254990698121066
-2.9618428235716987 -2.9415038708246097 -2.6534120295291386 -2.487186343571085 -1.2181986048970161 3.5793268814276225
-2.9243138838836993 -2.5402535376918993 -2.605576041712184 -2.657578447256567 0.46069518994629344 3.596588031049727
-2.844598842592919 -2.7393049097532494 -2.5268744140383514 -2.4464869097854565 -1.4300435332803043 4.37448261754422
-2.9938771762438106 -2.4724279249314343 -2.560763978909181 -2.8664682698617385 -2.3278835751893046 4.719316237941301
-2.9775249689041425 -2.8493396336753736 -2.478905317972308 -2.8216025447316264 -2.696016275967209 4.892678738557625
-2.9547950206177513 -2.577421748624324 -2.5014400135390202 -2.7471156981682774 -1.545586186237099 4.679620693890258
-2.9566925659169243 -2.9016427577929056 -2.5511873544471335 -2.785383228411491 -2.7143336410434733 4.091065503434346
-2.988329208407261 -2.933183273301178 -2.4695514257367326 -2.8341109732120597 -1.3941870886531325 4.734849111041985
-2.822526128077605 -2.756195882285086 -2.3805940704271826 -2.559916273929178 -2.139025419746755 4.9384360852446365
-2.9652177645017646 -2.40153727160649 -2.544381593004638 -2.9180952046550774 -0.6978418098051317 4.2348710744579
-2.8819864535218707 -2.799497820741065 -2.433763867773977 -2.95207388985307 -1.0672582135440987 3.9782333422780165
-2.935060166667699 -2.9359563472959116 -2.37154507637147 -2.9405201069591715 -1.813621659418216 4.565502000464927
-2.9501581054000834 -2.887006111507638 -2.474894676860205 -2.7198825300028813 -0.6020918174510252 4.112490959167706
-2.8583072408286716 -2.9618244041535258 -2.4874328779020334 -2.949411596934311 -1.8243732713493603 3.1553685553963957
-2.978425393961677 -2.5752889894589908 -2.6208825708181487 -2.998141741171099 -1.8980330388189801 3.3359673917036057
-2.9303539473275544 -2.5582425358715537 -2.7243871393152967 -2.4469583248995646 0.20013207387458354 4.1751824439521315
-2.95162760483771 -2.81062776707948 -2.7397175846544 -2.32698822449829 -2.8095245319941102 4.49074854465064
-2.99887640590028 -2.4659044073455942 -2.7002463565134813 -2.9156673957653103 -0.959180886328342 4.728649762746158
0.06779661016949154 0.08813559322033898 0.08813559322033898 0.09830508474576269 0.08813559322033898 0.09152542372881356 0.09830508474576272 0.09830508474576272 0.09830508474576272 0.09152542372881362 0.0949152542372882 0.09491525423728814 0.0983050847457627 0.09491525423728812 0.08135593220338982 0.0745762711864407 0.07796610169491525 0.09491525423728814 0.09830508474576272 0.07457627118644061 0.08813559322033898 0.061016949152542355 0.09830508474576272 0.0847457627118644 0.09491525423728808 0.08474576271186439 0.07796610169491525 0.09152542372881356 0.09830508474576272 0.09491525423728814 0.08813559322033904 0.08813559322033898 0.09830508474576272 0.08474576271186451 0.09830508474576269 0.09491525423728808 0.08135593220338988 0.08813559322033901 0.08813559322033893 0.08474576271186451 0.09830508474576269 0.08813559322033904 0.09152542372881356 0.08813559322033897 0.08813559322033898 0.09491525423728808 0.08135593220338988 0.07796610169491527 0.0949152542372882 0.06779661016949154 0.09152542372881356 0.08474576271186442 0.09491525423728815 0.08474576271186451 0.09830508474576272 0.07457627118644072 0.09830508474576272 0.08135593220338977 0.0983050847457627 0.0983050847457627 0.09830508474576272 0.0847457627118644 0.09152542372881356 0.09152542372881356 0.08135593220338988 0.08813559322033898 0.09830508474576273 0.07796610169491525 0.09491525423728814 0.08135593220338988 0.0847457627118644 0.09491525423728814 0.09491525423728812 0.09830508474576272 0.09830508474576272 0.08813559322033893 0.09830508474576272 0.08813559322033904 0.09152542372881357 0.09152542372881355 0.08135593220338985 0.09830508474576272 0.09830508474576272 0.08474576271186451 0.08813559322033898 0.09830508474576266 0.09491525423728814 0.06440677966101696 0.09152542372881356 0.07796610169491526 0.09830508474576272 0.09152542372881362 0.07796610169491525 0.07118644067796609 0.08813559322033897 0.0745762711864407 0.09152542372881357 0.0949152542372882 0.08813559322033898 0.08813559322033898
0.009781384133106634 0.008041189007641857 0.010401123086057704 0.011463295390236142 0.00880390380925222 0.008755384810557 0.009277166600361377 0.00972412067952984 0.008418799524093582 0.007402218658042528 0.009220175377128714 0.010567595358954686 0.010349731766316327 0.008148613720895105 0.0124034822995152 0.00889440163001131 0.009299820698280658 0.007642113883858172 0.00984982228576569 0.01080226724262185 0.019009148104537868 0.00851414347961898 0.008153934115488756 0.008188154241751329 0.011905297408261828 0.010703176981899041 0.008054668560450876 0.012780494905324163 0.009264980479843239 0.009242982428302264 0.00908893734601992 0.011717196101060073 0.007353913002930504 0.009654702596245112 0.009079304297517682 0.008204463604010597 0.012190562650820264 0.01295962070880151 0.007891971679874713 0.009238637444163552 0.009826719226513328 0.008651421610866713 0.011855856156714735 0.008496188032086098 0.015359664360798856 0.006940971291069916 0.010378820473054903 0.009569062101354603 0.009210632129457117 0.01178701866228349 0.008801917919561478 0.008866060756027423 0.01295523483625665 0.010074381824414107 0.007744625709631012 0.007860510241163585 0.008967454097874195 0.010673932264354525 0.011863742914341814 0.008796714486807668 0.010482662167470297 0.01441680678254435 0.01027787045229053 0.008881085762866095 0.013121698721179955 0.009108993318072188 0.008810166763897865 0.007942647058083683 0.008415625035215368 0.014654378883302042 0.011218788022179484 0.016044536021859596 0.009447979154118998 0.009837075290121138 0.00849362819379118 0.00734953536699702 0.00835789105675076 0.011115855111598525 0.009762136744957316 0.008811104013180996 0.009050399751302863 0.0073284700708659434 0.008566477740654416 0.014656231744115336 0.007112836050316372 0.009787532754979036 0.013722792493496047 0.008179667535707442 0.010815760641586231 0.010504215004452115 0.00975808273920426 0.009112267491805671 0.009173729971680622 0.011473751727034479 0.009379476527970814 0.010500468668067205 0.008929593552125067 0.01300769606076855 0.010972025487144498 0.010294230872464727
