6
100 100 100
2345 48362 81897
0.8 0.4 0.1
-----
100
2345
0.8
2.5670406618953017 2.312267880363117 -2.7426951136923745 1.0624351295067473 -2.8920785633638366 1.794002407963985
0.7258056681610352 -2.243007830376179 -1.8661170373803828 -2.578670446347892 -2.6656014292847487 4.091494689623119
1.1783586235821621 -2.6768794075697513 -2.5171611217081606 -2.3775349338541933 -2.0309042159910553 1.6559253104880933
-0.27384070690574136 -0.4929291666967628 -2.295987050736191 -1.3451593909785728 -2.0666295708430207 4.109563716344517
2.1052600959812455 2.2636285022315192 -2.8710357584876824 1.5107157409613556 -0.8452093616830538 2.6242772709841713
1.764550464978738 0.6182227007501888 -2.4900134569801304 1.6003022875510258 -0.9957184038640086 3.699824526384883
-0.2063729395928009 -2.8537391895136643 -2.018642089873788 -2.2760099770991613 -2.548184688368876 4.978478872120714
2.994531902901058 -0.9517285254021841 -2.111831737450443 0.9963910000477814 -1.6247728460781605 2.88495764206521
1.69942709586857 -1.2877185206681232 -2.5770258294218893 1.3332352638465323 -1.8395091401400774 2.616660370565118
2.942471163601879 -0.02405667509639864 -2.269358595225273 -0.6384762224510645 -1.927964076480704 4.218331671521895
-1.5573446649763278 -1.8816397007661325 -2.893313354315198 -1.2375995747863406 -2.7278962350891542 1.556145758927
1.785006907749425 0.677749560670303 -2.1082185772757533 -2.8262737706414227 -2.176567779960913 4.060714791259401
2.275548604671383 -2.5064545157191254 -2.0316972903565738 0.40489559567831 -2.539787749203646 4.309389452076905
1.0082941591809593 -0.6385999591659748 -2.3327060734837994 -1.315639562296254 -1.7621687599494336 4.103288552443082
-0.0913732262599316 -0.8737392345148121 -2.1118391332769315 -1.6181579130702004 0.14156549021080167 4.688466011745952
1.0456884662183983 1.2469467705836452 -2.699149673581999 1.5901224687385174 -1.3205166490213176 4.5863168885562775
-2.161232010551358 -1.8187149825439377 -2.1913980528120782 -2.8870102907461117 -1.4249507887675532 3.570392518785359
2.5302970398118187 2.0222940913572627 -2.160511036144421 -1.6940265765434872 0.22773430350367185 4.601609904284229
-0.7170858318895967 -1.6273260499724311 -2.9260059085226686 -1.0875215846832962 -2.083114107703647 1.6182218533705217
0.33828704559085 -2.9621104177684434 -2.4836511884317503 0.46154189304085014 -2.0371668065481154 3.6332404519821724
2.5153707344902285 -2.9846292377059926 -2.3065074795083205 -0.08786986410942399 -2.947306715288254 1.6870085966203974
1.8485839417526932 1.5322014091697422 -2.5518717356917615 -2.356064624739801 -0.5563428231360077 4.0531157230914445
0.03814086220031454 -1.2843688053321922 -2.5209440082881325 -2.558534677383722 -0.933106825252251 1.9145448501210827
2.0313908342277553 -2.42330979827369 -2.4226765164240525 -2.0852949588262284 -0.7661615251538745 3.6087835140688327
0.2785104704205872 0.848850428175238 -2.844551518928441 -1.7754856699993016 -0.8546285651292957 2.2495867805668155
2.622627416873783 -0.941003185227081 -2.5177838165717024 1.744868405550653 -0.16341201991985077 3.4692901384111985
2.9759505329022113 1.8630017503582037 -2.2788128749593075 2.217508031434164 -0.058962321142146834 2.0200904171426792
1.6064173598213216 -2.9100578884375174 -2.8924390614476576 2.2139716490282444 -1.7959043572561355 4.4598234862158845
2.821406330791235 1.8517861371409925 -2.478932256314399 -1.3260702158595672 -1.632434854048547 3.4700995127977965
2.439713249126841 1.7464330862615567 -1.9222661438272381 -1.693683752313174 -0.25456590260271916 3.793606451649839
1.5754483590426913 -0.6877166699279189 -2.6201147019183986 -2.0160255570377252 -2.7808373090125773 1.3598930142835386
2.9331395029456253 -0.02202282097805952 -2.48283864590901 -0.6343050380210218 -1.5197158654937994 3.015584444918046
-0.10182566663859793 -1.1432501408181195 -2.6353662364949124 -0.474292148258606 -0.8271641955316236 1.299559243652264
-0.9295908159409789 -2.5480991464111016 -1.7773854641867217 -2.98109825939852 -1.5714425399056533 4.436766217131375
0.8724957561253555 -0.8368591684021736 -1.9397662105270799 -1.1049258999438818 -2.1954373052119243 4.173053932212877
2.022708673483759 -2.4611692049582814 -2.1983197247632917 0.23598373663789163 -1.2905549462161057 3.716827768050729
0.48568684270273144 -2.4660444673938806 -2.9072814752947918 0.6979766150448761 -2.3231727314460575 2.3810820707352107
2.039797211099435 2.359522167000147 -2.3113584063177934 0.2609780714005736 -2.7491846112574727 4.153303606881397
-0.12796847336734007 -0.5888238229105367 -2.0734261784847274 -1.4216383478673955 -1.5684520119920164 4.924813723732013
0.33862159669949676 -2.179408461406815 -1.8762362845271694 -2.685145374569168 -2.899306268694166 3.8121622156576587
2.7951818649595 -0.961119002040348 -2.0727569790855833 -2.355762197529657 0.19754277567603218 3.6389899384898183
1.7642648180821778 -0.41113008666630835 -2.3143830139453847 -2.033948456572407 0.268468043393816 1.4602890590774031
2.3745817377728766 -2.3565311329086733 -2.259813451211217 -2.271936584041629 -1.7264441433136093 3.9183736168290517
1.5829798241411606 -2.308065422200929 -2.3884642415503268 0.8497626952202824 -1.5785062019744676 2.539203114987502
-1.5849794523476297 -1.4628681577336198 -2.250186392842109 -2.475907000266526 -0.538292942206267 3.594495675361208
2.5005928426296844 -2.6755598544381742 -2.0137823513193758 -1.4808079563703034 -1.6329348065589646 4.715590044952643
2.9564156441569693 -0.8808467822540216 -2.8218460553009246 -0.5559723339707818 -2.0998496549829833 1.0549219634547458
2.0948145107553957 0.9161166178869156 -2.8618974710142497 2.477667343209756 -1.4296596422277097 2.5435560506473607
0.0037458106900589705 -1.0063458014154554 -2.71590861063314 -2.2244706684420197 -0.26156744639155827 1.116004120613584
0.8081357948700183 0.25766158802139705 -2.53354451116343 -2.455131140626971 0.43404923100877557 3.490874720346009
2.4285406779627445 2.431117211919739 -2.766037150883679 1.690721275481156 -1.397717021301084 1.3189892005326964
2.6546897750945977 -2.0477934196588317 -1.9874346770377822 -2.247607440686955 -2.0310534287410236 3.680879010925049
2.875414351400055 -2.4888384427742016 -1.9298368256856402 -2.5571992521779565 -0.7448288925542084 3.8138998149418546
1.9575370957332332 1.9203158256787525 -2.441297292832006 -2.9943930307412425 -0.993305148039334 2.279447793336571
0.910934696460838 -2.129108712103402 -2.4854493890783758 0.6923207636754993 -1.3850940323798957 3.456004661467109
1.5716911246709966 -1.44372040091538 -2.9169484511484005 1.9322852297958626 -0.14359438106269673 2.6926128678022208
2.656780708900179 -0.7076740654372093 -1.8956233675590255 -0.7057347191846488 -0.4775034248358647 4.861566960479438
1.80440981603566 -2.6825506936351347 -1.926091170106436 0.5598705393691654 -1.3899854249011918 4.223094861704251
2.7997995163209914 -1.1117992525023843 -2.436108883033914 -0.04078141621283704 -2.1579613936902042 3.004370480369446
0.6797520232410128 -0.6945021787441026 -2.8813521245700526 -0.672683843252841 -0.9288257049597344 0.8181300731850505
2.1781844179296366 -1.0122803664186018 -1.871041623129381 -0.021318245234713373 -2.471126809448228 3.5499449954031115
1.7765251599290677 -1.4480980850474086 -2.7804521562646927 -1.3479600207700382 -0.15577135826005106 0.6520871320515997
0.15494188086013683 -1.4340598877990525 -2.018308955929419 -1.1456064818330187 -2.246108587937823 4.1267967152949225
-0.542362599220219 -0.029964727443060113 -2.683107301765492 -2.0907543051982778 0.42021726822062044 3.8107834436911547
0.24610915948031575 -2.4223516137504966 -2.2676282992825634 -0.254462024188721 -2.2860589311209325 2.5495308167327546
-0.46117669660479566 -1.230081406064146 -2.1832873162698165 -2.8667750063626936 0.24081007582961034 4.659693714158912
2.69882672829425 -2.7470933267567013 -2.100925184947125 -1.2669294278584764 -0.18336101457712584 3.882852909063387
-1.5222989412429015 -1.8658486139783612 -2.7407616516093842 -0.8113665508058867 0.10198885327950036 2.77237038024166
0.9614999421955694 -0.3872236778934699 -2.4730462397238333 1.1005014200351049 -0.4760288123670282 4.695732415461414
2.8747442947411948 2.499090454665531 -2.291326439196155 2.357254756404303 -1.7596123204600744 4.412388252902862
1.4468497079653293 -2.280115762932787 -2.641014924583619 -0.6204377236622323 -0.7290051574172653 1.9177655992501241
2.5704127505913856 1.475520353339732 -2.1031978421730777 -1.8014667794089907 -2.687161232174658 3.8737507253203773
0.23324463114685257 0.6904497447506106 -2.779790706510088 -0.6545596526686892 -0.43113716114942324 3.3580334457690384
2.481095384110996 2.317055531250773 -2.556024987510507 -0.3140847880831612 -2.613660099913975 2.368186315632056
-0.12531593905450844 -0.12203901058972244 -2.880783897008598 -0.10685909577903718 -2.3752123524885516 2.8507792915920493
2.6944473073668203 2.485661302467463 -2.454014603120533 1.9056632904000148 -1.492416455682901 4.484539281404253
2.742385733279474 1.609535066437192 -2.5554546075729805 -0.24709984277430763 0.1982519913222367 1.5805583463675388
0.23582292893028045 -0.8197225750274191 -2.844646359204627 0.5188084736712875 -1.4463376990080934 3.6857642292638806
0.11551195395560931 -2.9994304816006943 -2.9525799429421027 0.2148602082117459 -0.05444770982034308 0.8570752893483247
1.7892649372845248 0.6550295003626205 -2.242551601001412 -2.2145581786761293 -2.3178653133793903 4.5381881040871725
-0.17695716747516554 -0.17247491956693395 -2.887992321343916 -2.8021170756668283 -0.8951009669156842 2.2606235593752633
0.27079957209674 -2.824404450754275 -2.0440807883099565 -2.5662534908278762 -0.3721185485378897 3.371575353188442
1.5614659452404016 -0.43195850332544383 -2.4015645303683755 1.8760367341469655 -1.7735242152250565 3.5876965513766255
2.463975988367567 -2.110419385322701 -2.3235954812932444 0.7330446937552506 -2.9729221398947914 3.363275208748344
-1.2960792216033559 -2.36470212125691 -2.6578155376146166 -1.311064553673245 -1.2570326740378797 2.9715422588198406
2.0848580988873415 1.9804933959237694 -2.5532292268750174 2.235204023888171 -2.5630139051501555 4.145278425208034
1.6758193269134 1.8001308564824168 -2.9309957182918143 1.4770278266378192 -1.3678825876652827 2.0068985012775675
0.5280449547843888 -2.3734305967567333 -2.852027258929963 0.2587238494446247 -1.068935827912507 1.2296666912983611
1.1849481952244147 0.12140886784471716 -2.1956742426091624 -0.32000362613167566 0.3636307870664659 2.77412013757575
0.5701055555239787 -2.6317499409832714 -2.354184235900379 0.7721980264323749 -1.4044029607756074 3.168884099669045
2.4413338744119004 0.23168587227921256 -2.737049682461715 -0.4169112572580671 0.058959184359441696 1.0779803416064437
-0.6961911868760593 -1.7085381636139907 -2.4685436234787645 -2.090064427814244 -1.193781855168333 3.536579026093074
-2.5106496954875843 -1.6670510343774656 -2.96548530678233 -1.8173266146284148 -2.9232917929940045 4.128144637053193
1.564505739975525 0.7745375809564381 -2.3691217776344873 -0.7232115916740876 0.3072276309788742 1.6102614116055136
0.7384393543533374 1.5368420513782555 -2.579921332263889 0.6146946771482962 -0.8836440917869108 4.98864310086959
2.191231471582112 -2.9928016004498748 -2.244495078360372 -0.10721115403002113 -2.093021399132363 2.077300100488011
1.7927965913358408 2.7571490208284466 -2.994278593669773 1.9919209266557232 -0.778361807108352 4.1749741543497985
0.9468652645789781 -0.4944722572433289 -2.3744832524451187 -1.69950901630413 -1.4862876697983052 3.3982377001076114
2.8357968247080674 -0.34929309319299584 -2.551809028799371 -2.6259985430975705 -2.275384823124786 1.0689441257268029
2.4921432716153262 0.8022294017304166 -2.2074093318263057 -0.9064068686131557 -2.0533608360962625 2.3342160201905227
0.5220338983050847 0.7254237288135594 0.4576271186440678 0.4576271186440678 0.6338983050847458 0.5559322033898305 0.44067796610169496 0.6576271186440679 0.5830508474576271 0.6474576271186441 0.6440677966101696 0.47457627118644075 0.5050847457627119 0.6949152542372882 0.4576271186440678 0.6237288135593221 0.7593220338983051 0.4474576271186441 0.7423728813559322 0.48813559322033906 0.7016949152542373 0.7796610169491526 0.5050847457627119 0.7694915254237289 0.7084745762711864 0.7796610169491526 0.7627118644067796 0.6000000000000001 0.7694915254237288 0.7796610169491526 0.488135593220339 0.7694915254237288 0.6677966101694917 0.7796610169491526 0.6711864406779662 0.4542372881355932 0.6237288135593221 0.7830508474576271 0.5288135593220339 0.7491525423728814 0.5288135593220339 0.7593220338983051 0.5728813559322034 0.4677966101694915 0.688135593220339 0.46440677966101696 0.6169491525423729 0.4847457627118644 0.4813559322033899 0.7661016949152543 0.7220338983050848 0.664406779661017 0.7050847457627119 0.7152542372881356 0.5322033898305085 0.5661016949152542 0.5796610169491525 0.6915254237288135 0.6847457627118645 0.4847457627118644 0.7864406779661017 0.6576271186440679 0.5593220338983051 0.5186440677966102 0.6711864406779662 0.4745762711864407 0.4847457627118644 0.7728813559322034 0.45084745762711864 0.5050847457627119 0.7050847457627119 0.5084745762711864 0.4610169491525423 0.4915254237288136 0.5796610169491526 0.6271186440677966 0.4847457627118644 0.6915254237288136 0.7152542372881356 0.5966101694915255 0.7084745762711865 0.6203389830508474 0.7389830508474577 0.5661016949152543 0.4542372881355933 0.5152542372881356 0.4542372881355932 0.49491525423728816 0.5864406779661017 0.7694915254237288 0.4983050847457627 0.7423728813559322 0.5593220338983051 0.7118644067796611 0.7932203389830509 0.664406779661017 0.7152542372881356 0.6338983050847458 0.6610169491525424 0.6542372881355933
0.010000000000000004 0.010000000000000004 0.010000000000000004 0.010000000000000004 0.010000000000000004 0.010000000000000004 0.010000000000000004 0.010000000000000004 0.010000000000000004 0.010000000000000004 0.010000000000000004 0.010000000000000004 0.010000000000000004 0.010000000000000004 0.010000000000000004 0.010000000000000004 0.010000000000000004 0.010000000000000004 0.010000000000000004 0.010000000000000004 0.010000000000000004 0.010000000000000004 0.010000000000000004 0.010000000000000004 0.010000000000000004 0.010000000000000004 0.010000000000000004 0.010000000000000004 0.010000000000000004 0.010000000000000004 0.010000000000000004 0.010000000000000004 0.010000000000000004 0.010000000000000004 0.010000000000000004 0.010000000000000004 0.010000000000000004 0.010000000000000004 0.010000000000000004 0.010000000000000004 0.010000000000000004 0.010000000000000004 0.010000000000000004 0.010000000000000004 0.010000000000000004 0.010000000000000004 0.010000000000000004 0.010000000000000004 0.010000000000000004 0.010000000000000004 0.010000000000000004 0.010000000000000004 0.010000000000000004 0.010000000000000004 0.010000000000000004 0.010000000000000004 0.010000000000000004 0.010000000000000004 0.010000000000000004 0.010000000000000004 0.010000000000000004 0.010000000000000004 0.010000000000000004 0.010000000000000004 0.010000000000000004 0.010000000000000004 0.010000000000000004 0.010000000000000004 0.010000000000000004 0.010000000000000004 0.010000000000000004 0.010000000000000004 0.010000000000000004 0.010000000000000004 0.010000000000000004 0.010000000000000004 0.010000000000000004 0.010000000000000004 0.010000000000000004 0.010000000000000004 0.010000000000000004 0.010000000000000004 0.010000000000000004 0.010000000000000004 0.010000000000000004 0.010000000000000004 0.010000000000000004 0.010000000000000004 0.010000000000000004 0.010000000000000004 0.010000000000000004 0.010000000000000004 0.010000000000000004 0.010000000000000004 0.010000000000000004 0.010000000000000004 0.010000000000000004 0.010000000000000004 0.010000000000000004 0.010000000000000004
-----
100
48362
0.4
-1.2731433546661282 -0.9171236783021965 -2.8056717434929235 -2.20461847466167 -1.6160281573471245 2.9984624452128674
-1.6323133204504643 -2.282770681754901 -2.433549356749008 -1.876855826057717 -0.9869552365883989 3.6992754284588694
-1.4522221338875407 -1.9881674403045388 -2.5738102900750457 -1.7158736657864773 -2.5150590998153968 2.566553662603203
-2.5537773642029302 -2.693180816188604 -2.963640836193648 -1.5356588588723863 -1.725933157384276 4.833473489011897
-1.059825722371505 -2.5675618590626277 -2.464110980500777 -0.8277218515689166 -0.2546934957308619 4.8174351338981545
-1.5200020377557544 -2.0756151304261494 -2.3948239998412806 -2.6414025751870143 -2.3071697889853775 3.473303025234764
-1.762181066602081 -2.977368018722272 -2.272526340727069 -2.370098753520622 -0.3162054065240544 4.0015469184521875
-1.2695890439352366 -2.68950733731949 -2.154394368138841 -1.877753719914942 -1.0571270782069233 4.847024131752234
-1.808018458254049 -2.3852911224370557 -2.3556967877360537 -2.151888528157271 0.04813300511488405 3.418593150589277
-2.1160249414071286 -1.979793896955895 -2.489580573573176 -2.7234590555899763 -1.5379826416500886 4.775260613236052
-2.0329730730894493 -1.465583052210824 -2.8090809788715703 -1.923654760381199 -1.9232287427215122 3.997099333837088
-1.6511363885350943 -1.6183552815964146 -2.594173412702449 -1.675652062343336 0.15309017615237214 4.316370698270876
-1.936767312137879 -2.027143496263723 -2.9888266468100624 -1.5408030839472493 -2.6860704609640518 2.422397131654545
-1.18894805203578 -1.8400650582518834 -2.2282112007014843 -2.0653828838713424 -1.3732867504516546 4.208450463525393
-1.1956500982633358 -1.9122997370950516 -2.341022737928517 -2.1001143814583 -2.4491304099077555 3.4608195383695524
-1.2799568804863002 -1.3477220944990913 -2.5463249972907 -2.307783554553029 -1.625076050003605 2.8457618134202365
-1.129191354462844 -0.858050297794277 -2.697807020414381 -2.429923679555307 -1.360489758838358 3.1688356835030422
-2.102801504610161 -2.2944672569028377 -2.681089461367556 -2.7844578053075084 -0.6004455394741046 3.0264341229983254
-2.141408919836118 -1.4459288946949191 -2.8001916130971383 -2.4945277633766385 0.4112736014233651 4.224571741496474
-2.4652500409949587 -2.251030212413206 -2.9122566053054917 -2.2038062535005456 -1.2033670976375856 4.164806936716771
-1.6364104966980533 -1.8249513454709796 -2.452698477522009 -1.785275593824085 0.18332032741958487 4.504103461824178
-2.4250304174825668 -2.5631332072784656 -2.426605717036517 -2.6305771788806758 -1.946141252495046 3.017541221455657
-1.1195903892907026 -2.97451781528773 -2.728063162141357 -0.5632206255640736 -2.8413950164102317 4.564698263740613
-2.4849982955623857 -2.4842747458256165 -2.9481830274587106 -2.6613157133778333 -2.751482555185524 1.6335307351987023
-1.4313008117196375 -2.957968764306666 -2.359258412280948 -1.747410590589274 -1.4006851192127499 4.070541076670776
-1.3300668804378282 -2.10042027061888 -2.2807733219778603 -2.424298069053518 -1.9476473157881997 3.569990409841304
-1.1097031651589675 -0.7885282390925712 -2.5981216561944844 -2.7388045560823415 -0.7066971837387224 4.533277596237655
-2.9264937345303648 -2.9553729725104665 -2.9173149991401983 -2.507354311282369 -1.4004802573203883 4.094020511687366
-1.3852072128346575 -2.384364770138421 -2.1874843892134033 -2.3992835957256773 -1.3251380585956762 4.586264260386302
-0.9468724829407099 -1.7073276041874874 -2.170639046650498 -2.136917897420774 -2.6087873469119183 4.424883827902837
-1.5855090587676464 -1.1630799790437287 -2.7469789572355356 -1.8747506952011181 -2.437232761923688 3.492904949987264
-1.4443971848206278 -2.8520709537992586 -2.34466642778437 -2.0047855937406225 -0.884466466135525 3.4102186558603282
-1.7066711611042198 -2.3735018314280487 -2.528644157027787 -1.8102930523278442 0.4276743889625285 3.353193273794016
-0.7790601253624561 -1.737141546132069 -2.3458420563228124 -0.9894637858785083 -0.8888399290724585 4.3163121845257235
-1.3293977152156438 -0.8794201294823765 -2.7736836413175423 -1.8088749735897047 -1.844154950206853 3.8425955835881482
-2.3520911131153674 -2.554192120641959 -2.882269438980397 -1.900827710384886 -0.6768888558566133 3.484648793566646
-0.29820909318837874 -2.6301272008953376 -2.431131507306432 -0.1105622684699592 -1.167269235635568 4.993634724164621
-1.4008772396833744 -1.5399320996518269 -2.465677674397086 -2.9613168861377517 -2.3669687823126995 3.409610494302391
-1.3358392085136683 -2.710564908725413 -2.584640139697629 -1.1338863440536162 -2.1224487481197283 4.05764282497655
-1.5533478861884262 -1.8486954284586425 -2.365212192482009 -2.8051949746598654 -2.0085298878456337 4.070864147764944
-2.0815527660460402 -2.248243366116842 -2.5035899460165507 -2.59394847538984 -0.529249239820673 4.4670471622148185
-2.4069363886634783 -2.518710851903741 -2.858635139311138 -2.19618408522411 -1.9808545887850266 4.449353762352563
-2.3156385099554493 -2.8304427379622172 -2.856953587632679 -1.8239665259010247 -2.8101272356218017 2.7147355737055516
-1.9451495032910158 -2.2161364925670175 -2.5271149795944012 -2.482765430796729 -1.6663966082558637 2.774206796314867
-2.458179228287902 -2.891585449081084 -2.7283442640177387 -1.70006810096167 -0.628290179976694 4.813073542764264
-1.7812821241805494 -2.8198758264070793 -2.6231658198734027 -1.865618673687956 0.3302894304431796 3.4489405392163537
-1.6090435021636955 -2.9427146077809843 -2.601317996708709 -1.8469012526494129 -2.6046555620759797 2.3914713239385024
-2.0697518723709716 -2.7701970062584462 -2.5811560157995155 -2.0575381386040625 -0.3669307590190706 3.94269999193874
-1.2246129444452496 -1.779068288549968 -2.2571347480103547 -1.8916302716549944 -2.5672958072294416 4.403971686473525
-1.2074274507256777 -1.1851717884989668 -2.426441691321244 -2.526557112912956 -2.3383016025788526 4.209099070149474
-2.6257525011281615 -1.8613920483988031 -2.7899548524889175 -2.653361868735625 -2.208319183565078 4.8126212038801945
-2.097512201519843 -2.6736281394823296 -2.6155244768333463 -2.2945986844623105 0.2571923675056177 2.971285780470801
-2.1637218042589765 -1.79321281117804 -2.628723486161788 -1.896080928959466 0.3872061238349531 4.503142198398313
-2.5937388824726675 -2.1615761571740797 -2.6188344961683363 -2.364228404557906 -1.161639524113241 4.321023670106646
-2.9497531759573636 -2.6412490623705294 -2.6518700872349554 -2.6638876265514777 -0.11277890416933145 4.9327623385798605
-1.392098276942512 -1.338967035167381 -2.9285334161159877 -1.1695398849988694 -2.2519687005014983 2.4968739233677804
-0.9759052551495078 -2.6301841859309194 -2.2790191397187054 -1.205260457160907 -2.659938524030529 4.34436042600749
-0.8472101210365219 -0.736574349366647 -2.4580459982593457 -1.6523204272048706 -1.2550253469051598 4.72868801058242
-2.0196530085136195 -2.011838754061799 -2.694514912447006 -1.9267838846022685 -1.431216684209509 4.201060924286347
-1.7606106893542726 -2.2315509411906476 -2.379443504478505 -1.958522729270707 -1.3593901323050415 3.824465699036481
-2.288311069618615 -2.7559529542598495 -2.626062256683186 -2.244851234850124 -1.650875958302196 4.328621306312199
-0.9772327720193359 -0.8169312939956381 -2.6527146583115275 -1.0657241925015526 -1.8229156097424073 3.8348944509274707
-1.5732976136741805 -1.6257071469104485 -2.6204992837017267 -1.8150151927613718 -1.9417463711260758 3.2710419743841497
-1.9495080310677961 -2.196967807837641 -2.860143926875487 -1.3780840075115537 -1.700689782791688 3.7454899923049534
-2.67863288338065 -2.7852821316778194 -2.3942762417506347 -2.798082771114391 -0.3812233581697925 4.42777176393777
-1.582390814170255 -2.2114416661193195 -2.6034077060581082 -1.3582163756426726 -0.17909158140976927 3.4545677260234022
-1.8376979563501714 -2.8282284310691415 -2.2878672477802224 -1.8218439722481723 0.07017714118798057 4.52671817325583
-0.6795534335303988 -0.8611170049596091 -2.9446867657274547 0.017410768364085505 0.02922217455490883 4.02571487899015
-1.8259623145316781 -2.6143758629846614 -2.619053336808116 -1.5142289085492935 -1.9175582451189788 4.056833763329584
-1.6747855523330046 -1.857359508200348 -2.1983726010104427 -2.5394922125577675 -2.7996028974946774 4.9514953248002485
-2.077818652831205 -1.5944624505224687 -2.9694951695253806 -2.1181374270890827 -0.8753882497196361 2.8556693650406704
-1.275375827609698 -1.0220521461827836 -2.8941788131280415 -2.1551505214340514 -0.8654449739172398 2.037505167628981
-2.9606032043294053 -2.722972156751322 -2.8087508453974213 -2.5400541396062994 -0.4473901780581073 3.077350425319597
-1.8087373835753702 -1.958183760236827 -2.4380650791880187 -2.3574574532901056 -2.8765036473876653 4.693051794749131
-2.31029090860063 -1.8533299614641834 -2.8348741545703566 -2.3477551782537875 -1.0616389017019372 3.7041128068801217
-1.899032352348554 -2.173309586081438 -2.589525908563871 -2.478158283501995 -1.3132599367477436 2.872086724150738
-1.5110638568075396 -2.4239590911672044 -2.1455923732709263 -2.411614862990435 -1.1258502117466898 4.528132397321881
-2.481597711098476 -2.9141701874166612 -2.7249062529514365 -2.6338397060389274 -0.9571309668182078 1.7836324449976046
-0.992276707151128 -2.5075256513591477 -2.460291631802296 -0.7888520570916695 -2.4774408765363973 4.763138270428389
-1.8823771909323244 -2.5726869351055734 -2.4785076557994414 -2.8442651024633507 -0.7060623600048973 2.92633441493763
-1.9603039650556457 -2.5285499821077337 -2.756268401472995 -1.739412604705211 -2.5950037182121233 3.0162668487989532
-1.9730990741198933 -2.7420356633277763 -2.847296532415319 -1.4357414478982369 -0.9659661358873266 4.340772029039304
-2.331580576051637 -2.9235325337962044 -2.887548596980182 -1.78438912648189 -2.4338940411157433 4.732285813259772
-1.7733970051266272 -1.5028598264928854 -2.9440865938926404 -1.9710394028928793 -2.1831296905010573 2.3867810034845296
-1.840870463017798 -2.020473744887991 -2.2681657285070678 -2.2641750967789216 0.35449571224903964 4.408971547798482
-1.5279091040616344 -2.2414486483290093 -2.560802171997411 -2.0162344666556704 -0.6482776333867912 2.535340143618841
-2.809754961663604 -2.9521998185214526 -2.87958671590369 -2.8245628946573795 0.008588411587983513 3.347494916687266
-1.6063815460847684 -1.556573639667238 -2.7663038683705667 -2.062556500807608 -1.8380286774142138 2.6282018384863886
-2.2281240773696958 -1.6474005320737404 -2.6090094821185548 -2.637922396786923 -0.3174913716020499 4.886669510448472
-1.847525715688958 -2.1050111279825794 -2.6271497991146155 -2.071090959895038 -2.987656386729805 2.905724945315927
-2.6618396125284662 -2.972419216141761 -2.530716727401879 -2.885159810551719 -1.585543462212212 2.9888960394116735
0.9282198808094129 -2.648392719452239 -2.7447938493160766 1.5516864256064422 -1.4522574237674206 4.973675714996093
-2.0229355099855315 -2.3245318638458685 -2.8012940220045675 -2.8422422769430074 0.3764338114019432 1.5389983473069804
-1.6208800189834238 -2.0363034478933497 -2.2903045331349636 -2.86037558046512 -2.3121885961280144 4.583392569841737
-2.2112329636982606 -2.6042698651530602 -2.4478643014602817 -2.785271185958382 -2.4593079916294047 3.723186418642037
-0.5991657702873497 -0.6373871667215496 -2.4591619521986723 -0.7114616319119103 -0.9957939508475431 4.921761764359912
-1.2990190298948245 -2.3477417668510245 -2.6968273973208112 -0.8247268358267429 -0.4911309673030697 4.623360970595532
-1.301825105947862 -1.0215177125995276 -2.891781857874126 -2.513658914423393 -1.788160261287848 2.142163272802173
-2.3777762616687528 -2.7418374134667465 -2.2790088023837956 -2.2918798525801773 -1.0552561154702775 4.7271264601283915
-1.7494200745938824 -2.3041375444883303 -2.503648088717746 -1.5128623031737025 -2.440225968653418 4.52167628864049
0.38983050847457623 0.28474576271186436 0.33898305084745767 0.3593220338983051 0.3830508474576271 0.39661016949152544 0.29491525423728815 0.3627118644067796 0.39322033898305087 0.18305084745762712 0.3627118644067797 0.34915254237288135 0.3016949152542373 0.37627118644067803 0.37966101694915255 0.36949152542372876 0.38305084745762713 0.37966101694915255 0.3525423728813559 0.3491525423728814 0.2745762711864407 0.36610169491525424 0.3593220338983051 0.23389830508474574 0.3966101694915254 0.3728813559322034 0.39322033898305087 0.10508474576271187 0.376271186440678 0.38983050847457623 0.37627118644067803 0.3762711864406779 0.2983050847457628 0.37966101694915255 0.3593220338983051 0.2677966101694915 0.3932203389830508 0.3152542372881356 0.3728813559322034 0.3728813559322034 0.30847457627118646 0.3016949152542373 0.335593220338983 0.29491525423728815 0.3864406779661016 0.39661016949152544 0.3694915254237288 0.34576271186440677 0.34237288135593213 0.3627118644067797 0.33220338983050857 0.2576271186440678 0.3830508474576272 0.3118644067796611 0.16949152542372883 0.37966101694915255 0.39322033898305087 0.3932203389830508 0.23050847457627122 0.3254237288135594 0.3016949152542373 0.37966101694915255 0.36271186440677966 0.2745762711864407 0.22711864406779664 0.3864406779661017 0.38983050847457634 0.3966101694915254 0.2610169491525425 0.3728813559322034 0.24406779661016942 0.38644067796610165 0.30847457627118646 0.3254237288135593 0.24406779661016953 0.3322033898305085 0.3593220338983051 0.3254237288135593 0.3593220338983051 0.37966101694915255 0.28135593220338984 0.29152542372881357 0.34576271186440677 0.35593220338983056 0.39322033898305087 0.39322033898305087 0.39661016949152544 0.36271186440677966 0.3694915254237289 0.29830508474576267 0.1796610169491526 0.38983050847457623 0.36610169491525424 0.36610169491525424 0.23728813559322035 0.36610169491525424 0.3525423728813559 0.3525423728813559 0.3830508474576272 0.34576271186440677
0.00617384000580594 0.006290797454400789 0.006975889624359965 0.018265398093202954 0.008644359495645355 0.00715393104984509 0.009351334288232054 0.007340228090071564 0.009068588788366498 0.010417887448576645 0.0088579880871599 0.009524859552755286 0.010484941253265599 0.005369572147360031 0.00606188371331846 0.0054799283302805766 0.005616952467173152 0.009924197190745875 0.016732795195776317 0.013857039841659778 0.00964897631044559 0.01046464247145605 0.01097090596120479 0.018731232641717853 0.006584880224285101 0.0059281305580952464 0.007325115458069591 0.01922755958555202 0.0067817752567595115 0.006357165565337199 0.007417071231804579 0.006507637061252793 0.010257888230032068 0.004854209874464928 0.0065552465638386605 0.012422270079159668 0.00633607088423701 0.007430034085276631 0.006860066876026036 0.007083617856188632 0.01047810288678613 0.013375736704923782 0.012461355311944967 0.007725941032335955 0.017679468567493296 0.011637008956435081 0.009068354881115109 0.010421611872965059 0.006764720821470339 0.006709013554246113 0.015704948951884783 0.012724558808822731 0.01487466800971059 0.011864669221327735 0.027361347033592213 0.007074488868374976 0.006793058516623896 0.005505523754168193 0.008631769742156079 0.006518917722178216 0.010903166084946467 0.005104611797005169 0.006066643181719552 0.008581426265752914 0.01571554800496047 0.007435730603173486 0.011724111439383032 0.008911804745704296 0.007947927651384195 0.010816174425721267 0.010143002529867995 0.006991805952139515 0.018514930401470907 0.011121255818277245 0.010638327045277458 0.0074436536382874305 0.007237001866957189 0.0148745068022471 0.007578423772508557 0.00870583472841781 0.009156882615438127 0.011916816811701285 0.015676835117813356 0.008646850079986505 0.011392292248890686 0.006622056045140187 0.025098570315854427 0.0067015873494704475 0.014105362697833785 0.009929067343903862 0.012934118719579493 0.007614836151553632 0.018852113094786755 0.008620627581695762 0.010834013218351124 0.005586178335790645 0.009085406290191755 0.007584814230491144 0.011699193009977345 0.008774317874586634
-----
100
81897
0.1
-2.9290548775635763 -2.6153663815118575 -2.9832451960714192 -2.9083288972452155 0.23587088806865947 2.291576550934422
-2.6996661639942996 -2.843886860856115 -2.8275883152277204 -2.352265681556637 -1.7784180718374203 3.7867195697817384
-2.9014354185550717 -2.61551930344049 -2.710636716228141 -2.95646561751315 -1.5594432306631723 3.878333798791661
-2.658787203145702 -2.1380600384243036 -2.7334135847721046 -2.909704524469188 -0.7714238987425092 4.903878291491043
-2.3809088849807383 -2.2022939461880653 -2.742294376846171 -2.1821793419302096 -2.012700812708778 4.505313044772387
-2.751893004939311 -2.6010131954619022 -2.7536394268977316 -2.7142064710380818 0.49711094431502345 4.278600014217817
-2.7512851695304694 -2.4305156786185655 -2.7103191646348157 -2.8843829583467913 0.43444096887201966 4.611260082113105
-2.7674574000602306 -2.8399401110837763 -2.7627313979859407 -2.657102775907746 0.25784238973557594 2.775506174976705
-2.9979820215507744 -2.8951073751442298 -2.9812994572407883 -2.971263702888858 -1.337226280495217 2.1689357966677996
-2.914199995807486 -2.6291818487264123 -2.8855033186998735 -2.6102773954016927 -1.325064629114176 4.639064456136558
-2.843737246578478 -2.6234889158053143 -2.6577123413088013 -2.6429030555200637 -1.487454743236049 3.717267436043759
-2.9502757899952705 -2.896924060612232 -2.802189178037599 -2.74715280466658 -2.201104308353968 2.842160718264064
-2.685427411046246 -2.1957102358705414 -2.822279248125912 -2.9983575241911327 -0.7460522620715094 4.9307308014903235
-2.769541140547587 -2.843796097538094 -2.76624593862505 -2.9365658849190406 -1.4163095938271495 3.096552130489481
-2.9115010722575274 -2.927600459128511 -2.840257709335354 -2.3451334790137928 -1.5054335786990978 4.566739969734267
-2.712903957499695 -2.277022034975272 -2.7984361956981285 -2.986483536706145 -2.06882669047436 4.159181680938173
-2.9098975925369586 -2.419848233447448 -2.8932316529478914 -2.975287967649436 -0.9812736315729329 3.225252492365816
-2.864911840943704 -2.9541496206338667 -2.6576531700723662 -2.9316542646431296 -1.970607279771961 3.643680151856858
-2.839170613846207 -2.481541216609984 -2.8903241567279903 -2.3753121841994687 0.0794558842559645 4.860829686192489
-2.8840918404327844 -2.72085419101497 -2.953372300626356 -2.3833972335448284 -2.2526250747457053 3.705062518559474
-2.7363232540621025 -2.819868345812085 -2.5919934040527837 -2.7329732215895413 -0.23732611981836957 3.897548289887797
-2.7902220503604296 -2.2836506856265673 -2.8526353242704268 -2.9520991913096664 -0.40998358465851203 3.549087750416854
-2.7855724897092977 -2.7118923763597644 -2.7242612438252687 -2.807077988156315 -0.7034114887864609 3.6687550823032766
-2.8233959408672256 -2.688004856443576 -2.9171227259596875 -2.1683090062972785 -0.6637486211435465 4.877891204099715
-2.5716251970468575 -2.1031044627265385 -2.762730327222393 -2.469208634984963 -2.045751018000153 4.947955864113501
-2.5826718764572254 -2.272860704644041 -2.7526342686524123 -2.473928870341652 -0.3255373345156763 4.706432104482988
-2.523714795588861 -2.179694044485356 -2.607030953249544 -2.8508625822612994 -0.12262417404207149 4.893006599337005
-2.5912256534749587 -2.810847201936842 -2.6853854900216128 -2.3840686369746695 -0.9373645148567162 3.90131823289052
-2.8122794139888607 -2.749495980285249 -2.559363760792361 -2.825309354436171 -1.9980896875761318 4.650779038160515
-2.705207106022627 -2.5128389912059363 -2.7481602390739432 -2.7660559328402554 -1.9230117286895714 3.5298222737098914
-2.6619009673239606 -2.593279447391949 -2.955339294103685 -1.8520627280724655 -1.3066049449093036 4.815357413193566
-2.5490149757412515 -2.358671530530804 -2.5612055270245273 -2.5965304544790033 -2.721787600911123 4.793438392611529
-2.6400106755959305 -2.5075207730760223 -2.625722848101977 -2.4710707211837892 -1.5393801265239897 4.956203920646785
-2.6913994835277504 -2.70066446080302 -2.914761875510927 -2.1483128567684115 -2.388545946314075 4.211420243803989
-2.719790792064635 -2.7434137856560854 -2.8701968920862804 -2.366861797843806 0.4411589995808056 3.8123975593397352
-2.827940928292006 -2.5032572750686763 -2.776574938258087 -2.9054278507334934 0.2722021937604464 4.5554384234391465
-2.8287059505328562 -2.8750609279736583 -2.844522539253102 -2.5798526465671108 -0.7923005881838556 3.540450183746319
-2.8652136365490635 -2.985209890317622 -2.7315202736503794 -2.882418844956175 -2.0147078661702755 3.766892017157102
-2.55239667747861 -2.197053772591582 -2.742301430446566 -2.9383945600850963 -0.06772615527498704 4.5642289791244215
-2.9969618460717267 -2.6636042188232336 -2.9316948797342692 -2.9544118033359377 -2.555993329164938 3.417918968885628
-2.7177292290960144 -2.7475929126207745 -2.7557396378564056 -2.3057529369585392 -2.292703752263063 4.811381347680375
-2.910896117743649 -2.6740894953386354 -2.852670001092363 -2.5823082977747207 -2.0726702108864616 3.4693984958850748
-2.61866030621415 -2.750020056704355 -2.508138756417834 -2.7626489153018463 0.17332929051376 4.326632148735782
-2.6334353910421595 -2.770546195463461 -2.6427498951151804 -2.4145830703883044 -2.2027235739288895 4.423382120755307
-2.53815248722411 -2.3815893477285948 -2.706496870207368 -2.4081960691169346 -2.9672242990008204 3.8728060765992174
-2.640197244163546 -2.6221919949706596 -2.761152062193325 -2.0578008852772225 -1.6522141944233333 4.847781444411541
-2.753048578183969 -2.5581913780198153 -2.8400180646749873 -2.743744029821107 -2.536810018459486 3.0187215457012613
-2.8924835125052852 -2.7628146941759018 -2.9151069112369834 -2.6560850379519305 -1.1496827681634607 3.227772259799085
-2.5634078751422162 -2.6409238963808734 -2.5494011616807666 -2.849591133279818 -0.4689684198583599 3.700607042211524
-2.723806558496291 -2.617124385415728 -2.934539238731456 -2.3048453280465746 -1.6940604936504071 3.569412922597611
-2.7216186746695823 -2.48123066808713 -2.8547191524607745 -2.828678087235829 -2.412888294364655 2.884476190450103
-2.8664695438000396 -2.344117731605033 -2.9316571860033824 -2.6738867935115223 0.08682769700654824 4.695986185138672
-2.8228015729963074 -2.5756248408082443 -2.8856507979175126 -2.5683539469004906 -2.5842528200703905 3.4804535020254725
-2.894738161076562 -2.637285009568597 -2.669967220858564 -2.9719984251355704 0.08251416140351972 4.548293025820909
-2.8804352381714 -2.5250268988977385 -2.9413582025326197 -2.867548796344695 0.06826540594510044 3.195031944511577
-2.895560436780662 -2.9283107463376776 -2.755681748379248 -2.8700795608213268 -0.9304188896832452 3.515616333155347
-2.7067469526300716 -2.331636472246109 -2.9938087472847403 -2.1589368771685797 -0.3800697248482241 4.767924237793042
-2.765446796534891 -2.662604371739439 -2.8144860620392684 -2.335616001602629 0.44520825692162613 4.841731380639837
-2.948764623906434 -2.875491111765104 -2.7799256640086933 -2.8333841218812545 -0.8660906588516485 4.71060190648295
-2.8632927851070282 -2.6860192092185655 -2.9435371966099444 -2.3621020704275986 -1.0844551877743394 4.319206529641036
-2.4904377258440253 -2.195005087986729 -2.664232264774323 -2.564338129416726 -0.4377291116242233 4.427358743363634
-2.8105144503842054 -2.4876512010075085 -2.9206579084649347 -2.4816183251023154 -0.8746793672474563 4.274431011970526
-2.8923315721508844 -2.865343943203694 -2.797142708906025 -2.4685668526450786 -0.644481273195397 4.939055653545778
-2.442635733195939 -2.4657239537154307 -2.476955562919086 -2.746909040077853 -1.9200570128583143 4.914411337449003
-2.440266765677941 -2.2853611332246833 -2.7044256768505655 -2.7466948825796305 -1.1429679533118497 3.268033780671313
-2.5905789676659694 -2.992032532583252 -2.381599476615469 -2.920119567886838 -0.061882258644683885 4.57795680266476
-2.6688804498604095 -2.594050221533207 -2.735258246687044 -2.513207171567505 -1.5430076489052802 4.793344055411211
-2.62484316986751 -2.742826424752621 -2.6140853214456197 -2.482224065997877 -0.3525059919814736 4.701362847026361
-2.550669529268986 -2.4259271244056166 -2.7958913822555806 -2.385108639873626 0.48882785703400106 3.387176434804444
-2.802545726359721 -2.434187713258131 -2.8668122890611927 -2.398200361310268 -0.1582509474529613 4.774345536424688
-2.8639250473552895 -2.7846410084633093 -2.705870373118944 -2.814036570107601 -0.7315358371889451 3.8802184423408406
-2.835771080590626 -2.767109049964584 -2.7891356850883273 -2.2889760824136136 0.12741657318443944 4.398386307776338
-2.7883504702138247 -2.9259952995685508 -2.6357540149342067 -2.6462591374297957 -0.27376062356382613 3.951751469933562
-2.542184509066199 -2.847711839550795 -2.6461868381659444 -2.261449804514923 -1.4321450406984142 4.574877884793335
-2.806117852952582 -2.826205316632232 -2.6773763341927546 -2.9524028592283003 -0.24329524548495507 4.0253088205764165
-2.828309315914099 -2.3134289467313436 -2.8281157980781 -2.892005328393475 -1.4144083630411564 4.822663644646206
-2.8613114254006016 -2.9884370912472398 -2.8821085182876875 -2.4168428996086893 -1.62858901981372 4.0132952749898125
-2.9016708519292824 -2.422639639269214 -2.905683988950295 -2.768586686009862 -0.09422457951952629 3.162997420015757
-2.7474656755337032 -2.807735545211887 -2.704169218028217 -2.443679037740484 -1.1524359522586014 4.661964767682015
-2.847626876323856 -2.941695378291587 -2.8492210340083197 -2.669215075593484 0.19731238690535835 2.865706397989869
-2.7143651312307178 -2.3269169644707057 -2.7695253603240557 -2.4761040710929194 -1.2672806412431723 4.994141824942208
-2.75889611732157 -2.5305533530216886 -2.8391127706333585 -2.3654504528295917 -2.0531211132903984 4.1977879555631485
-2.7728804074966384 -2.3667148485505285 -2.792951029316998 -2.623299408840411 -0.31203543861833094 4.340830069896164
-2.89010725983134 -2.7862568114407886 -2.7658759362130443 -2.8335071927398876 0.48407157821256586 4.013770927810861
-2.986712302918045 -2.612428647145712 -2.927962891139607 -2.8477769630309617 -1.7133409952821188 3.8600267956395973
-2.7718247285678808 -2.3194784163729585 -2.864254702960059 -2.6295813639514827 -0.882400594460965 3.9756972092247373
-2.851790254051772 -2.6602175184723684 -2.8630032612501357 -2.343636076859496 -0.06532030426288594 4.550039618289566
-2.838541125190961 -2.471324643004101 -2.966991291981929 -2.5187569354905333 -0.7856671981516051 4.3774931940281565
-2.903723124425442 -2.7792070536894173 -2.88741504411956 -2.452732266067246 -0.6753074356004112 3.53061722521124
-2.925285703118117 -2.9587602490421077 -2.7522628223341274 -2.7788310681975545 0.4407819953832519 4.250413417313781
-2.8101359038941123 -2.9939494230865473 -2.7881100423695893 -2.253236551404455 0.2883666522449002 4.480447869348756
-2.821800283581137 -2.7609130748149333 -2.728472506369845 -2.8466411657243955 -2.0924827105376362 3.358474561646107
-2.684687926878458 -2.2527239976990154 -2.700312405398131 -2.7458285073547044 -2.0403401789191493 4.9937065005029
-2.8587896941297224 -2.143946971469535 -2.8765806681501527 -2.559450411686561 -2.705778139981025 4.869019811456986
-2.9382003922452165 -2.7809442396518627 -2.9157299027421972 -2.5769366219769907 -0.21738454445998426 4.21708564540905
-2.5665732411366995 -2.775778971619744 -2.7024176981236776 -2.308579135702171 -2.1313565394764895 4.7416977827428
-2.6953826097842244 -2.829188025563887 -2.696417592938108 -2.425056120437708 -1.8194984969730124 3.8902702546567016
-2.896949105926516 -2.997198495229006 -2.7361779219985682 -2.679130168380616 -1.2074840007321217 3.8048609594071
-2.670265236622232 -2.7925343619057004 -2.7660869996070874 -2.2777861997015054 -0.3028809844802438 3.8910781273478503
-2.6715451117598734 -2.72363765693555 -2.7132701323103565 -2.422104190649002 -0.6011654391585292 4.8356757189844455
0.07457627118644072 0.09830508474576272 0.08813559322033904 0.09152542372881356 0.0949152542372882 0.04406779661016952 0.0949152542372882 0.06779661016949157 0.09491525423728808 0.06440677966101693 0.08474576271186443 0.08813559322033893 0.04067796610169494 0.0847457627118644 0.07118644067796615 0.0847457627118644 0.0949152542372882 0.08813559322033904 0.09491525423728814 0.06779661016949146 0.0847457627118644 0.09830508474576272 0.08135593220338982 0.08135593220338982 0.09830508474576272 0.07457627118644072 0.09830508474576272 0.05423728813559325 0.08813559322033904 0.0847457627118644 0.09830508474576272 0.08813559322033893 0.07118644067796609 0.08135593220338984 0.08474576271186443 0.07118644067796609 0.09830508474576272 0.09830508474576272 0.08135593220338988 0.0847457627118644 0.08813559322033904 0.09152542372881356 0.08813559322033898 0.0847457627118644 0.08813559322033904 0.0847457627118644 0.08813559322033898 0.061016949152542355 0.09152542372881356 0.09152542372881356 0.0847457627118644 0.08135593220338977 0.06779661016949151 0.0745762711864407 0.08813559322033904 0.08135593220338977 0.08135593220338984 0.044067796610169574 0.06779661016949153 0.05762711864406789 0.08813559322033898 0.08813559322033904 0.04406779661016952 0.08813559322033904 0.09830508474576272 0.09830508474576272 0.0949152542372882 0.0711864406779661 0.09152542372881356 0.0847457627118644 0.061016949152542375 0.09830508474576272 0.0847457627118644 0.0847457627118644 0.08813559322033898 0.06440677966101699 0.05084745762711873 0.0949152542372882 0.054237288135593226 0.06779661016949151 0.04067796610169494 0.08813559322033898 0.09830508474576272 0.08135593220338985 0.05762711864406783 0.08813559322033904 0.06779661016949157 0.07457627118644067 0.09152542372881356 0.08813559322033898 0.07118644067796615 0.05423728813559325 0.09830508474576272 0.08813559322033904 0.047457627118643986 0.07457627118644072 0.09152542372881356 0.05423728813559325 0.09152542372881356 0.07796610169491525
0.019450610387445236 0.008107628486873244 0.009027526711088803 0.00955803657466036 0.008486970682545706 0.009807906142235015 0.010645272412016854 0.011536518273846984 0.01993549075227541 0.008819832507368805 0.008026562001197165 0.014359772420862213 0.010522677057579956 0.009818594087464449 0.008710122395015733 0.010872394363279043 0.010302004801828054 0.01132014305072092 0.010691741606862343 0.011478166513436977 0.008058875337218718 0.009308034533340292 0.007471366013770349 0.009327593608046063 0.010580306430756362 0.007925301833778065 0.009862292205792815 0.006722445734205635 0.011563179383263329 0.009126758438110864 0.009636977490312285 0.014348184440997789 0.008667739037521098 0.01045953513182649 0.01001304064419325 0.010187266133522794 0.007797162949278684 0.010944689722762888 0.009430465246899838 0.017415313562868337 0.010505977940237674 0.01040719502700732 0.009636534861284882 0.009490297619075083 0.013158500480630237 0.008304603872430481 0.014138226627413581 0.009298096019875106 0.008152157960354896 0.008833770815600352 0.01439662289886444 0.011564289166532703 0.013043486350065503 0.00968295960796307 0.01148759175434522 0.008468052099932004 0.011001136149281216 0.011158535475214183 0.00898594779660992 0.008277186106653076 0.00744942893931239 0.007956313209699258 0.008882128778546834 0.011460268141412 0.008147411695697045 0.013008648249753637 0.008035612254571375 0.0077663512308871535 0.010214607005186751 0.009250148712833401 0.007590184226160995 0.008733260636842337 0.007906863172936391 0.007609025305729113 0.008336718905715898 0.010075752412116003 0.008789503289929312 0.010619988411777782 0.007530647607260802 0.011685107834038252 0.008589118734135192 0.008710241405340104 0.007744169824745396 0.01036509781846406 0.010516636322551672 0.007730453207457357 0.008870366702593576 0.00886657636202532 0.00812863484370849 0.010679901163279831 0.010090702811894739 0.010997308521719996 0.011299454646801991 0.01665626917754901 0.008964095227301287 0.009392738428056303 0.00804973683249502 0.008139728354944873 0.007199957985863213 0.007645173872225837
