6
100 100 100
1075 13607 101312
0.8 0.4 0.1
-----
100
1075
0.8
1.9392658448130922 -0.5984420143111082 -1.3310702814139699 -0.9135539945266964 -2.4870368141556165 3.4548917688861414
2.0338644413945177 -1.933095549555055 -1.6827452948526957 -2.8164326199602625 0.42617217114832906 1.9155217461539853
-0.5788162439572941 -0.7277886347356888 -2.4706722403010795 0.06180112960443651 -2.8360569741485024 2.1467496811008813
-1.8654228326120967 -0.3357921172920979 -2.6136728560444706 -0.5903689080034655 -1.430289045645869 2.441941923865598
0.022259190688656005 0.11845614323841591 -1.7876880605627261 -2.4097561652950565 -0.802400100151365 3.945670710513578
0.3069874857357626 -0.2829203630368169 -2.99528025668286 2.1217621052362565 -0.02428036285637747 1.6535866713525127
-1.0872302992983212 -1.53105783446615 -2.66308173392427 0.7635368365727686 -2.7139460447065336 3.840018776385673
0.7810490712601026 -1.1167060997777432 -1.1717464807604507 -1.6427354346112462 0.17970324134948257 4.62741076701273
0.6010449439292733 -2.0419649461250216 -1.947117953993009 1.5918916384299067 0.46389496556639553 4.0076631989224865
2.39772263058855 -0.3748717511127646 -1.3164837840485526 0.6519458476002291 0.42876751620524134 2.7934361420787424
2.651982338154429 -0.9351217490450212 -0.9052602029713523 0.9904285342123971 -0.7166039709887615 3.1558356154710676
2.6564824844311525 2.0597511640397332 -1.2056072671393534 -0.5237871606941331 -1.9081166863282912 3.6741785829969666
1.7483742994201936 0.2648049621808344 -1.5850580889092534 -2.324624404730363 -0.2510254410201167 4.8331863778514395
1.686961865718903 -1.7652276141543046 -2.10204104080518 -0.7055713815137148 -2.754196251198908 0.7404203739595583
0.47494534349178297 1.5299915544095306 -2.925863109556445 -1.011466821462104 -2.2926668926439997 1.0537277320220417
-2.8049752260535232 -1.448128838078305 -2.8335100402407405 -1.8302188380304658 -0.25866589706980525 2.1658849620255305
0.6720316487169038 -0.4056168021267639 -2.865750868391048 2.006140340380451 -0.3079143466452803 4.416867941313585
2.2162987705728456 2.2414534467468474 -1.3488220904282566 2.6329390308697302 -2.0796670444348284 4.51880898921929
0.08919396176185534 -1.9128772294910754 -2.4010918359954823 0.7191404724649582 -0.5747744614132806 3.289195398715213
1.8782175734804607 -2.2839073145419837 -1.285255924314968 -1.8206306945323565 -1.6898792791411705 1.9840065662050776
1.9711149183904606 2.087741850319283 -1.5815193385114918 -2.5165538773194744 -0.9801456213330724 4.401734602612242
-0.09320387383667983 -2.9283548463843867 -1.6165968616292639 -2.5863856752959866 -0.3516713140256007 3.588534369874985
0.5300436730788043 -0.586102699999115 -2.1036195045359825 1.4165067573709251 0.06680211048104834 3.753341309394367
2.4311915316895725 0.4040488810662741 -0.9983679075146474 -2.154582767706208 0.08329437909493898 4.657333614911295
0.7572321241953031 1.9974160763901114 -2.6441592971570778 2.3352650094183574 -2.451637612077426 3.196714091285018
-0.8524075213344346 0.7715051334226692 -2.9446655744506716 -2.662326001874401 -2.0521339275255315 2.141662393313819
-2.135499221913165 -1.4202267476110455 -2.8314883059464884 -1.4044213225002506 -1.3567442332926536 4.458096025663822
2.416658573823389 1.8464241731134283 -1.0903053538415306 -0.5684728988596035 -2.038490967188478 3.6788908064822445
-2.65648494830664 -2.918714249626359 -1.4681229713419528 -2.3840684396589706 -1.571190467940657 4.030391809964621
-1.9303522441307814 -2.2405048747957395 -2.1480926963087974 -1.539690650633851 -2.6136993444444623 1.1797303642096213
1.9792931384297399 -0.7396082856236124 -1.6087008852018392 -2.7985996933733235 -1.1493374081232899 4.310033777214551
1.6217397571790446 -1.725114196355002 -2.8450472776240407 -1.7710749519400673 -0.6389223088015492 0.31978404530838667
0.7462001709871249 -1.9585035954749612 -1.1315676055643693 -1.733894827047222 0.45899895263803003 1.947640950750923
1.9926825134766393 2.0460916411742556 -2.7849519851134716 1.3481730173024271 -1.2399614606197686 0.3821011541627828
1.5111662463916025 -1.0513518492325509 -1.9212702487410618 -1.3034501800166902 -1.284147898668873 2.0165585915534145
0.5516014584727178 0.3878982554295245 -1.4463293423440797 -2.451923992850678 -0.5869070196287143 4.439566679375492
2.952350026070829 2.964593231278098 -2.2162505970017428 0.9743982665972286 -1.470939736071994 3.1326049206394933
1.0960245778265723 1.6552384095043262 -1.6640540099207644 -0.8546005854492802 -0.009513326604962291 4.7985162575288705
2.052900600239399 0.0534509166459749 -1.3288526611885967 -2.9860141799784237 -0.0074630318581410116 3.6919453368619126
0.9342920877022354 -2.8678333858110023 -1.4353879127245652 -1.952935189722123 -0.2887252510349061 3.9963531801586862
1.6975363710924887 -1.7956142210857857 -1.6752007056771707 -2.2882210856227223 -1.011749959692815 1.639644007488934
-0.44321964759683397 -2.223875895838899 -1.8146446064561141 -2.956606767030077 -0.4630786861677221 2.122372905795392
0.09392884067654128 -1.3218690980689742 -1.5484847056696505 -1.563873252320413 0.2009854175567165 4.074370208612137
2.8494679433673618 -2.67976085460064 -0.7890582138224009 2.1869644259267442 0.3702234408503453 4.134753992295213
-1.3110065791245047 -0.8720682662816128 -2.5081713525278477 -2.9996293741688613 -0.857706280887641 0.3733662061755316
1.1779090066115785 1.3986791062448134 -2.801841894693972 2.025931980108835 -2.3929517186071223 1.9522719469826233
2.5078402195750034 -2.9730332572953166 -2.166253196110066 0.3343650618578704 -2.9697819775968615 0.6635374606544042
1.7457582735969126 -2.9476220336005805 -1.7366884338507123 -2.651920162613162 0.21591029430193132 2.843647056500341
2.3758042242740967 -0.5296519435423717 -1.8383054879327037 1.8937685282534638 -1.1752935142477225 1.2790547281593068
-0.024312920699762763 0.1533697687604607 -2.469634965039923 -0.3895795759866285 -1.9442430387341578 2.168145837527419
2.7397917272634746 -2.561976031770438 -1.5653494621705981 -2.7434888576171486 -1.946828862480047 1.011592980715279
1.0721941848217984 -2.304910626873044 -1.881778397017086 -1.6342578083653478 -1.274127810767395 0.49306576502740507
1.6871262524610344 -1.044627333250785 -1.84140786127593 1.0582171513202168 -1.8901942889142647 4.694635338177353
0.7241298883052516 -2.1388024741851397 -1.0733343696557691 -1.9363783670245236 -0.4492796584874439 2.624571134344127
2.017433134832598 -2.2318435875266807 -1.5132692692536063 0.760471982455659 -1.4674196068149885 3.915997602631618
-0.5273200983300108 -0.13592758682789574 -2.7139306387165893 1.4789162307472843 -0.5244673909173159 4.583345176090658
1.9570915853123756 0.4618885177959422 -1.9008913178151867 2.72291953577954 -1.0837580740684136 4.178598431622617
1.6443641954419679 -0.7308942008871995 -1.9055557763691873 -2.2424707557351637 0.37776286250594104 1.715954903155581
2.064293779675607 -1.4844608832147608 -1.5520245501923293 1.844593800370495 -1.5060443198064881 2.4872877094706514
-1.920585412903122 -1.0392859202684042 -2.1988902588512547 -2.5514009597597798 -2.549183049744249 2.168909097253774
2.605882227692799 2.7314875966584298 -1.773046236741969 2.144420962075122 -0.41326513297990486 3.957514928722743
-0.6822792204071284 -1.2295544726329801 -2.4567103424726815 0.18582147934280258 -1.3772835393770657 2.9804324970965546
-1.114212759228022 -2.5624455167374873 -1.7609223305106272 -0.9433854446404637 -2.777726094088596 2.4516151714541823
2.685195176437965 -1.617240407300891 -1.606504639992358 -2.974429126696063 -2.802169700132911 3.913415706650416
1.4991557823904174 -1.805418266236074 -1.5592845785116851 -0.36594741869839753 -0.2609644279718246 4.161426941297845
-1.3243421201900718 -0.7288548915050956 -2.817377699046303 0.33020725113067817 0.03570115108467897 2.062438285575693
0.7247402440331254 0.28073670209140644 -2.0522238467823692 0.2767411859068538 -0.29704079050000276 1.446712410986547
1.3921809548130852 0.03677282247245017 -1.3005957846890537 0.09884282271546407 -0.7649438414209397 2.0297971043570873
-1.627433685139653 -0.9810787716205076 -2.711273105536764 -1.9509481519362732 -0.37692464779175117 0.7856630445892832
0.19938931297434426 -0.29654087684447594 -1.2879342245484047 -0.8931041673322322 0.011806867923983777 2.31586229599717
-1.2314095793940143 -2.9608611706079966 -1.2412286644483355 -2.4648883694577197 -1.2243084492706289 2.186827345238853
-1.085709014889252 -1.3705598824082763 -1.4498089527845912 -0.9746813940866472 -2.318792490187261 4.875782673397168
-1.0124266575462109 -1.5531117373895844 -1.1197649347975323 -2.692802237454168 -2.3750556860623244 4.50167101670395
-1.435395024802304 -1.4238755232039497 -2.781397451371757 -1.0308523620036887 -0.5179956078945014 2.4070602011800792
-1.8978975556369861 -1.8138794748707112 -2.353188086474513 -2.685416291385987 -2.189980426404407 2.8340997790922184
1.9984534882355325 1.2687745768014045 -1.4740224712746866 1.5165349738064027 -2.1262518804554285 2.060145967551359
2.9295660457714057 0.06795743905007878 -0.9651688406903638 -2.129616449765335 -0.43302249169800255 4.572536803434261
-2.1059984421497178 -2.577865846039858 -2.263160796348889 -1.3493458544629706 -2.4479860514907954 2.4670726351725447
0.5974824623495776 -2.779956831903022 -1.3100010711169001 0.5607376324739759 -1.323189065021819 4.064786336098245
0.7170960774068527 -2.4138916801805452 -1.0937382187131384 0.34881792814253876 -1.3418916414343474 4.077055039559588
1.9560616078072375 0.8762745846028639 -1.5011072480060919 2.395963947665117 -0.3165961505383659 3.463390565311583
1.9898216390729369 -1.8559499260031251 -1.5613140926986513 -2.472551552820254 -1.5512304403060675 2.3915199724482896
-2.282098426113296 -2.414652386398128 -1.337900228767305 -1.7208808061256091 0.04811104639633479 4.605165688531484
2.1188295253855163 -2.644679850008571 -2.265502940084893 -1.1146126136810275 -0.5828985109321234 0.3711971244097356
1.265325053938481 -0.974029516450106 -2.1124830973490503 -0.4626240017741585 -2.29350530792177 0.9367557490468614
2.222195205199121 1.6378933312219317 -1.3256225512470916 -2.9328468408736605 -0.26906677192535344 2.028505265406013
-1.0722262173338204 0.9285611717769608 -2.6484361369612874 -0.3951097826108838 0.361283708962163 4.789470748606041
2.3585610268177106 1.9811719295630557 -1.2800858243735456 -0.5447762215868268 -0.08378144059564008 2.0204426257313104
2.3790867137488005 -1.8254646071718672 -1.5821436422302546 -1.5028478509154857 -1.8702629477935846 2.0579384575593
1.6038408349028916 -2.2738419727553087 -2.8226616737039554 2.633269822916885 -1.656135708624988 4.975174528103397
0.35582561501646603 -1.587389618042105 -1.6394625700056773 -1.6490780213633536 -1.746397313563254 3.182097217038413
2.4731226901278838 -2.783409217033748 -1.605013014265138 0.2781009378584156 -1.5736858090208625 1.5087160584744275
1.4626683102209652 0.7484165926643986 -2.0526836884906086 1.038200972218089 -2.2733085011240384 2.6292129670474895
-0.36395317100376845 -1.5987566724411164 -1.955102113369422 -1.4997383989281006 -0.039460516474569385 3.567956536327249
2.0743218611762178 -2.182133259280827 -1.176684397471238 -0.8088287607075877 -1.0833561720831217 4.972645391169205
-0.5788835290809122 -0.9813441923724833 -1.749271751605804 -0.7507584535360508 0.1914269712404959 2.8523198836314134
0.2088076581497713 -0.08035411320583874 -1.8806787773122928 -1.3025023083163765 -0.8234646665239653 1.7396563548335486
2.954696088881038 1.8635634933029035 -1.7078751396203762 -1.4908691649210515 -0.1288252421819709 1.6079604142481996
1.1977324042983568 -1.1712236088200778 -2.5858865809713194 2.6186791478986224 -0.32207114661128244 2.8993304270855367
1.3734439329158965 0.22008071849260702 -2.35177662914799 1.1092507327499987 -0.7145714947140713 1.7188150571094285
0.5423728813559322 0.4847457627118644 0.43728813559322044 0.7898305084745763 0.4101694915254238 0.7966101694915254 0.7830508474576271 0.5389830508474577 0.6813559322033899 0.6033898305084746 0.7932203389830508 0.664406779661017 0.5627118644067797 0.5084745762711864 0.5728813559322035 0.528813559322034 0.4847457627118644 0.7932203389830509 0.5322033898305084 0.728813559322034 0.5322033898305085 0.4949152542372881 0.6203389830508474 0.6542372881355933 0.7864406779661017 0.688135593220339 0.5491525423728814 0.7288135593220338 0.5220338983050847 0.5423728813559322 0.5627118644067797 0.7491525423728813 0.7966101694915255 0.5152542372881356 0.5627118644067797 0.5322033898305085 0.7593220338983051 0.6542372881355933 0.5084745762711864 0.4101694915254237 0.5457627118644068 0.4745762711864407 0.4610169491525424 0.7966101694915254 0.7830508474576272 0.46779661016949153 0.5152542372881356 0.5186440677966102 0.576271186440678 0.6711864406779661 0.7694915254237289 0.776271186440678 0.752542372881356 0.7762711864406779 0.423728813559322 0.7932203389830509 0.6745762711864407 0.5016949152542373 0.6508474576271187 0.6237288135593221 0.4847457627118644 0.4237288135593221 0.552542372881356 0.5152542372881356 0.48474576271186437 0.7864406779661017 0.48813559322033895 0.7593220338983051 0.5491525423728814 0.7694915254237288 0.7152542372881355 0.535593220338983 0.6135593220338983 0.7830508474576271 0.5389830508474577 0.7084745762711864 0.6610169491525424 0.42711864406779654 0.6644067796610169 0.7220338983050848 0.7796610169491526 0.5016949152542374 0.6576271186440678 0.6135593220338984 0.4610169491525424 0.7627118644067796 0.7830508474576272 0.7932203389830509 0.5389830508474577 0.7898305084745763 0.4610169491525424 0.6135593220338984 0.6033898305084746 0.7796610169491526 0.5016949152542373 0.5016949152542373 0.5152542372881356 0.5525423728813559 0.6847457627118645 0.7457627118644068
0.010000000000000004 0.010000000000000004 0.010000000000000004 0.010000000000000004 0.010000000000000004 0.010000000000000004 0.010000000000000004 0.010000000000000004 0.010000000000000004 0.010000000000000004 0.010000000000000004 0.010000000000000004 0.010000000000000004 0.010000000000000004 0.010000000000000004 0.010000000000000004 0.010000000000000004 0.010000000000000004 0.010000000000000004 0.010000000000000004 0.010000000000000004 0.010000000000000004 0.010000000000000004 0.010000000000000004 0.010000000000000004 0.010000000000000004 0.010000000000000004 0.010000000000000004 0.010000000000000004 0.010000000000000004 0.010000000000000004 0.010000000000000004 0.010000000000000004 0.010000000000000004 0.010000000000000004 0.010000000000000004 0.010000000000000004 0.010000000000000004 0.010000000000000004 0.010000000000000004 0.010000000000000004 0.010000000000000004 0.010000000000000004 0.010000000000000004 0.010000000000000004 0.010000000000000004 0.010000000000000004 0.010000000000000004 0.010000000000000004 0.010000000000000004 0.010000000000000004 0.010000000000000004 0.010000000000000004 0.010000000000000004 0.010000000000000004 0.010000000000000004 0.010000000000000004 0.010000000000000004 0.010000000000000004 0.010000000000000004 0.010000000000000004 0.010000000000000004 0.010000000000000004 0.010000000000000004 0.010000000000000004 0.010000000000000004 0.010000000000000004 0.010000000000000004 0.010000000000000004 0.010000000000000004 0.010000000000000004 0.010000000000000004 0.010000000000000004 0.010000000000000004 0.010000000000000004 0.010000000000000004 0.010000000000000004 0.010000000000000004 0.010000000000000004 0.010000000000000004 0.010000000000000004 0.010000000000000004 0.010000000000000004 0.010000000000000004 0.010000000000000004 0.010000000000000004 0.010000000000000004 0.010000000000000004 0.010000000000000004 0.010000000000000004 0.010000000000000004 0.010000000000000004 0.010000000000000004 0.010000000000000004 0.010000000000000004 0.010000000000000004 0.010000000000000004 0.010000000000000004 0.010000000000000004 0.010000000000000004
-----
100
13607
0.4
-2.5297376013142667 -2.2046969702768173 -2.461324622175358 -1.453564030556784 -0.8541788290897568 4.524234783140815
-2.099908387217861 -2.151922469540597 -2.212392063541281 -2.4777409797842207 -1.0069423071264312 3.751981948854567
-1.9030302209171088 -1.690144903109612 -2.4663482676869872 -1.8766816185095856 -1.2393089366462258 2.12331447676306
-1.7386747831376181 -2.7409119283296675 -1.5939279893873106 -2.616062239013954 -1.5827029199632894 3.6999418043829104
-2.4221206209188684 -2.111494820478307 -2.5412578668292536 -1.6143800179370105 -2.0916223510470067 3.5001415730096666
-2.7882235693667994 -1.9574239286097757 -2.913508212714505 -2.744197482971976 0.043651915476896175 2.723860450883621
-2.3351664921297557 -1.270992803487018 -2.740110689766153 -2.9732902388240703 -1.4993690274228224 4.405676605535617
-1.0104725265267975 -0.6923376009444979 -2.0257506176319557 -2.796530676815612 -0.03905230212337241 2.9136978945039345
-1.8252543257564358 -0.9963499449984385 -2.4395483541886667 -2.375453981370076 -2.993630552753273 4.263984755683368
2.276367013427439 1.4307461072418088 -1.4587266481638106 -0.28675081950566206 -1.8159363434922198 4.3796567611778245
-1.8431403961557242 -2.4374134042836837 -1.6910454987249588 -2.5280357146755676 -2.760365509534486 3.0655179707755824
0.5817175859707064 0.7847839162087902 -1.8643796436085898 -1.1504828381849501 0.1763426776803425 4.036932043630638
-1.4833465774414236 -1.9925501071250553 -1.9674641423277635 -2.762118225151095 -1.4210434367527651 1.6438102169824798
-1.7694509351886194 -0.9608868200858165 -2.1728668169345493 -2.0800735368784284 0.03082465414694338 4.496727275476299
2.6080959356567837 -0.11169253958339703 -1.4217838469050268 -1.9217930042963791 -1.5973150229913533 4.317334865995636
-2.2788335242720015 -1.445593008019921 -2.781664992176573 -2.455054939864637 -0.5779332557700507 2.2332765767471714
-2.0181661827023993 -2.1268778707568696 -2.222662891582086 -1.7792011886663648 0.47240350096538086 3.0851047910351777
-1.431333810843015 -2.6134596769210487 -1.4957358912463468 -2.6892476242885137 -0.6033578544103632 4.033235632959034
-1.1681434555019228 -0.774800993252454 -2.0802731918403463 -2.5460641641499033 -2.1502368885600167 3.310213672013666
-1.369356280911247 -0.39564009234595154 -2.529360537819622 -1.6965439021687327 -0.9033015359621965 4.393566255182341
-2.674214666808336 -2.2478618639263086 -2.9905262698096546 -1.3556658891484632 -2.9588199444101395 3.6845702120310007
2.4415759740186767 0.16850850334836925 -1.3950035884316596 -0.552028471959394 -0.34433351788432603 4.545492273634736
-1.7004683818126773 -1.1461602994527578 -2.5159437606699773 -1.7837698800350739 -0.1635228254061599 2.3802311806875984
1.546026033230389 -0.16444498452150502 -1.5058686628208493 0.5073320536481165 -1.1711397304618671 3.9916353064890298
-2.021847428218754 -2.0585733901729837 -2.2579060867621963 -1.9996730589649196 -2.936270195875249 1.7032380769565059
-1.2236584013754337 -2.232197280679739 -2.1567049177003526 -0.986410994467174 0.023667825232970674 2.4712391869461197
-0.24501691920854263 -1.2605988710641596 -2.1275499386102976 0.3322158778258344 -2.1536238613608916 3.9658545439275583
-2.6276155878141085 -2.0646402811228812 -2.593483344092487 -1.6356317419000281 -0.08374083122063358 3.076408839632016
-2.7362766101076126 -2.019803238371615 -2.588194019391193 -2.7569683389204727 -1.5827775822421661 4.7998360811176575
1.3628866133587794 1.7651149369185362 -1.9629728164414972 0.5354767586624019 -1.795109457454258 4.644259606481047
-1.7289487607784602 -1.497669599713229 -2.2353629025819672 -1.2217571153194289 -2.2739584180834234 2.8512226120657314
-0.34458861588377554 -2.5090500793809243 -1.7811282741780412 -0.7332500493271911 0.44030610144217475 2.631179625590044
-2.439598571412751 -0.9620048741989407 -2.7848206963856237 -1.6282646052561156 -1.712711636861529 4.910303701810335
-1.140085002906349 -1.4888675940732696 -1.947307757802934 -1.5751513485198605 -0.9527771885831897 2.2554479275915473
-1.629900668329306 -2.755774497334145 -1.8168393308962911 -1.8179739094420149 0.0056824613783272235 3.0958657484454135
-1.1168758510119756 -1.842752171363117 -2.351131967175414 -0.3748935609201305 -1.2608119362463284 3.4620949611053184
-1.0586722466902494 -1.8443844121741249 -1.419699951373757 -2.673672795533208 -0.7420861360345887 4.895579008309429
-1.7475987202662373 -1.873414567683986 -1.6930885465941614 -2.9272240633706508 -1.0569554140694106 3.0066606497689907
-1.9601824199421443 -2.511977298438512 -1.8541355240811144 -2.7941031123077797 0.17751886482589097 3.245144552028603
-2.3080876273002686 -2.3854185577532716 -1.78682653773916 -2.7729001443837227 -0.5414810095801952 3.5498290346075327
-1.661306451010586 -1.9832656886028768 -1.626993897525713 -1.654480170682972 -1.8937658932980375 4.3546613715213915
-2.332783584649567 -2.1038955810825284 -2.8659588034331627 -1.2528168213100066 -0.4467081365785379 2.7601914881453298
-0.9479523903736615 -1.4833625879246979 -1.6905401955310355 -1.1966617234548005 -1.7705252600479378 4.74322074280218
-1.4397255412909917 -1.7958080161623653 -1.8573845828174722 -1.6092061128485207 -1.0269826520592533 4.468789455611968
-2.549275310805415 -2.024397348321639 -2.2901679647769617 -2.484574111801283 -0.8004792152634417 3.098368758219798
-0.8971029007669671 -1.989706844217751 -1.825500089016371 -0.8782238292704267 -1.1726306653535192 3.311058685839364
-2.7514058411815925 -2.644647093802119 -2.2570664621844387 -2.4188345046701536 -2.373099777274365 1.4609762739041523
-1.0441019751893479 -0.08138911585525976 -2.779735822943102 -0.11921720637026945 -2.7146850728233334 3.7063108451577236
-2.8102313688129765 -1.960605890015228 -2.589723279173915 -2.0070902678565523 -2.2865099917746377 2.649342079019199
-2.754636882784787 -2.124371974806678 -2.7685700209152793 -1.809767459231196 -2.4269360190745255 3.413920548708135
-1.8374578109014186 -1.4182364631031306 -2.221574357150999 -2.3251750777308966 -0.05919119648954263 3.5566134119052
0.9422095483389721 -1.3949299664803514 -1.4015493611934247 -1.0602920277731611 -1.9954573982151456 4.600834280099793
-1.6592684765199175 -1.620734513870316 -2.379408027885996 -2.7693517719365746 -1.2762924185813425 1.1377539410858653
-2.838073206358424 -2.648218259742497 -2.7157848978629424 -1.6559376807582202 -1.0690333617460743 1.8781532077154774
1.4977521352516754 1.4012621026321086 -1.6131073760578243 -1.2982539429203683 -1.9967902104253255 4.950201424595817
-2.0652215331940953 -2.0922099401470553 -2.1415627270323534 -1.1268182062106473 0.4529213356871252 4.815468225818525
0.6654897653552089 0.18506986805021952 -1.5065287571385322 -2.234316453128094 -0.45957164032446296 4.616596505385733
-1.750426712357928 -1.0694461900665604 -2.3196529895575977 -2.758048139126098 -1.1195538782024301 3.913767075165756
-1.166981684034829 -1.3551128504554242 -1.6200979881447877 -2.212682289955601 -1.0959265455988647 4.194899734884831
-1.2467045027692063 -2.119900173919283 -2.5423938537025856 -0.3843243387470423 -2.6213397643612697 2.9767127804720377
-2.6069464639551336 -2.3903540966130934 -2.833583440987185 -1.7857961469494723 -0.825575628193834 2.131377049562121
-1.8220528753547658 -1.6213453653307497 -1.721018024974808 -2.3263552191970227 -1.5773454547143273 4.009014124940866
0.9462640908817553 1.504606648050613 -2.6232424662535205 1.9522864656690777 -1.1141713195782215 4.162139687966853
-1.702551118790674 -2.34162843142225 -2.295513579185146 -1.02793018280345 -1.6864449048064911 2.8982224301993713
-1.198368163242289 -1.8635561283045479 -1.83831212843777 -1.4512640692957859 -2.2640965238339685 2.804421772106894
-1.7019399791522103 -0.5533185055918517 -2.5751870996406123 -2.3382951651946895 -1.3254064578167277 3.7930181240952585
0.3840503940693438 -1.66382417678614 -1.4738536576204142 -0.8396716246508125 -0.4454061198306106 3.9829214781483997
-2.785643501472263 -1.3388891898503281 -2.8885042699396815 -2.7839992953210766 -0.1672013906221681 4.949951031032203
-1.5271992938606398 -2.102411940710885 -2.4218791676413742 -0.8917804579910649 -0.6192863266703358 2.9135225748447944
2.186262880523881 -0.688399466109261 -1.3748706417822558 -0.5703320771225886 -0.2450850818617365 4.863370408723428
1.5902772502097602 0.5886130032678898 -1.4262755474689386 -0.35969716500944093 -0.8106444234929465 4.987876225643025
-2.501263179120788 -2.6154150074789233 -2.71071353595614 -2.393451272908579 -2.5302733856231416 0.4967679026336662
-0.4486534220618159 -0.8056312286510949 -1.5130247587337444 -2.198205160986388 0.42058041120477485 4.482093849659389
-2.190481212477589 -2.9306497496343535 -2.5168564320974536 -1.998529271748774 -1.460467859460862 1.023117884767525
-2.3201281705732866 -2.860942479601283 -1.8552719401836504 -1.8447526794672968 -1.6558400353678495 3.037381358686137
-2.4422577410207578 -2.864809205940757 -2.2192562846323325 -2.678799511640598 -0.43160509977690553 1.455543513182547
-2.259651992039901 -0.8823597902943208 -2.8167697396714346 -1.6038730429055978 -2.0598473925385794 3.550015051694197
-2.049017944765641 -2.3412756291536967 -2.3743618241831737 -1.1732332345509464 0.4784497247013414 3.349328269832117
-1.4826660854886082 -2.7495530433667295 -2.549282161314906 -0.7652319593289056 -2.5718780171658477 2.1767048534290847
-2.325756423832265 -2.8794201318991224 -1.8254877369746423 -1.7438469934668925 0.4354032774964629 4.067613864934584
-1.5184459872838088 -1.9865370206036745 -2.1625109005931904 -1.1246724169284188 -1.943279786237696 3.427811138987211
-1.7071940002678176 -1.4999783043881394 -2.5438296203179465 -1.1135102055385808 -1.659782797052206 2.133411490936796
-2.168914320872702 -1.2098763463065974 -2.50710276154815 -1.7444345192866886 -0.656433033390252 3.8352739951798203
-2.2170036209908868 -1.6102446185835226 -2.5884713441553755 -1.1545489544580014 -2.0813856250761646 3.7895284145731667
-2.1617456529888326 -1.9481112120871753 -2.3916438589684983 -2.2197297989195275 -0.5025641784438843 1.8139221180395624
-1.6856370997719017 -2.61671910637803 -2.8570712874215562 -0.4932466234577251 -1.9217470686460618 2.11093088691211
-0.5146853898384474 -1.4646506652936333 -1.5201655609989944 -2.58782904983699 -1.2837841452187975 3.990101691355889
0.3230511877145288 -0.2498289608684301 -1.547993862470155 -2.8645533333671453 -1.5092138392345604 4.061428248898515
-2.781455847128802 -1.9411159397435354 -2.034200737874503 -2.882304964570338 -1.0508529556113548 3.98404834211347
-1.683980277781524 -1.019707788659031 -2.462946985265583 -1.6082011639282856 -0.7573043102674244 3.078659656425142
-1.2316886687181592 -2.744849093087619 -1.7458166860936921 -1.6896212893804883 -1.310065515104106 3.2665339584795983
-2.952706714111331 -2.1642636346104425 -2.6891562919987666 -1.918467473889075 -2.612680410014844 1.9200749305755964
-0.5851989216509145 -0.4140665433653765 -2.0071213400185863 -1.6629746527989657 -0.6119863152712999 2.8265063780206843
-1.2507887177984185 -0.5048493619115844 -2.7328241666073976 -0.17567060966917486 -1.5260554984078962 3.7498791359527717
-2.0214358846404212 -1.0920441887948744 -2.5874142329481864 -1.637446593517942 -2.79913053699946 2.9314448491300045
-1.9745058192078544 -0.5728629655240973 -2.7819931246977037 -2.2717567125328832 -2.155713744948719 4.064086662341103
-0.952038334010815 -2.4197672773718493 -1.8093553771086726 -0.8590121648327593 -1.6262754054169053 4.138098248590732
-2.29031908358362 -2.256639277712143 -2.649084925634711 -1.436889898538634 -0.3072304484291304 1.8650240456919285
-2.2497295139417153 -2.714162006752101 -2.1666029483636136 -2.0906327827897226 -1.8685810501235796 4.396412639533265
-2.286761709348236 -2.7750393104396043 -1.9247076617551078 -2.3814445059311926 -0.5522949348421733 3.3593187688225354
0.20677966101694922 0.3796610169491525 0.37966101694915255 0.33220338983050857 0.15593220338983052 0.37966101694915255 0.29152542372881357 0.3966101694915255 0.3593220338983051 0.39322033898305087 0.3491525423728813 0.38983050847457634 0.37627118644067803 0.3491525423728814 0.39322033898305087 0.3694915254237288 0.264406779661017 0.37627118644067803 0.34237288135593213 0.376271186440678 0.28135593220338984 0.39661016949152544 0.3830508474576271 0.39999999999999997 0.28474576271186447 0.3593220338983051 0.39322033898305087 0.2644067796610169 0.21355932203389832 0.39661016949152544 0.3864406779661017 0.39999999999999997 0.34576271186440677 0.3627118644067796 0.29830508474576267 0.38305084745762713 0.3830508474576271 0.39322033898305087 0.3525423728813559 0.1932203389830509 0.38983050847457634 0.33898305084745767 0.3491525423728814 0.36610169491525424 0.14915254237288134 0.3830508474576271 0.33220338983050857 0.38305084745762713 0.3559322033898305 0.09491525423728814 0.2677966101694915 0.39322033898305087 0.3898305084745763 0.38983050847457623 0.38305084745762713 0.38983050847457623 0.38983050847457634 0.29491525423728815 0.36949152542372876 0.3728813559322034 0.19661016949152543 0.3728813559322034 0.39999999999999997 0.3627118644067797 0.36610169491525424 0.3728813559322034 0.3966101694915254 0.1932203389830508 0.36610169491525424 0.39322033898305087 0.3966101694915254 0.37966101694915255 0.39322033898305087 0.2542372881355932 0.39322033898305087 0.18983050847457628 0.37966101694915255 0.3525423728813559 0.3898305084745763 0.3627118644067796 0.352542372881356 0.34576271186440677 0.28474576271186436 0.3593220338983051 0.2 0.38983050847457623 0.39999999999999997 0.39661016949152544 0.3966101694915254 0.3050847457627119 0.376271186440678 0.31864406779661025 0.38983050847457623 0.37966101694915255 0.3457627118644069 0.39322033898305087 0.3389830508474577 0.27118644067796616 0.30847457627118646 0.15932203389830513
0.01222041476447625 0.00876892029135039 0.007340594036401196 0.008862059817984354 0.010312497340614842 0.017056356847872753 0.015247441861399307 0.0075006659716181584 0.016243894568798167 0.009199025598972375 0.011322940333683829 0.007115578628554835 0.007748655995163167 0.010396066213370659 0.007383251951129003 0.01023803202370318 0.010975803066224022 0.008509670852157838 0.007829891026501234 0.009102955960749328 0.021787002523468837 0.00680661194342205 0.008018502319976936 0.005804616681152639 0.011687055930045442 0.007376501273651162 0.007316169569049156 0.011625258976128795 0.017743806781898106 0.010544812057026 0.007527077623218934 0.007470028786217794 0.01627825608829139 0.005684526599397771 0.008531830925375995 0.006414338545873853 0.009026529566387258 0.00769992856271725 0.010750457958268006 0.009814932511178981 0.008807033116059581 0.010870213655995291 0.007981004548351498 0.00740555504274543 0.009421292062530668 0.005547357367003632 0.013584254848905214 0.012542292222694006 0.011478051739334187 0.01408579244807211 0.008787355674699071 0.00714687622550025 0.008918564743951104 0.01241617689845676 0.01116491681325125 0.01443576431666561 0.006586466178056663 0.008810513647971228 0.006868990679199362 0.009462228232270721 0.011666145999702214 0.008132599282032686 0.011369374056696899 0.007217865178381254 0.006910781076414656 0.009182968251874724 0.005142230038977754 0.026297759360942138 0.007034849788407903 0.006871956208311452 0.007371108394883932 0.020862128012072278 0.008228013048855868 0.01227897954748443 0.009028700570839356 0.013097089888903731 0.011171931975712044 0.012011469669211981 0.01048952901745223 0.014172780327315004 0.007081189304836617 0.0072097879793563985 0.009066132787130697 0.010058572830898903 0.009037492017919776 0.010935454719568798 0.006354764856375007 0.006939022399392455 0.011557637127169607 0.006980231439508157 0.006640187880456664 0.014811680509172517 0.005464536159293289 0.008309783462791225 0.01105233143915967 0.013385420214209185 0.00707275987232936 0.010580204564332094 0.011701207440968454 0.009619680465473573
-----
100
101312
0.1
-2.928082834831305 -2.943589287043744 -2.2382083872391276 -2.8809817742431036 -1.628088687114056 2.2865767299650503
-2.9041742396169212 -2.390557952934815 -2.6207433419007193 -2.265569434316413 -0.17300421115315712 3.241639552806062
-2.921861129700484 -2.01861615625096 -2.679903792629218 -2.3359133568119947 -0.9999817882261756 3.2103868414221552
-2.830496635494016 -2.4799912136395306 -2.6658874236881593 -1.9721487534121664 -2.9724214103055346 3.1225818397536775
-2.3981828120002158 -2.1227599625598317 -2.0688025407569897 -2.645677152836633 -1.464028138561638 4.158185853277603
-2.8787154231714904 -2.2709449855968593 -2.7912935179636547 -2.982765643714852 -1.7776756824887134 1.3728368158944275
-2.7606302469749027 -2.060437926727306 -2.6364747198662193 -2.2613344674453724 -1.193805076408162 2.884666895969783
-2.8082400311126454 -2.9897014763705085 -2.4575487729204637 -2.4874140508729394 -2.3110853872110306 1.8729734701391147
-2.9160929702406317 -2.156960439558814 -2.59503199124483 -2.5791657238926464 -2.1989097279072083 4.620392651590456
-2.7842257921758082 -2.7790973965522014 -2.404940526836806 -2.0165560297858 0.42405646740689895 3.3828682938501307
-2.9728213389820386 -2.0257794437773273 -2.589101056104524 -2.7881876992671573 0.41801857299775647 3.2844058146791193
-2.8683406355751666 -1.7361620772834603 -2.6466714012112917 -2.6010578482975095 -2.3386452523160703 4.328914258116715
-2.7969454092021433 -2.534747777252764 -2.308078359151577 -2.1442345553293185 -1.9384729631065098 4.342970969292552
-2.8437413369474775 -2.8512607639143575 -2.301595953457412 -2.6651814990921086 -2.9386932731944295 2.064812677880177
-2.937487455833786 -2.181986857241496 -2.8534077672412117 -2.024864839586954 -0.579970111847524 3.5179195515482156
-2.6916430337774475 -2.3575281208330576 -2.217954549385645 -2.741501410417125 -1.9458736241222052 3.8870252252475463
-2.870032628902528 -2.265562200739219 -2.6459990079921223 -2.9099904974546797 -2.2428933804129585 1.8220782821724975
-2.3825229774162424 -2.501300762323225 -2.043184793302491 -2.154865176197108 -2.934768575334823 4.220029529950592
-2.8455900667314813 -2.2102278976795424 -2.4460568467686277 -2.9644506774728554 -0.8767249092223417 3.034120449702663
-2.553940252633638 -1.8809345186271118 -2.3273157018987276 -2.8211299713138303 -0.28585315020047264 4.587127109554263
-2.825941230110356 -2.9248876758244 -2.2556232206388795 -2.8262835023716724 -2.069256734226587 2.0618157234742487
-2.8757725093719113 -2.197490947351693 -2.6608735177161456 -2.4047596479747364 -0.04107478052607236 4.508150497920743
-2.6718451661047635 -2.3323728634633634 -2.3709206460641923 -2.2547003035038102 -2.4837589284755905 3.0828777310492375
-2.984343317142778 -2.7691110900052154 -2.4628994076503026 -2.828547080126905 -0.18835436380023118 1.7881190912190184
-2.9988325024476605 -1.8831210786720147 -2.8894988826302193 -2.167568808228637 -0.9836795029075791 3.6971083974108296
-2.7399447478634085 -2.08286453814001 -2.567353148053728 -2.9317300710943948 -0.03004023418737023 2.040214425901376
-2.7750490957740253 -1.7747943991059754 -2.6199813022664213 -2.0023237109021172 -2.718726501700907 4.416845567280273
-2.688189338906642 -2.1706280711945802 -2.2503979087536683 -2.5326400901506845 0.002351913600624256 4.600420383804346
-2.3121355235172265 -2.132984522516628 -2.0457565236619404 -2.2252483604583317 -1.9450481416625556 4.520325829706635
-2.732267738674696 -2.192209512894258 -2.3679185967654717 -2.5503840306993486 -0.21788735945518756 3.4653068599281656
-2.805778898641496 -2.7335282792290045 -2.49417311353646 -1.975913995580814 -0.8146939206184488 3.981138235119491
-2.720408239476111 -2.2141103792260584 -2.522226536671558 -1.9689337332237598 -0.07274248876818173 3.9894345687628867
-2.6738727665421367 -1.7905880466321202 -2.6356944551706487 -2.5437902802264745 -0.9667153583339343 3.785597449256299
-2.9435296865782496 -2.7808225228394416 -2.6291020040879305 -1.8263193924689338 -1.5954344849361026 4.571268081568307
-2.8952277542930958 -2.3516361607757 -2.7460661862257107 -2.33086073696349 -2.5596279197420677 3.0975360300476202
-2.362969473801171 -1.9191530097323135 -2.1630129774272095 -2.6273670243258085 -2.1246391050712363 3.677257400207105
-2.4838076733359884 -2.03389932707796 -2.2298338539927403 -2.158189755273658 -1.7011579194719382 4.415204449214224
-2.564872408082325 -2.213590238880991 -2.142135511141472 -2.898432525805498 -1.85615284200608 4.0303549996246515
-2.693764382507815 -2.4192877757629256 -2.074685607496265 -2.933313318636968 -1.9597121601557397 3.655477535224001
-2.914519595635448 -2.5952072475744172 -2.562366249720051 -2.4615776102213376 0.41653505598317864 2.841596864007377
-2.7801315057414344 -2.9426290481791226 -2.3036342465956654 -2.3237780142835573 -2.225391593694922 3.0206487844187113
-2.9241570700303177 -2.597416428209779 -2.7552555158120837 -1.9801858219797186 -0.742048651508556 3.1201636721913193
-2.881398983441429 -1.9124554052536111 -2.7682266576609287 -1.7717026385595802 -1.9531174424012054 4.38596537597621
-2.857258620403754 -2.349777292779154 -2.4694394319568547 -2.7749892311884947 -0.2216690177493191 3.8456414277413624
-2.6877183182502886 -2.0534082106228118 -2.5303266439445675 -2.370974834726714 -2.030399478081564 3.4542869810063386
-2.756344979364666 -2.3932380365386967 -2.3701942901909776 -2.6966606773127997 0.09202574074889447 2.5965229953468594
-2.2445111406333016 -2.5446123026016343 -1.9384420795773027 -2.063745575642867 -1.8737976502713654 4.688472408137535
-2.994620719986329 -2.014050308150529 -2.7918066933310195 -2.817013543720544 -0.2627359061703288 2.838702038913268
-2.575247615451225 -2.3715706300071306 -2.337779507425533 -2.0505415918413314 -1.1858199331895845 3.4444173171036687
-2.929072178397374 -2.4622204032622985 -2.494335801198529 -2.5677975322784805 -2.6216072349133115 3.0887362268644756
-2.9085958987692697 -1.9534230330463735 -2.612360931197488 -2.2688838844604824 -1.299867558084524 4.8368244443260595
-2.5272323158435865 -2.921788633403225 -2.206033769580318 -1.8605919079747255 -0.13128910969255903 4.938133341843924
-2.7711386497740538 -2.4703941739055244 -2.3784793271295865 -2.804788753471156 -2.3019257244384175 1.8515071424750942
-2.252397851918069 -2.0292068298198016 -1.9969745749980752 -2.22099374357944 -2.82238933607996 4.720209073709224
-2.608531442119377 -2.318083111178813 -2.240290935230555 -2.1551699913502675 -1.097206141874905 4.746269284623439
-2.4677782343892303 -2.3299753699493695 -2.1882418444680902 -2.0159150141681605 -1.9204167251808792 4.186201075120289
-2.410874649157633 -2.249380396197598 -2.171948979984556 -2.347315341320584 -0.2764355805750503 3.857627875471276
-2.9134259198756407 -2.607213185164426 -2.4981642790569247 -2.265600840877151 -1.0738049561641458 3.827855704887654
-2.9503646011061884 -2.054984719840026 -2.6385348795171053 -2.7667268678341497 0.29674005242230717 3.4882597296712503
-2.706687471669779 -2.4240867096478245 -2.4559919488146 -2.3043851177152064 -1.4057377895797285 2.3385374135208012
-2.8071644402771057 -2.65458215308856 -2.794314830235875 -1.9315576811367337 -0.5112436433664065 2.451173942514373
-2.8827601199239794 -1.5791184621549812 -2.757231638673432 -2.979389542041868 -2.267525800698922 4.352257541627212
-2.8161549184592176 -2.114963700423334 -2.4296252838747066 -2.5796507877817567 0.019392913587522598 3.186894999226154
-2.529645546456583 -2.3374165760332715 -2.2464026002436266 -2.4028050002986308 -0.7115221984729964 3.0040986436328687
-2.7119917541302065 -2.8399614955489483 -2.4511282879366814 -1.9764070861179395 -1.9161864427596567 3.293749473621034
-2.3838528942833532 -2.276953079156309 -2.169245460156435 -2.0690163037333154 -0.791983095337865 3.666836580928151
-2.6459079986060265 -1.7583081916594128 -2.534574453511027 -2.657194796885355 -0.598997619300714 4.287726858578937
-2.644746298257607 -2.4662304809994358 -2.360796494147788 -2.0141253858593786 -0.9073331112395757 4.227068049383123
-2.9045436893497576 -2.1907904009996635 -2.4844492557794355 -2.8367082645570747 0.08272080871843723 3.0032691436377776
-2.305474894074247 -2.1355175122236782 -2.0199507818117364 -2.665308417021034 -0.3988506632114279 3.513706297832736
-2.194680866722054 -1.9444077192408789 -1.949611388539662 -2.8171544286308543 -2.219349254559734 4.339644448272166
-2.398201941858638 -2.714290205323727 -2.2172450724108264 -2.064314151941074 -0.1697047064752587 3.237983405563606
-2.940074974087449 -2.4298585968674793 -2.8735672629025206 -1.9779516544793243 -0.7477178450869593 2.2877840257304847
-2.853274639733235 -2.7678307589639286 -2.6432149134451226 -2.0004035423178648 -2.104256883873576 3.6397541552869974
-2.9132009381037 -2.352688909365575 -2.5939671303066953 -2.5203149994898313 0.24052913810293486 2.5368333737089577
-2.5905207926598113 -2.602243763999687 -2.296268656634539 -1.9077637764147692 -0.2410867972521223 4.944880111586953
-2.590902775263256 -2.888289475007679 -1.924520548252149 -2.479652958291635 -1.852311470844908 4.422056944146887
-2.44188090431836 -2.9968905967697133 -2.0338613331767945 -2.05572159317541 0.21353376924228226 4.223163082291799
-2.849835234176726 -1.7385784875437866 -2.8720014741863333 -2.4259980398870997 -1.2613231312400366 3.469183981587657
-2.791600812234839 -2.3171771074361316 -2.462344062279543 -2.580087071776848 0.10789979763080071 3.4181072414406364
-2.706262876184339 -2.6623625810763825 -2.2279605711747443 -2.5778370099385914 -2.9634403090276233 2.7294666481081586
-2.9203103485052426 -2.1843657465212214 -2.6171731129243567 -2.259478760586861 -2.663721386889532 3.1963269785216997
-2.871573074175486 -1.9271147213394748 -2.7382569124596174 -2.403920914927663 -2.354369715003725 2.7607664790822715
-2.687777519582635 -2.865632252374942 -2.1914212195638108 -2.2150686798745776 -1.2175996296714622 4.184553838785341
-2.6757168937087794 -2.9794130629620157 -2.2970478429802816 -2.240147104018302 0.006140865074368243 3.4576356181540744
-2.681772123681313 -2.0265648005274044 -2.3996005827495512 -2.615601616198711 -1.6890631888686347 2.8354998437537926
-2.7013317198401086 -2.5432448623525206 -2.3726444244835445 -1.962068165694625 -1.2546019308647032 3.7684115762990706
-2.453870703071725 -2.1115320928098122 -2.044769670849 -2.9169712558460383 -1.9697057178653148 4.3525096396056755
-2.7315840098116 -2.859144848101132 -2.128831575482476 -2.4301762567068526 -1.135236608786768 3.910782895923888
-2.7572542037715517 -2.3494397089923833 -2.440380562278575 -2.254867855478473 -0.00041389916006107086 4.455279522233434
-2.6078498024955845 -1.5052160298312738 -2.509965768477804 -2.987962369491222 -0.11379602135019296 4.720042776391099
-2.7095414754611724 -2.2039133612682686 -2.1994027030476717 -2.9225319124507276 -2.1905715133921224 4.916660174684714
-2.824500334490211 -2.1110091919977867 -2.559007199292111 -2.411537515493526 0.4397470333088125 3.1818869150337488
-2.6970454793367566 -2.8472415784682568 -2.241950986890201 -2.1315051578361803 0.020408737152508696 3.9069347221575628
-2.591675653901822 -2.08418767754773 -2.4263055949340853 -2.2014882353727825 -2.1779497753041968 4.115018917498729
-2.6645554355199184 -1.7144697583981499 -2.552060944069611 -2.716882313681604 -2.50890628669854 3.968061458276459
-2.9550655244912205 -2.2399467779245112 -2.570802795878373 -2.408147547925738 -2.7435489659952266 4.498097191927318
-2.726353017970225 -2.218433557169215 -2.324110714487131 -2.4356176518931214 0.43120903146086476 4.090894341008517
-2.978688330692434 -2.750751224536367 -2.5282591359672653 -1.9863898889547973 0.37831741714497685 3.8250976023437344
-2.580707294377262 -2.547193017327559 -2.066477187614213 -2.6650710412144654 -0.9722268227609694 3.5449387323297787
0.09491525423728814 0.09152542372881359 0.0847457627118644 0.0779661016949153 0.07457627118644061 0.09491525423728814 0.0847457627118644 0.09152542372881356 0.08813559322033904 0.0949152542372882 0.057627118644067776 0.07796610169491525 0.06779661016949151 0.06440677966101696 0.09152542372881356 0.05423728813559325 0.07796610169491525 0.06779661016949157 0.07796610169491525 0.04406779661016949 0.07457627118644072 0.08813559322033893 0.07796610169491525 0.08813559322033901 0.06101694915254238 0.09491525423728808 0.0745762711864407 0.09830508474576269 0.09152542372881356 0.05084745762711865 0.05762711864406783 0.09491525423728814 0.06779661016949157 0.09491525423728811 0.09491525423728808 0.0949152542372882 0.09152542372881356 0.0779661016949153 0.07457627118644072 0.09491525423728811 0.08474576271186443 0.09830508474576272 0.09491525423728808 0.08135593220338982 0.09491525423728814 0.09830508474576269 0.09152542372881356 0.06440677966101696 0.06101694915254241 0.08813559322033901 0.09491525423728814 0.07118644067796609 0.0711864406779662 0.08135593220338988 0.09152542372881356 0.0949152542372882 0.08813559322033898 0.08474576271186446 0.08135593220338988 0.05423728813559314 0.07457627118644072 0.0711864406779661 0.09830508474576272 0.07118644067796615 0.08135593220338988 0.09830508474576272 0.07457627118644072 0.07796610169491525 0.07118644067796615 0.0949152542372882 0.0949152542372882 0.09830508474576272 0.08813559322033904 0.0745762711864407 0.06101694915254237 0.06779661016949157 0.09491525423728812 0.07796610169491536 0.05084745762711865 0.06779661016949157 0.0474576271186441 0.07118644067796609 0.09152542372881356 0.09152542372881356 0.07118644067796615 0.08135593220338977 0.07118644067796609 0.0847457627118644 0.08474576271186442 0.09491525423728817 0.09152542372881356 0.07118644067796612 0.08135593220338977 0.03728813559322042 0.06779661016949146 0.08135593220338977 0.08813559322033895 0.06440677966101699 0.06440677966101696 0.09152542372881359
0.011556235395758143 0.008664650289806923 0.00733425402061125 0.010939294244954498 0.008480545951134628 0.01398806561051971 0.007190852829805471 0.0116217990010247 0.01039623141456138 0.01149602091703132 0.011633888118635758 0.009815084294679128 0.009233797655167046 0.015101565134801435 0.00846749179775031 0.00913630856911883 0.01208811376151948 0.014945719748919579 0.008556423366991963 0.00935425344696883 0.012268197069123065 0.009921486354565294 0.008859966759347379 0.014098903004906503 0.00808474918436873 0.012673071861588526 0.010689872241026254 0.010221318144798682 0.009803444579435985 0.008115703097428527 0.008338820067787828 0.008576184748957234 0.00713248078547113 0.010482888597774577 0.00972062946263002 0.008739425794520696 0.008117121848927529 0.009566996172683327 0.010456601703334274 0.012154294623001813 0.009943059535730214 0.008496811556505285 0.008898405016157098 0.008985331027514767 0.007527815884807268 0.010664991194064258 0.011837482220441143 0.010240288508808046 0.006922386601253898 0.010443302398425058 0.008749951513471731 0.013536991219944878 0.01162797201358878 0.015887444096590996 0.008890441445735052 0.00852711813129006 0.008029415798598019 0.007824101956204926 0.010846850938371084 0.007910722949249797 0.009781893428352187 0.011371330339722718 0.008978925831982478 0.007505125458700166 0.008387855726240666 0.007213146490604593 0.007790893401983598 0.007819029334866516 0.010296269912247934 0.008567540242395349 0.012105677492343557 0.0087234808079353 0.009816782114749414 0.009022152482410936 0.01144030322672861 0.011538225561043567 0.012735284598011069 0.012651991208510462 0.007906872322210849 0.009356874142980033 0.013594804802032356 0.009473243542641119 0.009115516195513965 0.009109024492799093 0.0102126605607283 0.007761654141033896 0.00742514113099382 0.010969907298421771 0.009044410743915576 0.009697320567272589 0.01052088036765418 0.013593781656398836 0.010717081675062088 0.010163391618270791 0.00819213024227549 0.009893764631607573 0.012388008447342364 0.010830901365883685 0.01200598704502631 0.008467099672916017
