6
100 100 100
1452 26473 142487
0.8 0.4 0.1
-----
100
1452
0.8
2.9916146676513637 2.422051800501845 -1.6923434232779795 0.24176629971193586 -1.0847781521049613 4.621821560236232
1.8638433900335105 -2.5416166767802113 -1.8226691905425985 -1.3958298004192464 0.23512373367671247 4.515638979758316
1.7676443050771304 0.1492128827169168 -1.4850241558002018 -1.9655709940564696 -0.07539222574814941 4.184210686588385
0.13957497004372899 -2.313640596028496 -2.0392088481106008 -0.12521236119758372 -0.7731295210375344 2.2143013857220026
0.7097688435275997 -1.1472856849005497 -2.260322346730596 1.4838714866490221 -2.8930026872080954 4.847902363407872
-2.658545596169782 -2.549302132823816 -2.5628262728095907 -2.1587070355871476 -0.9653839094254808 2.4032202866603516
2.57079670862844 0.6222712829848343 -1.2427550979778172 -2.866404722863218 -1.4063275109158226 4.8750332546627275
0.6197628353900488 -1.0103167595878162 -1.938538402340027 0.729805196448222 -0.474137786008475 4.2978899585798
1.285935222770565 -0.7575452873218524 -1.7938874720750109 -0.0218386019547383 -0.46624137372250196 2.0084135161330616
1.0431372970346686 1.147095484261472 -2.3619501141879917 -1.430587449787645 -2.477538915058821 1.2189419995879724
2.102564290797563 -1.6445271670772952 -2.2656960342394044 -1.8791954178366095 -1.1686135459657718 1.1202011683586943
1.2100702142057909 1.3467058867208355 -2.1977868776256466 -2.5492043757576206 -2.236166430437766 2.809585489054208
0.5926079702675073 0.4356840711070413 -2.8118664823124226 2.1886411562746844 -0.9955685278470341 4.245459913419015
1.0110828022075644 -1.1042041508406202 -1.5407840768022192 -0.87051380884696 -1.1940428313810285 2.44109335429871
2.77450044388687 -0.20236631587043075 -1.3794024500743487 0.6883627908668628 -0.3687662464918251 4.712979008277292
2.4574945013355283 0.950532798643962 -2.03253204044252 1.6687595158800281 -2.9121115147584637 0.9519447705339046
-0.8092311174257589 -1.6936138422699436 -2.024067714688468 -0.9122753074204177 -0.6958194495841457 4.448116100640489
-0.23341262955107123 -1.8254576342350153 -2.6192400976382757 0.6444024917685165 -1.0164275748438993 1.7643768197782495
0.2607382708612347 -2.621879617209483 -2.753667021387042 0.4087474843785155 0.0008466796945469923 0.7216320621322048
-0.5677707894531427 -1.3522762990605086 -2.5055481819536247 0.13148200486221562 0.48048082637349054 4.07693005022622
2.6032569372271617 -2.7798203405133632 -2.403385544131056 2.597974901330508 -1.5782386391692396 1.534059164555407
0.8739266414647426 0.837626119058513 -2.0766629486826496 -0.6263550671161333 -0.9124430687032175 2.0838122783975512
-0.6564753969868962 -1.3632887029411633 -2.0441248322461094 -2.4130352062778178 -1.3277837013158926 2.2400917465678836
2.1980626670830397 1.9521501714075153 -1.4038637438275403 -0.18192663875795745 -0.8229091052335691 4.11114532310115
0.15278765981412068 -0.8295777787246341 -2.9820462023938754 1.0550506202147076 0.13501574867292243 4.555456073727853
-2.2615137838844652 -2.4725821441251394 -2.5214315490364974 -2.291572407019856 -0.0047441222077519996 2.5247032567234795
-0.513061814760579 0.025836010636708373 -2.170623349125418 -1.6442587215872448 -0.6623098591763688 4.08659277950871
-1.5129106070841356 -1.673048397037813 -2.382045885165731 -2.303530140249611 0.026055336838388676 2.582151954637686
2.7661076300768395 -2.923590172622803 -1.7952168363535095 -2.7696548105027325 -1.7987089610958709 1.4813926254658905
2.932765516497046 -0.6714554494416922 -2.1178570224612168 2.384794696529437 -2.901142972267037 3.5650694707215336
2.04138178985594 1.8107087160101436 -2.461215813227592 0.47793658813670303 -0.923229046782692 1.1197258505438035
1.4382781246043432 1.963853640202485 -2.1230711364075465 0.9735795913417506 -2.300636366659437 2.7415506629363104
1.6991632117908715 -1.8264689568811918 -2.3337255033480475 1.679966448820009 -0.714598599493816 1.5695080523981075
2.0798460355820785 0.121578866907055 -1.8714329831417835 0.4790646093142179 -1.8018379941583689 3.1965715341215173
1.5771717726463148 -1.3696969905427863 -1.6419499973226896 -1.2528233967637603 -1.578425848783958 3.4933134142837776
0.5527560694372888 -1.2307492528275854 -1.3696966928014507 -2.573463475642505 -1.7403504590322272 3.4349976386166494
1.5537941228025973 0.37730309121350025 -1.4854260022168213 -2.962969203654485 -0.524796206356152 4.190027850351175
1.5416886048730527 1.8155120010242456 -2.146446848864142 -2.9096712397928455 -2.9002592962020746 4.262473630000221
0.9500598884383131 -0.2240454883259706 -1.6783537863258742 -2.915362447900763 -1.531982226432884 2.1104236665285683
2.9558039366001827 -1.9582561004342756 -1.7464042385837475 2.7867934246338724 -0.022636877616413198 4.54037991650252
1.4101463494508213 1.8795857677302408 -2.958570117477043 -2.9154378744729885 -0.7417333911685131 1.1056578499018899
2.9224712831232473 -0.8315265808897663 -1.845299292106945 2.0922195917535245 -1.8129167392046228 2.92624448150408
-1.6549100772394758 -1.07028478414259 -2.8183386532659127 -1.8844152378400794 -1.8803763043016422 1.5263206448146072
2.322411198451576 -2.3514499896852747 -2.9451797699732256 2.903125947152306 -2.819866945448567 1.3104371981184826
2.869837145637904 -0.14518752870815943 -1.840174509696372 2.429675290702553 -2.853399903888311 1.6733592069812198
1.563946941901377 -2.5207816772497638 -1.923659796546802 0.8825790663653397 0.40388907461469925 4.176232222025581
1.2973173544017076 -1.3454033744884137 -1.6635875060756002 -0.06890004905222202 -0.6736233215445293 3.2720454709484335
2.6899533534076587 2.7330018212826896 -1.9102321706534573 -1.1826101112151894 -0.13000051750200825 3.6116154582207463
-0.5659235685598127 0.4115059743890601 -2.630037867970026 -2.3056051079197024 -2.3708570639640407 4.083001082430121
1.5315644452182644 -1.0191866254960327 -1.8843892419108221 -1.623505190960009 -0.23501484606991063 3.7271040595814786
2.498011055528549 -1.7518360543102736 -1.686983227870177 -1.2125275746383983 -0.9215882256133563 3.693153613416189
2.680920620046841 0.026584547179298035 -1.617964377408589 1.6513758722210614 -1.1158556137774733 4.38954592093498
1.0921282468419777 -1.5460635134416942 -1.796938465271869 0.656617988450169 -0.06148318934311181 3.0548041841886153
1.4085146855637438 -2.565301764258312 -2.31865216249454 1.3974194701481224 -2.637931393789352 1.5885009127412686
2.8022174093868646 -1.0457030052252834 -2.0357747351156217 -1.1677748371297119 -0.02876842993682649 1.629457577713408
-0.28367095593295 -0.31036794935098566 -2.8541198084396293 -1.829725370691536 -2.0743065329658434 1.1271813636513506
-0.7753539431246637 -1.3075354162857993 -2.946032348983815 -0.39484258902618086 -0.9711211849697312 1.477032654246695
2.55187635020728 2.733086956703274 -2.0939347585816908 -0.08729087418619974 -1.5881064412789407 3.904060216403077
1.8491005544899428 1.2996745853783693 -2.7928138408720313 1.9047524860690306 -2.8999176845810846 1.0140289354509635
2.1277305538622864 -2.775019543711089 -1.9164455421541553 -0.19307458829770363 -2.763054439724488 2.433657490900459
2.3466774021206342 1.2785842544980301 -2.321009608221757 -2.512754348744282 -2.865818750337943 1.2529015155140577
2.2060108805876544 -1.1143541975283484 -1.7615495370815806 -1.6654428251958873 -0.6982288233273319 3.9322893266585512
-1.2643611677187234 -2.7679097504150563 -2.4254689683327295 -1.0772168592309845 -2.7133571454770533 2.5518901517603587
-0.8236513238591132 -0.2672168789541356 -2.8541770885690263 -2.2233562133079414 -0.9290657974001242 2.556657567213576
2.434682017045696 0.4111537773145022 -2.1624135773655055 -2.6384272598410563 -0.31295156022050685 1.3816545744260156
-0.08827207771762202 -0.334212074021639 -2.768937077386182 0.8559556712759169 0.2334136876984929 1.4567090755560008
1.1955076390196666 -0.3884982025365358 -2.302954957646671 1.7231134811342201 -1.395048230250059 2.8097079797617464
-1.4625198960827754 -0.20266344963750704 -2.8323385738441886 -0.6439318072637326 -0.3296806115048265 3.601551234779534
2.928089245945678 -0.05293904736633648 -1.9037112943848196 2.74665824703351 -1.5429627501543512 2.544432234941808
2.2491240243420094 -0.6445364330820755 -1.8926264861310065 -0.6158905258223477 0.12940126606887503 2.5401031989722247
2.0032034183373586 1.5292468639370096 -2.1261600915081558 -2.6878868048120914 -0.6669295806283566 2.7210035794439147
1.9094052807551858 -0.33531554768935035 -2.0465131542700603 -1.5424069451173699 -1.4189278831791123 2.2443254459931063
2.9242918130045137 2.2672926795384853 -2.306577586823162 2.3456045126040834 -1.683041555081636 2.388413994183801
2.364040584052953 1.9931086346911737 -2.3042741203443096 -2.440885269447238 -0.03485999169096132 2.6499243294967867
2.6229396251018784 -1.8052728238265154 -1.8029694127036455 0.5446762579081694 -1.4658350930685953 3.680318698363696
1.6968956755220672 -1.553534018971653 -2.179344555738595 -0.1243307449283848 -2.690609914819987 1.1189154712332239
1.9128989916723587 1.3170374402112017 -1.274238080687884 0.9359162971392423 -0.6012706581500185 4.947416917044811
1.8173947679253954 -0.8937786951756208 -1.9337967071512305 -1.567397049927064 -0.4590559804167418 1.0314512761990324
0.288638970554862 -1.7796304148390605 -1.6719120496784927 0.19757756888867517 -0.9282914056609082 4.422234290947289
2.528586477863981 -2.9143791079679957 -2.179508126730706 -1.8946235212972358 -0.48961106617694394 0.8719582509321999
0.7061197949898901 -1.8158600374319405 -1.7646182746649668 0.9477979736695867 -2.747701595897148 3.76153549432133
1.167177184188258 -0.11248746937480547 -2.012411258792049 -2.563485367760369 0.0990494251097509 3.062663961239341
2.1610308314600246 -0.8791413392105172 -2.415562976306949 2.373970698957468 -2.9031780753384924 4.289198247697944
-2.5491475822368796 -2.342952100600226 -2.6540915073989764 -2.7896979449817376 0.24258936134153108 3.3983788777580557
-0.480338452312739 -1.1272425758660738 -2.9795070861699844 0.38367221973208965 0.292851670632877 2.6043849752001447
2.548796389472084 -2.684822212856517 -1.8553524520503433 -1.7589677345318009 -0.5046929308888806 4.76403411464972
2.0047273305336137 -0.7645746146234123 -1.8178502321412955 -0.15788086949458213 -0.2850687088091277 3.898963287734035
-0.07852252761183465 -2.6106712166565735 -2.226558858779391 -1.4522218318193056 -0.29729500322386526 1.2111008461230799
0.4389023422439977 -2.030561770551688 -1.787876781314548 -0.5948741631285168 -1.9378740026098609 2.4624330626493074
2.7676069249419353 -2.492105667608931 -1.620168853947571 -0.4416213827558959 -0.03287344806105974 3.551127446972596
0.9607931001007435 0.6795689885235463 -2.0387935973641578 -0.8347867577516848 -1.02646342914927 3.3080546247748845
2.8574493220312362 -1.6059075607193076 -2.5543219015634353 -0.9595124269430961 0.26226021187435045 1.1526058658722915
1.4070568384516902 -2.3933675144191935 -2.472845093306551 2.4502408825426345 -1.6660654606595346 4.118029251728802
-0.17549146237188484 -1.4960868897907136 -2.4225468820341685 0.26442428851555366 -0.10353493805757763 4.512517290798521
-0.3597474968097929 -2.6299992161721115 -2.9906415713642094 -0.42091360820474133 -2.7728139928028037 0.6369494377389096
2.6473158534803183 -2.3361592955123087 -1.8434720426926696 -0.3654696728413933 0.47860883741468285 2.898922004696627
2.463380586452014 2.8031369955377796 -2.399408515336746 -1.995383536403947 -1.1535623717802013 2.272817643231698
1.1539959821748482 -0.8318399957593208 -1.594520672704589 -1.1450550787035318 0.4897316641894447 3.0323332951122994
-1.6256776312737475 -1.8572726260554702 -2.8913046527423454 -0.6166839175800289 -0.6151115624464332 1.9083530143005134
2.656797143042633 0.19079082693527116 -1.386747587137208 -2.4662652836863357 -2.65980057392087 4.7445176619671106
0.511864406779661 0.5152542372881356 0.6474576271186441 0.5864406779661017 0.6237288135593221 0.28135593220338984 0.7457627118644068 0.535593220338983 0.6779661016949153 0.6779661016949153 0.4813559322033899 0.5084745762711864 0.7966101694915255 0.7627118644067796 0.6644067796610169 0.7898305084745763 0.33898305084745767 0.7694915254237289 0.5830508474576273 0.4203389830508475 0.528813559322034 0.6508474576271187 0.4576271186440678 0.7966101694915255 0.7661016949152543 0.2847457627118644 0.6067796610169491 0.4508474576271187 0.7491525423728814 0.6576271186440678 0.5220338983050847 0.7932203389830508 0.5593220338983051 0.41694915254237297 0.5830508474576271 0.7694915254237288 0.6508474576271187 0.46440677966101696 0.7457627118644068 0.6067796610169491 0.488135593220339 0.5220338983050847 0.43728813559322044 0.5050847457627119 0.7796610169491526 0.5084745762711865 0.6000000000000001 0.6135593220338984 0.5389830508474577 0.4847457627118644 0.5186440677966102 0.5491525423728814 0.6203389830508474 0.5525423728813559 0.5423728813559323 0.728813559322034 0.6271186440677966 0.4949152542372882 0.5254237288135594 0.47796610169491527 0.4610169491525424 0.41355932203389834 0.376271186440678 0.6779661016949152 0.4983050847457627 0.7932203389830509 0.6576271186440679 0.7152542372881356 0.6813559322033899 0.4915254237288136 0.5050847457627119 0.4542372881355932 0.6508474576271186 0.6677966101694915 0.4067796610169492 0.5864406779661017 0.7864406779661017 0.7864406779661017 0.6745762711864407 0.6711864406779662 0.7694915254237288 0.5288135593220339 0.7627118644067796 0.4474576271186441 0.5220338983050847 0.5898305084745763 0.4542372881355932 0.5050847457627119 0.6237288135593221 0.5796610169491526 0.4271186440677966 0.7322033898305085 0.6745762711864407 0.5322033898305085 0.6576271186440678 0.4677966101694916 0.5898305084745763 0.6745762711864407 0.6101694915254237 0.6610169491525424
0.010000000000000004 0.010000000000000004 0.010000000000000004 0.010000000000000004 0.010000000000000004 0.010000000000000004 0.010000000000000004 0.010000000000000004 0.010000000000000004 0.010000000000000004 0.010000000000000004 0.010000000000000004 0.010000000000000004 0.010000000000000004 0.010000000000000004 0.010000000000000004 0.010000000000000004 0.010000000000000004 0.010000000000000004 0.010000000000000004 0.010000000000000004 0.010000000000000004 0.010000000000000004 0.010000000000000004 0.010000000000000004 0.010000000000000004 0.010000000000000004 0.010000000000000004 0.010000000000000004 0.010000000000000004 0.010000000000000004 0.010000000000000004 0.010000000000000004 0.010000000000000004 0.010000000000000004 0.010000000000000004 0.010000000000000004 0.010000000000000004 0.010000000000000004 0.010000000000000004 0.010000000000000004 0.010000000000000004 0.010000000000000004 0.010000000000000004 0.010000000000000004 0.010000000000000004 0.010000000000000004 0.010000000000000004 0.010000000000000004 0.010000000000000004 0.010000000000000004 0.010000000000000004 0.010000000000000004 0.010000000000000004 0.010000000000000004 0.010000000000000004 0.010000000000000004 0.010000000000000004 0.010000000000000004 0.010000000000000004 0.010000000000000004 0.010000000000000004 0.010000000000000004 0.010000000000000004 0.010000000000000004 0.010000000000000004 0.010000000000000004 0.010000000000000004 0.010000000000000004 0.010000000000000004 0.010000000000000004 0.010000000000000004 0.010000000000000004 0.010000000000000004 0.010000000000000004 0.010000000000000004 0.010000000000000004 0.010000000000000004 0.010000000000000004 0.010000000000000004 0.010000000000000004 0.010000000000000004 0.010000000000000004 0.010000000000000004 0.010000000000000004 0.010000000000000004 0.010000000000000004 0.010000000000000004 0.010000000000000004 0.010000000000000004 0.010000000000000004 0.010000000000000004 0.010000000000000004 0.010000000000000004 0.010000000000000004 0.010000000000000004 0.010000000000000004 0.010000000000000004 0.010000000000000004 0.010000000000000004
-----
100
26473
0.4
-2.7125697971765037 -2.663718780533088 -2.5159755375708204 -2.219753298787314 -1.9515657390135817 3.083648491881849
0.1274265175952094 -0.014778132463569404 -2.237354382681793 0.43060124831949187 -2.0080666163932994 4.906142681688928
-1.337960829014924 -0.6578976531957967 -2.5928357344694897 -1.8366146200912628 -2.8217182038370683 3.554637732525353
-1.3417425296935024 -1.8684005101839471 -2.314735476651464 -1.3185139005115554 -1.0025848884503918 2.7550977832143677
-0.25810542729415714 -2.385545665542395 -1.8014525863116577 -0.9696557301128265 -0.27513462965913454 4.185156745041496
-1.288820642471911 -1.7671432461491015 -2.1553390597429596 -1.8438345819541886 -0.4711140981746854 2.2853245477291972
-0.7300678636624615 -1.1899439188789769 -1.8726189420024144 -2.9580781006743866 -0.548006417215262 3.990250882519252
-2.3041663439663775 -1.844836273674198 -2.8373605647108877 -1.4333918183112093 -1.10812847581215 2.406232510279533
2.115702185023685 1.87924069352455 -1.9162917158914252 -0.9728052900286506 -0.7373507609010554 4.498877206531302
-1.4744547900165226 -2.526416595399506 -2.073199763495241 -1.7229666161786734 -0.3009527170721116 3.802406214711539
-0.6975872697750481 -0.26231821405357403 -2.3330416770606615 -2.879899066441706 -2.3993411186017033 3.8092833063236764
-1.023322909188149 -1.9719380058767921 -2.016048337951124 -1.513183534950267 -1.803296367193862 3.574916070931175
-1.0801009900525549 -2.903393533467227 -2.171311584513962 -0.762590903393151 -0.6182616535825081 4.572460323817651
-1.5736045710993283 -0.967797850206546 -2.6494669700433886 -1.7366520997582038 0.024200067677023845 2.7672842786051266
-2.2285619522527518 -1.7969497774442371 -2.1568004721859526 -2.064254016411821 -2.5243100638371327 4.755939982268208
-2.177532623200333 -2.334218725205673 -2.30080100460897 -1.9763140337796632 -2.493955422402248 2.9949972318129037
-2.062913046101974 -1.304921719942879 -2.974400391143769 -2.0727555296436786 -2.6164846763836724 2.057006505035554
0.011130477839388364 -2.1125345756948892 -1.7133934049802775 -2.8945313254658487 -0.013583293556064135 4.54886356536861
2.0292413329108285 -0.9875459054128519 -1.6807898446283607 -2.9163914450081374 -1.5563289963798013 4.855180731234096
-2.237913768550456 -1.3392217553608543 -2.661326478050645 -2.1518171153099113 0.30927320103394496 3.7963158914372412
-2.856654362541442 -2.3419294323226065 -2.81449084657308 -1.9741005072772757 -1.598691137998105 4.13201993617747
2.810802790126287 -2.341787219288034 -1.7051435391708387 -1.3925198641857457 -0.004624233256892329 4.684666178516964
-0.004523557476988405 -1.7929235910654864 -2.039005648517498 0.0897465442691936 -0.13814227534524443 4.5808043253852855
-1.7061281754026072 -2.3011367247682344 -1.9304494471336784 -2.164114169260671 -2.6840969781183577 3.859793905533178
-2.6436306398250196 -1.416074673874643 -2.9825246997580916 -2.291509144946868 0.4057291091401656 4.2977307948712085
-0.8055685210028933 -2.1133328384442756 -1.7913865488156535 -2.6803041198597684 -2.4652569279463714 3.9407155772444415
-1.344958301233026 -2.3077832380922216 -1.9979614760338573 -1.7411692983331886 -1.174740673997439 4.473166860314125
-2.9285873420554216 -2.9121117325300263 -2.585417486884643 -2.3384876996673842 0.4879785325333197 1.9757463247891662
-1.6636948058597438 -2.5045989547604854 -2.3362581376929605 -1.5111051350912006 -1.0109513718053726 3.930911608201166
-0.4306633465012668 -0.5477576221933163 -2.071329047280653 -2.435226716439052 0.26245983316867805 3.604804847226922
2.2944505589925246 2.4349484676351345 -2.0696521242462915 1.2836963236475059 -0.24099041399756915 4.886742996182728
-2.7219626850172687 -2.0818647892994484 -2.8520183924887204 -2.2366010607487303 -0.3943757428972888 3.5427680906732686
-1.9249327026367695 -1.4975437105845866 -2.408043404326907 -1.6831408358535227 -0.9822706730795082 4.4485998323555975
-2.686433214859232 -2.4664390977564996 -2.743961712894464 -1.819837912194746 -1.5234282101035899 2.4228644983217724
-2.8606867328624617 -1.9924975045194309 -2.924663952339756 -2.485514849929998 0.4002192344800412 2.165123136088282
-1.625299535451636 -2.1045835571089917 -2.040169537581484 -2.6101807163002784 -2.6626550051051368 4.387319043409823
-1.6797595645918995 -0.8746585860753384 -2.9030694513333772 -2.4235555424669055 -2.271176835402759 2.0129026066676508
-2.6123807900260303 -2.2440541666673046 -2.760334655012083 -2.4220328199058128 -1.3270819142992643 3.859957673929668
-0.586145426217759 -1.4539402628348386 -1.7806948776955032 -1.8665826247414037 -1.6353542377066157 4.4791525152661755
-2.1046526958938085 -1.0850763267054322 -2.851403628633098 -2.7443962287986374 -1.5139654929968653 3.3643163285561575
-2.3853698558493006 -1.7698702108496152 -2.5144159258741454 -2.5485100757018575 -1.471132762787495 4.531554120579055
-2.330478360688704 -1.4772038165388772 -2.609653661007736 -2.8499527432919702 -2.603126814183305 3.5345169434620365
-1.9335003830768405 -1.825306311049911 -2.383217560714236 -1.3518184730083647 -0.7040392471630759 4.589234338200548
-0.8915193738334528 -0.8437434383236962 -2.454814325838842 -1.1453336521889264 -0.8312903542531245 2.1418120480582887
-1.4141226878734865 -0.9164924929775915 -2.2917408760204463 -2.7544065754528924 -0.2878934938434518 4.174531278617195
-1.828853877693059 -1.9976960290748178 -2.19964015760447 -2.584330812974895 -1.3297932517655398 2.4424892067915933
-2.020593900948111 -2.1315798918598783 -1.8407290338946338 -2.255885221578468 -1.3878789240018237 4.909230374120476
-2.6830930201874876 -2.7989689308071344 -2.4484634129092417 -2.68018955560903 -1.4268923460830139 1.342988309376071
1.5920546813357839 -0.3694636534115394 -1.7013486468482906 -1.702972887685716 -1.5601011772484257 4.70799476208453
-1.0642984860694638 -1.9531654750660032 -2.0794828670662797 -1.0846868678696533 -0.3065468814286493 3.731591384655821
-1.533532485173441 -2.0730823541728953 -1.929794538697271 -2.629256693898708 -0.547607665825648 3.9005632705073205
2.4783311313559557 1.1349544717624198 -1.6807451375202203 -2.5257525000363703 -0.07059089726406542 4.894222187966123
-2.8216811961913293 -2.727620031631244 -2.429736308524026 -2.6591170311400223 -0.08549302024447109 2.6507050432902877
-2.03451825729365 -2.1478277048185186 -1.9798875415711787 -2.630565493008538 0.36533282516434246 3.577001765069783
-2.4802598951051373 -2.5787592254316847 -1.9962257351825006 -2.8208540495518877 -0.417860675279097 4.796243230732889
-1.0290597390618412 -1.7326032132359466 -2.076827337280601 -0.8755883773201201 -0.36420495421702925 4.489436220042831
-1.852222611849909 -2.134332407249902 -2.0310401452021454 -2.219656859362583 -0.35275005693516803 3.4633378712612712
-0.632993155124214 -2.32685432239203 -2.8271562768460177 0.4053084471466244 -0.37857498829972613 4.327860658092659
-1.9486405277769157 -1.130765782664468 -2.661319220919916 -2.2910054366870614 0.48468322605550723 3.8643818202481555
-2.056241254447802 -1.9428878051297227 -2.136034810398565 -2.492534357818947 -2.4915077744429177 4.88940974081112
-1.924100625385275 -1.3878903308785862 -2.6220488361402166 -2.0308885163944703 -1.1063186443047388 4.315956394616371
-2.346899031499177 -2.399288116823325 -2.2478349056866223 -2.9566931619521544 -0.8962857752061131 4.509763983092216
-1.3634487871441097 -1.5501372791899821 -2.23930699271529 -2.3910616809183485 -2.4961817993980966 2.714923067221095
-2.076501427818377 -1.6392563081394522 -2.6869179555602964 -1.9291248637452574 0.3190771620293265 1.8855744826457939
-2.394742511252734 -2.5992859613121566 -2.7869464744529266 -1.5295108239501483 0.2792707059611881 3.072759648112692
-2.009135062763412 -1.573803003703492 -2.790225896669999 -1.3715066169697803 -1.0607921083717287 2.272764853580182
1.3416990593436844 1.0343290428683092 -1.9145300468319912 -1.8091786993370422 -1.3106961254604708 4.255938571034433
-0.9698634522935776 -1.4582901669931667 -2.3659326095378743 -0.763854483937597 -2.503030927615615 3.0439883895782667
-1.8609827056375479 -2.3791307726357074 -2.3134061779483286 -2.3490429774497543 0.3224380614941175 2.2312004294411207
-1.6882740536208902 -1.3521842488365743 -2.455185750693663 -2.5269723962058808 -1.9182958867949642 2.6581615732547412
-1.0671466484043681 -1.1298746113692242 -2.205130499217688 -1.0928105721097547 -0.21111617409327832 4.769771614405005
-0.3725305851445513 -1.714409624552403 -1.7404803175989247 -1.407003256349302 -2.269097228546758 4.696622946949562
0.9083221764833191 0.7410427552448342 -1.9266193569745664 -1.3958471801720487 -2.684370065736371 4.564191045050364
1.4038317483829992 -1.3478684819563775 -1.700100981839267 0.12825414336895702 -0.44785930844930916 4.860682407718256
-0.8304419621725454 -2.652838846873564 -2.3665450539427315 -0.36084986574249867 -0.1166202829829962 3.7815610134531306
1.549297672240668 1.8275055036021655 -2.3117444589269547 -1.9207011555968396 0.33012398247871766 3.269470664138655
-1.860607447970411 -2.8113287291162066 -2.529252017718354 -1.344073773294045 -0.6121003090051619 3.6236677289559442
-1.8761080277017008 -1.738997252588986 -1.9793542300145623 -2.2298986855663094 -1.9952332791535234 4.134563056165941
-0.14516334714197093 -0.6951554860121999 -2.051374154849141 -1.2769461932054407 -0.35603939752661323 2.8669317516563906
-1.2607225427083217 -0.8786840656485873 -2.285968046916594 -2.1376922298674823 -0.5152645216256675 4.697400307927769
-1.218157405353948 -1.4214428752037425 -2.089357466760328 -1.3772597932630934 -1.6066982852575242 4.492731287203885
-1.7473551512680656 -1.3243838102740593 -2.414891991237594 -2.454532274546388 -0.31851510426758617 3.0060054368579148
-2.3841188215933347 -1.2255316588549148 -2.979506644949529 -1.632953604904321 -0.22224895553146928 4.362169873057674
-1.8276761052714459 -0.9848426721330512 -2.946449942763532 -1.0931771881058396 -1.0152017864688352 3.1310996206466255
-1.1011239889566964 -2.666546312292004 -1.9883218165131238 -1.3449538859842676 -2.021213060035523 4.098824788461781
-2.2528983094410155 -2.253385056912559 -2.437296637778871 -1.9293509532360913 -0.19506749441080784 3.1472483064141232
-1.468318705206637 -1.7243513651828106 -2.4464448979758386 -1.6889154642249145 -2.180877716691236 2.0387458093670414
-1.766898842125854 -1.3767671001524762 -2.6544791123075924 -1.297941407980481 -2.2620355081017824 4.617810745244865
-2.382586085823269 -2.063210256439862 -2.6028622250952314 -2.959432338064079 -0.8730090293948515 1.6577472384427734
-2.8428116763454865 -2.486424977006452 -2.6760798351191233 -2.8286815732762616 -2.3134819871486028 3.0024724174340096
-2.0599676106811797 -2.3690883897631383 -2.614940489358194 -1.3692547541003564 -1.1402764846417712 3.438576620665482
-2.7032207268703337 -1.77812801049401 -2.918303744016824 -2.7162659671345764 0.051431564271807506 3.8533747849864226
-2.6825021847729222 -2.2799908236813042 -2.921980683865324 -1.6101554763720407 -0.14493634394280608 2.8423300052493974
-2.5282000407498444 -2.416958028414957 -2.427848532173474 -2.653660714303959 0.1402439123066572 2.241479469362453
-2.1186511309868394 -1.861100706078229 -2.2975583674288442 -2.17477394733765 -1.4739453528640003 2.846393894536184
-1.5588566358163751 -1.9228214610339054 -2.0969662833056235 -1.4276136212490222 -0.5120876261605972 4.073057943684153
-2.498374269586285 -2.7755369143881508 -2.098879313412139 -2.6087147453903197 -1.160911922608156 2.5027533514184728
-1.4826954095662275 -1.8005113978964233 -2.527441660301627 -0.6793147805930303 -0.5725571992635988 4.999768778780119
-2.2913972910328777 -2.245144748139744 -2.507264144387753 -1.9125897553595612 -0.4378514305128313 3.2155495525379
-2.607089107132667 -2.7549874014421825 -2.7729597999435724 -1.8872756528788845 -1.1048564913953727 2.204219764141861
0.11864406779661019 0.39322033898305087 0.335593220338983 0.3355932203389831 0.3966101694915254 0.38983050847457623 0.3864406779661017 0.3728813559322034 0.39322033898305087 0.3457627118644068 0.3830508474576271 0.3864406779661017 0.3118644067796611 0.33220338983050846 0.359322033898305 0.2677966101694915 0.32542372881355935 0.3966101694915254 0.3966101694915254 0.30508474576271194 0.21355932203389827 0.3966101694915254 0.38983050847457623 0.3152542372881356 0.25762711864406784 0.3864406779661017 0.37966101694915255 0.3966101694915255 0.3694915254237288 0.39661016949152544 0.3864406779661017 0.29491525423728815 0.2508474576271186 0.31525423728813556 0.2677966101694915 0.3830508474576272 0.3728813559322034 0.2983050847457627 0.38983050847457623 0.311864406779661 0.11864406779661019 0.35593220338983056 0.335593220338983 0.39322033898305087 0.3830508474576271 0.30508474576271194 0.3728813559322034 0.3389830508474577 0.38983050847457623 0.36610169491525424 0.288135593220339 0.38983050847457623 0.18305084745762712 0.3389830508474576 0.14237288135593218 0.39322033898305087 0.28474576271186436 0.39322033898305087 0.3254237288135593 0.1423728813559322 0.37966101694915255 0.22372881355932206 0.3694915254237288 0.3627118644067796 0.28474576271186436 0.3966101694915254 0.39322033898305087 0.38305084745762713 0.32542372881355935 0.30169491525423725 0.3966101694915254 0.39322033898305087 0.3898305084745763 0.39661016949152544 0.3830508474576271 0.39322033898305087 0.31186440677966104 0.3898305084745763 0.39322033898305087 0.3627118644067797 0.3016949152542373 0.3288135593220338 0.3491525423728813 0.3525423728813559 0.35593220338983056 0.20000000000000007 0.376271186440678 0.3898305084745763 0.2779661016949152 0.2779661016949152 0.24745762711864416 0.23050847457627122 0.3593220338983051 0.23050847457627122 0.35593220338983045 0.3728813559322034 0.3864406779661017 0.3152542372881356 0.19999999999999996 0.21016949152542375
0.012780994952266462 0.00779771798025598 0.012351193908542066 0.005506683890613857 0.006183336788253278 0.0059363743765345 0.007750011178382754 0.007775004390240189 0.0062085105589778445 0.007743233517102672 0.010215456861871383 0.007245083926544285 0.008741825888401323 0.006468031340987687 0.02347723120336808 0.013012208129626725 0.013771271418314638 0.00911788985420292 0.007287053443511516 0.009322024451361339 0.016011496891018356 0.006343656873703083 0.005714134593928284 0.017820311599422878 0.015373176914071616 0.01355764462261667 0.009452770886993353 0.012610001879050413 0.007886419030868636 0.006591500191010848 0.011895410373597115 0.010022011070572398 0.009173951130770987 0.009904496643873172 0.0122069768241125 0.02035752006899123 0.010835966253899024 0.0121473904262513 0.008139467561870768 0.010576387831743365 0.014213196192609478 0.017580433825491154 0.009373688359857557 0.0049679656337320985 0.00850469256903699 0.00797518410953545 0.01806004564814272 0.012997692126394143 0.00532797310735427 0.0059702307039446656 0.009265806125248459 0.008417255100317215 0.00997956830770376 0.011419916846194292 0.019037826457101257 0.006923015896748909 0.00828832620038208 0.008714216052683445 0.009706037281236283 0.025313366543713543 0.009593659213053215 0.014283731032835109 0.009798287192752948 0.008421233835250683 0.009217863180925498 0.006909921207420632 0.0052401675171427214 0.007566049330989306 0.00841370579581863 0.008241521499970502 0.007634164841692509 0.010221567717220988 0.008263016475509345 0.004945440879587467 0.006440328423089949 0.00765898614221261 0.00780506993690333 0.013315938386730394 0.004350795182185747 0.0086573651153425 0.008553106502318901 0.006664665319748584 0.01252192935068378 0.00776833449279467 0.010351190545244818 0.007457061481236065 0.007739221036402919 0.0150184845297786 0.009533536303547625 0.01736515919704127 0.007854498770145118 0.012365969192195504 0.009416830463845104 0.009473571710761186 0.00808006747947569 0.0074398272077430576 0.011323414813974043 0.009906979883156876 0.00743513631441166 0.009403935683707235
-----
100
142487
0.1
-2.666170553330182 -2.1276156511321913 -2.4693403574521815 -2.76784148593017 -0.8923684344742064 4.498697300928287
-2.9734030890685705 -2.84896673494014 -2.69996921775412 -2.591776703588362 -0.4609757344885326 2.5063997953325563
-2.891208044307958 -2.4249407526019287 -2.5705606600676103 -2.717823438273368 -1.0479409495857595 3.961306837980855
-2.9001934940606784 -2.5505177168852593 -2.5687573038338156 -2.7406013228288475 0.41112848577987304 3.283711175132834
-2.946845951017991 -2.3639827951689387 -2.9531555490296846 -2.280770260026897 -0.5550885703534385 2.507135920767598
-2.997424004693332 -2.2848547582031284 -2.8012820503387497 -2.75983930073416 0.45263714549776424 2.6075526479755045
-2.2734074705828347 -1.9584217569614093 -2.2977087407474657 -2.9365281062117776 -2.843277659275799 4.087620560299497
-2.5586020655442 -1.8702966131580079 -2.7321168664747995 -2.2097076742171033 -1.35321018252316 4.145583562941583
-2.832637169865068 -2.2550107821682555 -2.6682812287952777 -2.4746815201579593 -2.9243263342783794 3.9749094507303466
-2.574716998883042 -2.7840786376064885 -2.3798296501425957 -1.9385744167993706 -1.1113802656267757 4.83913348082623
-2.930684155769497 -2.289197885815482 -2.6487505812048724 -2.975727295370374 -1.5701344805768729 3.706277035184136
-2.8652546490716957 -2.6487175260154703 -2.808462196474696 -2.6957499224988117 -1.6664263919998108 1.4406232550985716
-2.8675062316157236 -2.133476428640222 -2.7978323765545103 -2.5224345520891207 -0.09702054717338504 4.1498197822877
-2.8432738540964944 -2.3196051249279117 -2.709866206678982 -2.476732110332542 -2.937106157592723 4.684304521373026
-2.6859463197372264 -2.0173440188142195 -2.6465284533830693 -2.8922422098271223 -1.9208640399953274 3.591865544535737
-2.951409439450967 -2.5941788862081343 -2.527337526809542 -2.739232613490618 -0.2024713419249276 2.731518283575067
-2.7040591703940104 -2.4516559764207235 -2.5029280290157243 -2.880995104600461 -1.6922057388584415 2.1725279285412107
-2.7201358575842 -2.380770881688117 -2.630949073706738 -2.9264390205892097 -0.7769185265068292 2.5726534544546436
-2.500497646677794 -2.2887770690769296 -2.3781254087698747 -2.613779276594752 -2.486760993024412 3.3279632730609494
-2.8668455514836384 -2.544775038978251 -2.7000230590005714 -2.7055914388429194 -0.8466040372656802 1.8998778428131948
-2.9555672556976376 -2.5531242828478553 -2.8101035277667683 -2.4717701256585776 -1.8020752065297994 3.151116089897117
-2.5476877782468903 -2.4285103343955443 -2.435333338626121 -2.139605967057794 -0.9424603455855018 4.745119880397815
-2.632415094461731 -2.3948916767561235 -2.542980580263099 -2.135300411151925 -1.767034461440216 4.182203971725427
-2.5742407358140955 -2.425214793985408 -2.290757514883057 -2.8665785653169467 -1.747956964994105 4.0377410821384006
-2.592149522214767 -2.640224181191109 -2.504647042653045 -2.055760520820581 -1.4552422623617858 3.8911261263877437
-2.608761866926095 -2.209094655935578 -2.4390643035360284 -2.9713804244090793 -0.8384200198980332 3.3973834543574424
-2.8792476843520336 -2.5755242203242377 -2.6758484120026824 -2.093221567793192 0.010665396402674165 4.524841308705114
-2.5694795959194057 -2.3134579284404255 -2.6781553590667797 -2.1333320067286725 -2.0017140585253514 3.0795847186225003
-2.713598211117831 -2.738335990269192 -2.26834173667136 -2.9345169788936785 0.015020709813576838 4.0342406869245915
-2.2223822926763224 -2.511043928268849 -2.34663912768565 -1.8763545939051074 -0.21545301283446877 4.352148411015793
-2.4613688057599874 -2.522534330007627 -2.4625361193273676 -1.8781363532719737 -1.943134649597702 4.9446229420014465
-2.7209642870410153 -2.7429105121911856 -2.418057519508336 -2.517961319832453 -0.20582750588550924 4.0977618053134774
-2.9729974666337893 -2.533356285816237 -2.735859240496953 -2.7866218109478655 -2.57138520103781 2.4748247942500474
-2.7381461254148944 -2.3698219344015556 -2.822833141798884 -2.4075496715236713 -1.4101158536447305 2.5033443492830303
-2.6164915123457777 -1.7706289549264855 -2.701983982194612 -2.851782241016662 -1.0459941711209213 4.927991186303512
-2.939102589231787 -2.7012605968587455 -2.75416104871446 -2.18582330443357 -0.9840127012332469 3.7541195692460927
-2.5510372263552736 -2.5701111173598523 -2.626320026976571 -1.8505925700741903 -0.07335669126176741 4.277677876997921
-2.843894294071681 -2.67397641492226 -2.374708925181737 -2.797184103834541 -0.10205964682397373 3.591546171754527
-2.4775538017677485 -2.3758754299996765 -2.355209715067059 -2.333925064066388 -1.2536067831861244 4.946610855097167
-2.579286474177213 -2.885254939351925 -2.2473003525914153 -2.468186309796163 -2.154543977647757 4.057911287836195
-2.896960060333913 -2.904970816311336 -2.9190520870992187 -2.1896543945183313 -2.369834892521692 3.4306282989735
-2.8459678729048377 -2.2377975746909464 -2.941125091227974 -1.960901062172034 -0.7921909667170566 3.994856013504853
-2.708406772054124 -2.868127621808009 -2.531739763802101 -2.0493237263004063 -2.9903401417729722 4.424180033329794
-2.9965163209224865 -2.579383685026455 -2.727592524220965 -2.3306619287267933 -2.2768965155182443 4.076941587245836
-2.8528577743087142 -2.2637717747362545 -2.5968595135967973 -2.5772058737773493 -1.1179924920131254 3.9065489363257577
-2.9015793456838166 -1.9930005192508637 -2.884502181184892 -2.1149251221368583 -0.29729055117730807 4.764744123055287
-2.969805819535095 -2.702013546104546 -2.7330120369302855 -2.5450521087256566 -1.498608688612412 2.0430229495204233
-2.5728003080438744 -2.7428418028612995 -2.335000238113043 -2.652223851756985 -1.4880807557044742 3.5414060548602917
-2.7569797206107243 -2.6181501148163635 -2.4621480544321126 -2.3739952581771897 -2.0734159559515324 3.8558375503360205
-2.9804829552864374 -2.8999861491987904 -2.916179731347528 -2.1167369295054748 0.3368516861746427 3.03461713251485
-2.9106292876741273 -2.2003687772554756 -2.714876711586212 -2.553657714429583 -0.19196241699804517 4.752835338505222
-2.938562254438501 -2.0862626076606725 -2.8598630697107796 -2.8154128743326003 -0.629962980468808 3.318736046015819
-2.9744304733813918 -2.028269179717972 -2.694998551330388 -2.6257718345371086 -0.8963736414795669 4.87739870664972
-2.8590174596515894 -2.4774109628310117 -2.4342806270352506 -2.9591438500768836 -0.6089021276637172 4.562018860303895
-2.650033498024771 -2.495796129128023 -2.3327771859657087 -2.8616791451114674 0.4908019893742328 3.824197381584386
-2.578547745203473 -2.196810322796286 -2.479507668285586 -2.431144806142883 -0.419476674501404 3.7735977052302276
-2.944083635634522 -2.4570431968231126 -2.4745257004821335 -2.912396313068656 0.07643231594325472 4.191162797409501
-2.620164258795511 -2.5282558986142383 -2.113835589740639 -2.953560477377733 -2.235292350857724 4.8933810675346034
-2.5210198084224933 -2.138795557247655 -2.467522957893061 -2.472539222829809 -0.05215736858704706 4.059474333857419
-2.3943228650377706 -2.401939754282833 -2.1839017780334897 -2.5028467027175 -0.9754724142302357 4.810312938750871
-2.627444253977678 -2.746029714446789 -2.399583185934379 -2.210907804629792 -1.2621920245637805 3.826911110803689
-2.971351622435316 -2.584381253776662 -2.6819279692946307 -2.830928892043352 -2.3951422104340825 2.786349915136698
-2.554818578202899 -2.8682951656188624 -2.5155055999378493 -2.0820068586326705 -1.5346442196891446 3.926303961596897
-2.6305155101581708 -2.3745219291702084 -2.324153310529498 -2.562117235480538 0.42903999579238605 4.385345119035506
-2.7175671943583155 -2.3064792967561765 -2.4665976770371025 -2.9413640084159547 -1.436082635154558 4.264056940501365
-2.8724615625869365 -2.3596606686995676 -2.737142714607021 -2.4181198637446957 -2.1367986310554192 4.222923803592337
-2.567381219540821 -2.9555276811849027 -2.5264648372876644 -1.9176483342905748 -1.5554901525040243 4.257087349932389
-2.9483592137889554 -2.992934556632334 -2.6059928832329886 -2.4690641733375553 -2.73433949954507 2.21919329510711
-2.710575448639502 -2.778079354624929 -2.295519186234936 -2.647481674276679 -2.040698815336167 4.713714424104177
-2.7473521315928386 -2.1806518885663473 -2.747271790882708 -2.2709526752388305 -0.6259934065217662 4.051442980598501
-2.5698100276748908 -1.8177930932283417 -2.579850617803302 -2.85147154885478 -0.2065207284178392 4.268757592747348
-2.6524419911217842 -2.229192851415001 -2.3626033796223043 -2.5692546106707033 -2.6771688443170234 4.616051587944661
-2.7310818132234456 -2.760793800399921 -2.498658014626192 -2.77963193507579 0.021016460710618245 2.55715312165685
-2.9460560814517436 -2.791874304194841 -2.6699680137569373 -2.72458405714119 0.3805017347122458 2.24350720402639
-2.727598710830709 -2.0115695373882354 -2.7424798486386117 -2.3831866594727797 -1.2989287432980812 3.2025399840459388
-2.5106344930306106 -2.672418076470906 -2.240026418369218 -2.6467695599293846 -0.2682831000402439 3.4296958693916837
-2.4524879467306895 -2.7206441937588743 -2.449040263030609 -2.199924490419164 -2.147881333221782 3.573049401925357
-2.9963935522887306 -2.7623593601889294 -2.9373028101695553 -2.5166120748684926 -2.5035310214737256 2.061292577013801
-2.684152859457177 -2.26321925215181 -2.4959453895179777 -2.3850048762297424 -1.0771433821618466 3.896706634584256
-2.6814903437492035 -2.3247479244393254 -2.3715842910496483 -2.813940854340134 -1.709647200564983 4.471414938858021
-2.530591692655549 -2.3585479447396516 -2.264018383739398 -2.7219453819069077 -0.16133358974720302 4.355307334892924
-2.716786666349956 -1.8697184638443871 -2.791710918482202 -2.1187769817498934 -0.24519978754263916 4.68964091339757
-2.8923683992526295 -2.2388338318747647 -2.774959098325943 -2.2690293805850104 -0.019116056739731047 4.332961450832812
-2.9095152103013926 -2.7897515682336675 -2.5930071923678812 -2.837448105812176 0.07032646929812489 2.557352227684707
-2.589956406638093 -2.6859246642240806 -2.3147788604818276 -2.242332255459176 0.008040650508897351 4.581829409196923
-2.9936436709464065 -2.435081842943853 -2.730792375980852 -2.918187706109289 -2.967171977400735 2.819855499688631
-2.5416738750888075 -2.37892284895698 -2.458988427661048 -2.17218450816552 -1.6261854735908852 4.585507384058067
-2.8592687808404613 -1.9980236306259094 -2.9262044114481855 -2.232482197086219 -2.9084614606221315 4.444064562298699
-2.5303155155686117 -2.9792702349356963 -2.2341644944143395 -2.267011019836905 -2.7087676629354527 4.9083928725659485
-2.659413667387826 -2.8221920899306996 -2.3382652876673853 -2.345328072665523 -2.012181188510155 4.40717612447596
-2.667937347027363 -2.9572719824395755 -2.3220984337733754 -2.378588939807485 -0.6445807063729936 4.7014897172431835
-2.471877509974922 -2.937250135367883 -2.5285029867982947 -1.9025086995417262 -1.6387578228311206 3.964490125792349
-2.7075351089301467 -2.4435548438063477 -2.5184754804086507 -2.726682704082926 -0.7396753310519125 3.099040889393308
-2.8081494786202676 -2.901701590883014 -2.517311727268265 -2.5638448581372977 -1.359275905410009 2.7410365165408086
-2.9748162129272737 -2.197864464125402 -2.899620584047449 -2.2989911355187513 -0.9059951645089737 4.765297357346197
-2.9240711558640244 -2.366503649831189 -2.896750800381088 -2.865445722859598 -2.1272501892362 1.9289762249448263
-2.7545918064811565 -2.3901221656129783 -2.6797635845120067 -2.8268865813391786 -2.438264174386076 1.8517367167254632
-2.4842207648808325 -2.349123329356624 -2.3562769313096967 -2.811777669033231 -0.6031869775303063 3.733017284914222
-2.9634100871579916 -2.619972304159938 -2.523583883300016 -2.6301289321244057 -1.6575114801133974 3.1138076796382097
-2.480077799763112 -1.8961561053939555 -2.490931113933915 -2.909271339827036 -0.5503074479679037 4.558090649778882
0.07118644067796612 0.06779661016949157 0.0847457627118644 0.03728813559322042 0.05762711864406789 0.0711864406779661 0.09830508474576269 0.088135593220339 0.0474576271186441 0.0949152542372882 0.07796610169491526 0.09152542372881359 0.09830508474576272 0.03050847457627115 0.08135593220338982 0.0949152542372882 0.09830508474576272 0.06779661016949146 0.0847457627118644 0.09152542372881356 0.06440677966101696 0.06779661016949157 0.06101694915254241 0.07118644067796609 0.09491525423728808 0.08135593220338977 0.05084745762711862 0.07118644067796609 0.06779661016949157 0.0949152542372882 0.0949152542372882 0.08813559322033893 0.09152542372881356 0.09152542372881356 0.08135593220338982 0.08135593220338988 0.0847457627118644 0.0949152542372882 0.08135593220338982 0.08813559322033893 0.09830508474576272 0.0847457627118644 0.05084745762711862 0.09152542372881362 0.08135593220338982 0.07796610169491526 0.07796610169491525 0.08813559322033904 0.06779661016949151 0.07118644067796609 0.08135593220338985 0.04406779661016952 0.09152542372881356 0.06779661016949154 0.07796610169491525 0.07118644067796609 0.057627118644067804 0.09491525423728815 0.09491525423728808 0.08474576271186443 0.09152542372881356 0.08813559322033904 0.09152542372881356 0.07796610169491525 0.09491525423728814 0.08474576271186446 0.07457627118644067 0.09830508474576272 0.08813559322033904 0.08813559322033904 0.08813559322033893 0.057627118644067776 0.0779661016949153 0.07118644067796609 0.057627118644067776 0.09830508474576272 0.06779661016949151 0.07457627118644072 0.08135593220338982 0.0474576271186441 0.09830508474576272 0.09830508474576272 0.04067796610169494 0.05084745762711862 0.08135593220338988 0.06440677966101693 0.061016949152542355 0.09491525423728817 0.07796610169491525 0.0779661016949153 0.08135593220338988 0.09152542372881356 0.05084745762711862 0.07796610169491525 0.08813559322033904 0.08813559322033898 0.09491525423728808 0.09152542372881356 0.09830508474576272 0.09830508474576269
0.008025361841424893 0.009457242571544896 0.007583659769545671 0.010061705213994084 0.009753335863745778 0.011330194333572158 0.010718322847945876 0.007394676473359626 0.01211359446711246 0.009520235868931207 0.00855426765490573 0.01714823102537666 0.008952821939609537 0.015393559739295792 0.008360482089129446 0.00891635257738776 0.01079531046434564 0.008814627292354812 0.008887638550159435 0.010974388160108626 0.00909627051023789 0.008219833336916043 0.0074957656786472674 0.007968951343447562 0.007215320418026001 0.007655350912687711 0.010460656052207562 0.008129595231061161 0.010810536083672483 0.008639908741258548 0.010060129388275225 0.00871180627947133 0.014016777698011445 0.009023545022457835 0.010740056296398817 0.008033355733402215 0.009173124644842887 0.009103371731391433 0.008579995210941407 0.0090373626931896 0.013320650039001318 0.008922344306913415 0.014615082179742353 0.010321975175462064 0.007125519006637318 0.011111637524316618 0.011354100598384775 0.007666312471562878 0.008048227553521473 0.011706753808274873 0.010615889542390185 0.008621570523124214 0.010216015454741873 0.009764026427418864 0.011476733107953817 0.006912485439704843 0.01043276965229908 0.011757304030835856 0.007856853039530072 0.008587380175854272 0.007215128286878063 0.011790385505380353 0.007813964015750192 0.011311566323957294 0.008194550557515591 0.00960414755722063 0.008832003358282589 0.01713540178132936 0.01005106965645856 0.007487947926249806 0.008768564836026699 0.010387464527580685 0.009991457299680815 0.012244233929379929 0.007186681797531282 0.00857620568210116 0.008153867768724392 0.019065125774333065 0.006635103271042946 0.008301470048640154 0.009147104411660306 0.00982864168157375 0.009398473501590026 0.010523308260352509 0.010390956258664189 0.016138189129253692 0.007799375087921005 0.017467445272472144 0.013617678096232814 0.008896188723259358 0.009979949514999498 0.00839469869458868 0.007419928527908376 0.008703796163055588 0.011071780368238856 0.016416571396301108 0.01619323631144462 0.007495717620762303 0.00814885432191423 0.00886041494567889
