6
100 100 100
1089 25597 205767
0.8 0.4 0.1
-----
100
1089
0.8
1.3338541416093461 -1.2448012241715296 -1.0184225315154638 1.1696691468011515 -1.1186115989284309 4.812096920856489
0.47068355723431976 -1.1359110139796957 -1.5267559093664635 -0.8010837140840499 -0.6395413209638932 4.126935727377697
-0.6264519285261234 -2.5929421391381777 -1.5826492021720475 -1.314250554396223 0.4990484466089926 2.0871279855208247
0.9325384452948189 -1.5911267142694019 -1.646320886873125 -2.534652313911911 -2.656383658121989 0.9692052205761292
2.4716054142562527 -2.236173749388537 -1.872858804812489 1.9037660870854642 -1.885160482385984 4.401189102319138
-0.5302861520589803 0.1260029291838176 -2.096623111878079 -2.8506196430667416 -2.3748497516731013 4.477385281462535
-1.2415994656686373 0.29609885755815757 -2.726173985246051 0.1944689121551728 -2.0754521648408426 4.317158461403459
0.5528056664360768 -1.3445844316547402 -1.863285961172572 -2.816212810089852 0.03212079754948771 3.3899101155012445
0.9135478703192379 -0.8074071750253675 -2.3175455938264102 -1.1905900522614985 -1.8224130446961737 1.029892119185577
1.7561384840638876 1.469682627122058 -2.2428734524185137 0.40714724918137124 -2.747988913274245 0.4553975855345338
0.5217748764645611 -1.9167492215259045 -1.6980911764496178 -0.7125034276585178 -2.8056544485616137 3.468007501463312
-0.45772889381218906 0.36310647180801814 -2.870209203092324 0.38980924336067924 -1.9957890640429623 1.4180373496322618
2.0189562077363687 1.037064855631768 -1.9450569151622754 2.300138872378522 -0.9512438370037306 4.499325459627852
2.722666556924108 -0.5791287601564172 -1.15766699685437 0.5324328377033605 -2.470012326597113 2.8741894612006567
1.3053279788478402 1.3051860625910745 -2.6648942297023726 0.4667926172313348 -0.8451536320049793 1.0663388078838498
1.760402272197628 -1.1405052272958804 -1.341227321215337 -0.5132264700284552 -2.718601762679989 2.690201940913349
1.882572314013693 -2.5838101346450157 -1.086593652240638 -2.348217070192318 -2.2085608281561546 4.002017314206673
1.4638201296817517 0.232400859817389 -1.2820847136448084 0.5498809888909184 -0.23643771311011852 4.9945033922728745
1.56140467926833 -0.6861264982808413 -1.787003001395005 0.16947610919444545 -0.9657093331438618 1.6311071940975752
0.24449946635200526 0.24083875522351983 -1.953509210563673 -0.9875579667070942 -0.21620966777767503 3.9030595527335077
-0.02712452612749061 1.3972834925145907 -2.9783350616766917 -1.2595251907413454 -0.1957183995588836 1.5351055100439914
1.4597941258767122 -1.9366941729020524 -1.8692347065118597 -2.7673235686025612 -1.5387375854289636 1.1274022923412064
1.4940217711809183 0.19032536000640254 -1.8741032437448855 -2.1108134360790793 -0.02606668206032392 0.6202271542046667
0.698029408336144 -0.2073003508265323 -1.9792825339280817 0.391622688555318 -2.0556720015496275 4.75823541136629
0.31084538911424087 -0.5016344206367309 -2.2071961150532258 0.4281525076859607 -0.7437859156515509 3.871072416692569
2.26736459381359 1.9180812800155138 -1.0958186874191966 -1.3170163365916037 -2.1358227851279814 4.053802159141639
1.1613080571374947 -2.623119329618356 -1.9123339747123227 -1.211574816742338 -1.1599121357518136 1.6322456414931719
-0.9563876405015272 -1.3647696152663418 -2.3061377950429045 -2.3857322757503927 0.3388405238449961 1.23567906899669
2.056020407331424 -1.4919025163057493 -2.0121506822624164 2.1042712790610274 -2.556714241904134 1.5069131312947825
1.486038245763952 1.35330133599291 -1.4867751495627402 0.3135209735905957 -2.5623237153533163 2.8618570551902254
1.140970000831011 -0.8579414029302277 -2.4664768201892633 0.9082357668088998 -2.5739555670235936 1.9634964908808594
1.588798593575671 0.08269029006546313 -2.3568387769283445 0.5963933012770886 -0.42756065463381576 0.8365926441460714
-2.7531224897056457 -2.675989542158772 -1.9698675761307887 -2.4874343604993197 -1.9325445541542792 0.8173364830703234
1.002770001167434 0.8684630318358004 -2.3556264777916303 -1.8756801582107743 -1.1380235049413527 1.2382868166740058
1.2045026704370425 1.6390736755161246 -2.9066237668086288 -1.1132226606979687 -2.52694546321978 0.3763569065637673
1.4356640762563266 -2.4702585881299126 -1.8363629252995866 1.267149624815774 -2.885839459272387 1.1246306958857155
1.3873688729891818 -0.5275331918464605 -1.6767866574648624 -2.0074128646670424 -2.5164236034963174 1.6029428802947565
1.5272496972985579 -2.3643921270164476 -1.3882195907809778 -1.1733863322545686 -2.904779944228379 2.5163342274456912
0.7255133161440268 -2.1323098203734174 -2.1681012785310374 0.7516464038061268 -0.29067754624201037 3.317929973096556
-0.45758584246880485 -2.840468680219396 -2.158900693008705 -1.052343694487421 -2.8042102153430655 1.0288131718408522
1.7273582438853143 0.9773806225188566 -1.5449402117716655 0.9842113142751376 -1.3746385991231536 1.6580423197201721
2.5088691200608952 -1.910881669451138 -1.3222872694553045 1.3414798143115156 -0.18756102011982634 2.9706561254414368
0.30743616443502875 -0.772793699761877 -2.8062216867000425 -1.4188926630490561 -0.06259091416414586 0.7363770983705265
-0.8152758671906 -1.435168393343916 -1.965734706813402 -2.9462149668764175 -1.864904698404739 1.150828413399978
0.553703101850612 -1.518963934620555 -1.8463430063589552 -1.9633260932795307 -0.6597069855726021 1.5110385925053438
1.4833472142959536 2.132165590416161 -2.8450323502321795 0.392804238678365 -2.876455057110025 1.9844086734725441
2.5375297850733585 1.5772199450438116 -1.8466647679362693 -1.6576177244910442 -1.4571320871829887 2.593386834453674
2.198672286721907 -1.2442068729439555 -1.3788102289440918 0.7309275652966867 -2.3022298154354597 3.269449037740708
2.6919067765550064 -1.565891812888851 -2.1806625714815584 1.326494737633979 -0.16384063866911314 2.541576032396197
1.167620630304123 -0.012849742393717278 -1.9832169579507783 1.2938143346398006 0.4956332774857093 4.5861297988019025
0.05173984218904426 -0.9902766794008304 -2.3164966112714303 0.4729588204825892 -1.3534890427715638 2.7453094927206436
-0.15899303097832673 -2.867110761609908 -1.5829196911159973 -0.6913475386774364 -2.8737967811399896 1.54061272299167
1.6586538551560288 0.891181590488789 -2.4335255392292012 0.864070816939424 -2.2117485663797223 1.1740693032814797
-0.9066825864663097 -2.2589674047606128 -1.8023967761528907 -2.3980545065719543 -0.7282106315562205 2.0034097630637326
1.9387591582199777 2.77781129187494 -2.7156421940341473 -1.2434087216678482 -1.170742808102959 2.814634990537459
2.747860454793125 0.14413329532072794 -1.45226437396903 -2.09267085336629 -2.105894929804519 4.816904106906092
-2.5909466675050847 -2.6432428956888057 -1.4227659339228453 -2.1843622516684786 -0.7119806813276051 2.206171849856023
2.2330964830730675 -1.2720979983672316 -2.9537551599538436 -1.0335059060529614 0.21602603826921385 0.2940061891471635
-2.177032565781983 -0.9910112261482058 -2.3358504544851577 -1.4955665490739007 -0.6392287142791075 2.58647338151078
0.973651362914874 -0.7907964064587363 -2.7605897831030113 1.6692688370410522 -1.6506499729828459 2.4666888710681367
1.4712914928062597 0.4816627225889589 -1.4266736509261007 -0.2960627518918755 -2.2859599672954882 3.877476841122248
0.5403981206940416 0.17150056151247162 -2.443100928602633 -1.7438340522137739 -1.7254471273645466 1.621626569700586
-0.2036886214821929 1.5115317450108705 -2.729381130750399 -0.8881970924220597 -2.5431360266933067 3.9240969284159988
2.2642730371052675 -0.02475711693078564 -1.8943498120666833 0.6155985005203437 -0.5697963175453342 3.9893148377285748
0.3321466001966442 -2.6476361803596378 -1.282917339936326 -2.3838683039443658 -2.095830289112319 3.167361826838675
-0.9162377137358293 -0.9789458301366532 -2.4364145418654806 -1.9460640825844737 -2.4282882395420478 2.467583599916876
2.05443720256104 1.6103321136808484 -1.2768066369542748 -2.050687585808172 -1.5961830292519166 2.511532284857323
-0.12064448183295706 -0.11263812459470612 -2.2266599024689557 -1.8627390366036276 -0.7213291793963568 0.9159128786414439
2.3668302430984802 1.5705692868948926 -1.9151106844567343 -2.3628502081929095 -1.0472199005450147 4.702986206382031
-0.425459459615928 -1.6280825853862075 -2.091401900043376 -0.2159196456631598 -2.797995681184453 1.957144757703475
2.664146748883077 -0.8946348720058404 -1.6293892263698604 1.594171254437935 0.4554547314923445 2.9841561404752373
2.7121433388572296 -0.7399324258329245 -1.6777437097187016 2.2510910922775906 -1.4123179349536918 3.411244004428211
0.5638885053243179 -2.138805597947382 -1.980119712959651 -1.9996683452592157 -1.967428522377586 4.514398964564648
-2.904900536611517 -1.783990732687041 -2.1209792095738775 -2.7065502842788924 -0.2848963147295689 4.798158083586447
1.4959353749279094 2.133303856750553 -2.4743427475295947 0.9161443177122623 -2.638417161086024 4.742644502213636
2.8702273610862914 2.8674290408618592 -2.0753408026722315 2.779018918372726 0.23942990575116196 2.0006504075299847
0.34615320051854637 -0.747180233945639 -2.535053012420277 1.305029268681368 -1.1388413808296616 4.671479559441522
2.183450467689151 0.4438178737550498 -2.095095146933244 -0.6220043636110986 -1.2648428730842658 1.468749066842101
1.2909348370174598 -0.9348534751506952 -0.9930056793120032 -2.623161916402222 0.10992260009070831 3.5904455339764096
0.27196092047150344 -1.0727755324334995 -1.9399418573008669 0.8934722026327941 -0.6410986087795734 3.733857594570227
1.7143267851578585 2.1566798187317717 -2.997602015025596 1.60364453884943 0.2873894670501933 1.6191083562977615
2.990439303956407 1.0754128640500227 -2.276644413185677 1.7240729561445436 -1.0926424249416122 0.6159171447642031
-0.2755674142815794 -1.596900251238933 -2.8788566627629537 1.4423736943920193 -0.574789315782537 4.212189573957822
2.7647243353295856 2.835000164925469 -2.5885490472669366 0.8240868809305844 0.10851212956164069 1.837577484778491
1.99863284629639 -2.39939442561159 -1.6774766006345305 -2.855237796766992 -2.1494542504698657 2.884196970600402
-0.8554138725717744 -1.0962164586628451 -2.183181579409072 -0.19349857797885184 -0.6594133021393285 4.843985505981136
0.42023062416699064 0.7054065808714927 -2.371323963171276 -0.30367528178492575 -0.30551637597168035 2.9144363378168325
2.426628019461213 -2.2044106386089988 -2.423901742286274 2.3992615860444246 -2.011590750590221 2.3642920658996633
2.137451298128827 -1.8875765606570987 -0.9575367572560141 0.16226684436477212 -0.6592250570937925 3.6532370294891834
0.49825931147505775 0.41724658098144474 -2.7913479830771633 1.2743171296794298 -2.2373082219470204 4.35936463755075
1.7672290267018678 2.4762687641639367 -2.3213306091877546 -2.676524111178377 -1.4879697775539702 3.7438586262919546
-1.2723040335216291 -0.3660142929528156 -2.5585735858112097 -2.9482862558810834 -2.7098730770234707 3.6030705901278615
1.9762774632997644 -0.8973631727066183 -2.0738590614592 2.8604272428734863 -0.6938430795903763 4.062329020392934
2.5636421783804098 2.327010408931499 -2.4533222541596253 2.2285121317333854 -2.4734385316446836 0.7181747212452194
-1.294198149582967 -1.5251623674170607 -2.0750075798005225 -0.5671623866028725 -1.1650291511092972 3.1437757302153244
0.9274307884232127 1.0958751111972447 -1.5823256277691744 -2.5667647172858667 -2.5018861762338926 4.033297357428285
0.34673689572123934 -2.4670519630420613 -1.766676932079792 0.16318089757421683 -0.35960656823601767 3.268214674896331
2.1577328217208986 1.5529823770812303 -2.6371368083341853 -1.7938425439266745 -2.626527825499723 0.7644312458308455
0.9019664142110706 1.5269351974100855 -2.7078159953124787 -1.1828054771369363 -2.3534950139381574 0.7767661787466174
0.4913423984967946 0.37297163987335047 -2.5417317359167537 -1.2403490157099162 -0.4098514524435872 1.4342196659639206
0.7966101694915255 0.5966101694915253 0.7220338983050847 0.7898305084745763 0.5152542372881357 0.6033898305084746 0.7728813559322034 0.4610169491525424 0.45084745762711864 0.7898305084745763 0.511864406779661 0.7254237288135593 0.5932203389830508 0.7796610169491526 0.49491525423728816 0.7423728813559323 0.7559322033898305 0.6813559322033899 0.6711864406779661 0.47796610169491527 0.7593220338983051 0.7118644067796611 0.7932203389830509 0.511864406779661 0.4915254237288136 0.7898305084745763 0.5966101694915253 0.4576271186440678 0.7220338983050848 0.7728813559322034 0.6915254237288136 0.5457627118644068 0.7728813559322034 0.5559322033898306 0.7254237288135593 0.7830508474576272 0.7220338983050847 0.7389830508474576 0.4610169491525424 0.6440677966101696 0.7864406779661017 0.7389830508474576 0.7932203389830509 0.688135593220339 0.6474576271186441 0.5016949152542374 0.5050847457627119 0.7016949152542373 0.6949152542372882 0.44067796610169496 0.5423728813559323 0.7728813559322034 0.511864406779661 0.6067796610169491 0.5084745762711864 0.5728813559322035 0.7966101694915254 0.5830508474576271 0.7627118644067796 0.47796610169491527 0.6610169491525424 0.6406779661016949 0.7728813559322034 0.5728813559322035 0.7322033898305085 0.6169491525423729 0.7932203389830509 0.7220338983050847 0.6169491525423729 0.6677966101694915 0.6033898305084746 0.6169491525423729 0.7627118644067797 0.6033898305084746 0.5050847457627119 0.7152542372881356 0.49830508474576274 0.4983050847457627 0.7966101694915254 0.728813559322034 0.6949152542372882 0.6677966101694915 0.7254237288135594 0.6915254237288135 0.5796610169491526 0.5559322033898306 0.42033898305084744 0.6847457627118644 0.7966101694915255 0.6372881355932204 0.5966101694915253 0.4847457627118644 0.7661016949152543 0.7016949152542373 0.7152542372881356 0.7186440677966102 0.6203389830508474 0.5661016949152542 0.7254237288135593 0.5661016949152542
0.010000000000000004 0.010000000000000004 0.010000000000000004 0.010000000000000004 0.010000000000000004 0.010000000000000004 0.010000000000000004 0.010000000000000004 0.010000000000000004 0.010000000000000004 0.010000000000000004 0.010000000000000004 0.010000000000000004 0.010000000000000004 0.010000000000000004 0.010000000000000004 0.010000000000000004 0.010000000000000004 0.010000000000000004 0.010000000000000004 0.010000000000000004 0.010000000000000004 0.010000000000000004 0.010000000000000004 0.010000000000000004 0.010000000000000004 0.010000000000000004 0.010000000000000004 0.010000000000000004 0.010000000000000004 0.010000000000000004 0.010000000000000004 0.010000000000000004 0.010000000000000004 0.010000000000000004 0.010000000000000004 0.010000000000000004 0.010000000000000004 0.010000000000000004 0.010000000000000004 0.010000000000000004 0.010000000000000004 0.010000000000000004 0.010000000000000004 0.010000000000000004 0.010000000000000004 0.010000000000000004 0.010000000000000004 0.010000000000000004 0.010000000000000004 0.010000000000000004 0.010000000000000004 0.010000000000000004 0.010000000000000004 0.010000000000000004 0.010000000000000004 0.010000000000000004 0.010000000000000004 0.010000000000000004 0.010000000000000004 0.010000000000000004 0.010000000000000004 0.010000000000000004 0.010000000000000004 0.010000000000000004 0.010000000000000004 0.010000000000000004 0.010000000000000004 0.010000000000000004 0.010000000000000004 0.010000000000000004 0.010000000000000004 0.010000000000000004 0.010000000000000004 0.010000000000000004 0.010000000000000004 0.010000000000000004 0.010000000000000004 0.010000000000000004 0.010000000000000004 0.010000000000000004 0.010000000000000004 0.010000000000000004 0.010000000000000004 0.010000000000000004 0.010000000000000004 0.010000000000000004 0.010000000000000004 0.010000000000000004 0.010000000000000004 0.010000000000000004 0.010000000000000004 0.010000000000000004 0.010000000000000004 0.010000000000000004 0.010000000000000004 0.010000000000000004 0.010000000000000004 0.010000000000000004 0.010000000000000004
-----
100
25597
0.4
-0.027333470813454497 -1.199279259890767 -2.253996576429095 0.2280880777896317 -0.6940219223590812 3.309136437847735
-1.781660215514787 -1.4698918287785423 -2.380334236714647 -1.1901909833993969 -2.930634662554927 4.426881080597493
-1.4324992680065458 -0.7376306195630841 -2.437299888535311 -1.8446884267492183 -2.1557673819804046 4.365981456670176
-1.6679430499482284 -2.8543262522364623 -2.5261479380324774 -1.1677323928694352 -1.2571661706325512 2.125960492552389
-1.1145975501522605 -0.8927496123530769 -2.096862951581855 -1.2632217864889852 -0.26836112366641474 4.837457193427307
-0.6750442172968358 -0.6424422940188474 -2.045799869948203 -1.3132788360751073 -2.85365364682581 4.069807889923844
1.167339744618391 -1.8853279153395943 -1.6940678927352106 -1.845967242967968 -1.3040106786846453 4.288286913063914
-1.8060120144972296 -1.3330814271918772 -2.734057118496051 -2.280216322152068 -0.18443117697354056 2.0546090535528845
-0.9643011631478096 -1.7377927445410635 -2.1123661575484576 -0.8596912357250823 -0.5260658309096772 4.558712194011959
-1.1805328561379085 -1.14316493728994 -2.468823238006591 -0.7832622950264762 -1.816166101064948 3.368033582654103
-1.7099594836906382 -2.9577001559473786 -2.16138845584645 -1.4843936149702792 0.16020689119383197 3.5466246650043995
-2.0556052141482564 -2.3191666082914457 -2.2141956336896973 -2.4348035642340644 0.20912202619376147 4.209006808879326
-1.4501372682952878 -1.1637939334244962 -2.48100501030688 -2.9871243533966907 -0.06485096461033724 1.7662773637518323
-1.3412780228458043 -0.9381921004234212 -2.7375224191874135 -2.622056444474738 -0.2514393714980105 1.3034963496782421
-1.565566565677139 -2.889944721879354 -2.4042813228408946 -0.8738195495999843 -0.9698780807866844 4.370659353202503
-1.3396047762786174 -0.8773199538713405 -2.6265142073090333 -2.8196056198924135 -1.1257931321282524 2.0451131848167834
-2.739894457410566 -2.426845223808672 -2.7048566211929046 -2.8410639140609333 -2.0309364398612493 3.05652145727605
0.37438450051028704 -1.091127284926174 -1.623632072080978 -2.9341498228259506 -2.1275924742816343 4.956440700584381
2.549114961312287 0.25420882854418014 -1.6406366150256229 -2.0825989707359804 -0.28146121084688375 4.823779684474609
-0.6898744923400364 -0.7972649995874994 -2.5657329257601433 -0.0862435472450227 0.13150055022182444 3.4604312890066726
-1.237666716424949 -0.830563145822075 -2.2988743973370402 -2.3411685319557973 -2.8547222651973168 3.4591028799257284
-2.822030731135757 -2.9869541725219944 -2.0519210553547227 -2.822678380625059 0.16968400029390418 3.189344146860379
-2.033297384696466 -2.3462890954914934 -2.347591303489226 -2.973515798982555 -1.6760812368265956 2.111049960992721
-1.1916414530864998 -0.6155220689293159 -2.7130924583858 -0.662518846477744 -0.4432864164479408 3.7472099242707952
-2.4693388360942916 -2.376932517096959 -2.3903192582323745 -2.454407827231984 0.3471876854795113 2.114792645005523
-1.8568669894218524 -1.8073313450244173 -2.1863896069575808 -2.41144927884152 -1.170224339377286 4.18739826361703
-1.4075630681733322 -1.9856697315836405 -1.9863551785805218 -1.9299247325632884 -2.5710638111898483 3.793978384849157
-1.4357217973651992 -2.479515941825444 -2.449188649098289 -0.8876182070186827 -2.529193114688935 3.9734822801647565
-2.7196958720876148 -1.7412407213385472 -2.9507801527299007 -2.803174093704582 -0.08895812157125821 4.960762787012714
-2.417590728873569 -2.592362034485706 -2.7814367666655064 -1.7816376007301065 -2.7728731745727133 3.560644384104232
-1.7315034601286332 -1.631480126165852 -2.436312733159614 -2.2659199437308613 0.18595043088875052 1.7997853813967808
-0.9711298304221752 -0.08661954478979339 -2.855701195420588 -0.2983546732539981 -1.4883117823949756 3.657155275435207
-2.382499792086784 -2.3967387662968447 -2.119842934348681 -2.1923623397832426 -1.4341957192244443 4.883837693922538
-2.6501720718627806 -2.4535095672306637 -2.5534521271491233 -2.269853999270769 -0.8523049287482249 3.654766931496852
-2.5922061436734407 -2.906858551734812 -1.95278603266157 -2.6962107075620785 0.09241315317628107 3.9672398619512634
1.7285979658919821 -0.4189957352740754 -2.1148442147988478 1.9373428186525303 -0.6233643183701082 4.12557977881206
-2.7691171488899866 -2.588274181266598 -2.7296578126560718 -2.5277240527012346 0.4922578712497917 3.149124764145464
-2.199436482288632 -0.8762523961485003 -2.967978107152976 -2.291389177386604 -0.26614521397501856 4.300066350202167
-1.8496074314556 -1.7980324643008292 -2.6859843491665902 -2.1586607443346786 -0.36992005662146354 1.0321912624525966
0.534445388528344 -1.6947227213955363 -1.658343979008604 -0.6917013942430679 -0.9856545034194208 4.858952172079723
0.7397167201514345 0.504695667361309 -1.9588046699977317 -0.06765210657645851 0.01955982186026356 3.9812147693286972
-2.3236523009344308 -1.8212251417477674 -2.1245141924813584 -2.842166417459042 0.46389993896046433 3.781002237861263
-0.6467478651193668 -1.9880917490594259 -2.3372531444527707 -0.543767078500601 -0.6170619120757036 2.2587809937875525
-1.732089883869651 -2.1874550221609748 -1.935424760311335 -2.0872380007570976 -1.0068925296319704 3.4933761572025115
-1.301434136944859 -0.5215142640242503 -2.5693491870297103 -2.64022608786774 -2.910861435917391 3.5133905964943573
-1.690416687836004 -1.553229180966211 -2.2797622202759866 -2.3216960219895015 -1.2008124278944827 3.3237813278019286
1.2199645877191707 -2.610355069117512 -2.287375428194303 1.7397743857721162 -0.9785267521833503 4.508651481481262
-1.3440833950161453 -2.2060951962230817 -1.9634178517998246 -1.7794280985394624 -1.1030592327574664 4.063134343724935
-1.8202650290866027 -2.544347632388499 -2.9152584557338006 -2.049308375403465 -0.47383167858483044 0.5015850029140569
-2.8602311816977566 -2.7593356527144888 -2.8674363408111327 -2.2859312059144856 -0.7126900625826273 1.2862880222673299
-2.4657381000414853 -2.427716534746288 -2.5660328332414206 -2.261590432227126 -1.3997860926216297 4.905781275044452
-1.3587591511525225 -2.526254328730185 -2.4418670541690544 -0.9183492042900954 -1.225287349124957 2.9511209085266645
-1.1367233685004718 -1.0513862918213097 -2.2049445178867964 -2.7897838645044066 0.3228138305336466 2.8137233373431614
-0.3129184075761462 -0.576698355770443 -2.131901140115749 -0.1378900107116765 -1.9260506580149517 4.452282234357897
-1.6349540766473074 -2.8860360351598686 -1.8687782143169083 -2.3356473609377226 -1.5645383598922271 4.747550169372935
2.5361907421346137 -1.3039337807640132 -1.7428329469820354 -0.24162417318354645 -1.4539933049966622 3.7925176285710007
-1.8502716968903048 -1.9752060829050886 -2.4619966531907256 -1.9609933688604269 -1.3651366340510274 1.9554689554354538
-1.005597019268845 -1.7889919740937943 -1.90289171813434 -2.416362147100433 -0.49545392836046465 3.261850336228077
-1.402581540614353 -2.7239678518156123 -2.0523133316017708 -2.9770371431241127 -1.5480801738205874 2.14487846582255
-1.1093558212600039 -1.4334627624707827 -2.0706754315291303 -2.0860676437140047 -1.4119914036757955 2.829344586897721
-1.6908530346976725 -0.9598950887811406 -2.698591526012226 -1.2228188627626748 -0.07910486144863271 4.5758137513945805
0.5875132835357957 -2.960167532705021 -1.7718149420144245 0.13991993294777982 -0.07001699055212651 4.671525599909101
-2.8423540276279256 -2.4497451629027087 -2.9205788098374237 -1.703609717192308 -0.4291948845917708 4.76044394269954
2.2695974746897436 -0.5380271194987952 -1.699971407342668 1.1288970665320515 -2.2783595666936205 4.401713316078539
-2.745784944117674 -2.6749662739649374 -2.704640294882321 -2.07178303077374 -1.7562931602734198 2.16802265644242
0.5489720344699345 0.5636277758295776 -2.019067827126693 -0.053955732594000105 -0.36587804687802605 4.645427058497543
-0.8399110282431181 -0.1418008946861271 -2.48302453432498 -2.1787808246920197 -1.2462634890124054 4.802543468039428
-2.9175583917380274 -2.771892704954533 -2.5669596139005963 -2.951275737864602 -1.6817491746911497 1.5163624236516346
-2.3545076480713387 -2.280911367772316 -2.079722166573537 -2.585046649852561 0.41289862138182964 4.129875062817837
-1.8083455368345835 -1.614931375374302 -2.5407358938737374 -1.472010580109479 -2.2075528344501927 2.977948104918642
-2.563742872383635 -2.8384112405481465 -2.2915248916722093 -2.4233989192138936 0.4378832739920505 4.878595861135066
-2.4335830931019706 -2.356219860912994 -2.542674928289783 -1.3764931719577052 -2.7294156143758537 4.78728042799496
-2.0808239237469666 -1.7814426222851694 -2.6293981095474797 -1.7487807593808253 -2.6421114259976806 3.13718919031866
-1.8009861032432426 -2.4711817680559642 -2.8788680246210605 -1.377843780258701 -1.8673030514327151 1.1787072551569129
-2.9107663254412555 -1.4817272400179997 -2.9612261739096324 -1.7324490141619269 -2.541044150177042 4.984161234457982
-1.1478004754841282 -0.9155452989783709 -2.3279537760134597 -1.6659537910082687 -2.655489787422833 3.1157237639639437
-1.1822693903027632 -0.9477063812698032 -2.102437504391745 -1.4323119386884304 -0.03843775163030427 4.799232550929591
-2.6738015295199187 -2.208543512732629 -2.707526667025742 -2.6580333600282473 -0.5165545015087977 2.2241314188264276
-2.120038647893625 -2.2476944406189676 -2.5991023184972657 -1.7924655642708451 -0.06644385098755867 1.934398857753425
-0.9443507108264544 -2.226001054101544 -1.978431753618498 -1.249686517317911 -0.9237472339666984 3.583486464744597
-1.258083818678244 -2.258673661803013 -2.4626865266397973 -1.9505243494663755 -0.46373319577320876 0.999840103639642
2.180194689649012 2.0300385043730813 -1.9107356743258548 0.6471968364233868 -1.2967884353810575 4.637821136593834
-2.6677355941628296 -2.81460299355448 -2.6762852220146374 -2.4568226168326497 -0.5621600245981635 1.8612715906405841
-2.3179210600671176 -2.1085813725279148 -2.223411731072341 -2.00273964217556 -1.3910257838787619 3.997461827793819
-1.255688350824386 -2.909433804631941 -1.8653511241081313 -1.540875998773496 -0.15731201914414994 3.850777203779822
-1.4159990882550622 -0.9690452951563607 -2.4798772572830923 -2.9404396398514505 -1.1167379133231672 3.147161369643603
-0.9420945922640303 -1.642942777580449 -2.6329387634227897 -0.04208859739316906 0.2884072568010214 4.389653467228275
-2.804821906869298 -2.85299065313662 -2.6014206322767444 -2.4187500069814707 -0.2598983840529707 1.8136823772317756
-2.419388766141853 -1.6801085518925172 -2.5574100609095543 -2.217585240338347 -1.7647986204186519 3.031743223765245
1.3786045642065532 -2.956106219719688 -1.6274088126856479 -2.6579620316621773 0.4612064657355044 4.908695109123626
-1.7469515729571432 -2.0500521773818834 -2.5899453904405996 -2.8187670478088034 -2.892722685723504 0.8513455399220529
-1.3844051006932099 -1.651301853230224 -2.2989348925969395 -1.747093954939779 -2.742271111389628 2.6381272855926174
-2.0143654919445497 -1.1349001331069857 -2.482561054997879 -2.715182573314377 -2.2818877589737245 4.230959853727191
-1.3174125865167452 -1.7945626435106015 -2.0415696588829237 -1.0773142308747663 -1.710605290914065 4.7490034336987765
-2.0605639071642754 -1.7492486141053065 -2.385664023063622 -2.879408371901523 -1.5512297166144378 3.1776891771764033
1.0809709143398472 1.1381485259836341 -1.9850348124185717 -1.318601761763683 -2.3500029053567313 4.657888701183674
-1.755104704046265 -2.2353179515238657 -2.6206661734821 -1.140919768681682 -0.36097308157417984 2.6216289827649986
-1.789337777295005 -1.838852762563703 -2.4683670723545887 -1.2231441319680374 -1.5614126973933193 2.954422127400704
-0.38739208206869324 -2.180968554373659 -1.7935165331730452 -0.7582465470266733 -1.6231201245154698 4.574012286475099
-0.9008434584524059 -1.0831728902819737 -2.15218785664313 -1.2866200594959236 -2.8912568218249275 3.547624954146865
0.3966101694915254 0.38983050847457634 0.3389830508474576 0.3830508474576272 0.3966101694915255 0.39322033898305087 0.39322033898305087 0.38305084745762713 0.38305084745762713 0.36271186440677966 0.288135593220339 0.37966101694915255 0.3966101694915255 0.38305084745762713 0.35593220338983056 0.3898305084745763 0.2406779661016949 0.3966101694915255 0.39322033898305087 0.39661016949152544 0.3694915254237289 0.32881355932203393 0.3186440677966102 0.3898305084745763 0.2508474576271186 0.32542372881355935 0.3322033898305085 0.3694915254237288 0.23389830508474577 0.3661016949152543 0.30508474576271183 0.39322033898305087 0.21355932203389827 0.1864406779661017 0.20000000000000007 0.39999999999999997 0.32881355932203393 0.3525423728813559 0.31864406779661014 0.39322033898305087 0.3898305084745763 0.3694915254237288 0.39661016949152544 0.3593220338983051 0.39322033898305087 0.31864406779661014 0.39661016949152544 0.3694915254237288 0.3898305084745763 0.288135593220339 0.3593220338983051 0.36610169491525424 0.3627118644067797 0.39322033898305087 0.3762711864406779 0.39661016949152544 0.3016949152542373 0.37966101694915255 0.39661016949152544 0.35254237288135604 0.38983050847457623 0.3966101694915255 0.1694915254237288 0.39322033898305087 0.23728813559322037 0.39322033898305087 0.39999999999999997 0.23050847457627116 0.2169491525423729 0.311864406779661 0.15932203389830513 0.3694915254237289 0.3050847457627119 0.3864406779661017 0.39999999999999997 0.3694915254237288 0.37966101694915255 0.2271186440677966 0.2745762711864407 0.3864406779661017 0.39322033898305087 0.38305084745762713 0.2101694915254238 0.30169491525423725 0.3694915254237289 0.3864406779661017 0.3627118644067796 0.17288135593220338 0.376271186440678 0.39661016949152544 0.35254237288135604 0.3864406779661017 0.3627118644067796 0.3830508474576272 0.26101694915254237 0.39661016949152544 0.31864406779661014 0.3830508474576272 0.39322033898305087 0.39661016949152544
0.003977171692565855 0.011017818644173517 0.00729091552489736 0.007977833479236196 0.007457344473639351 0.006115526115507108 0.004899646606385659 0.009562485039874752 0.006392237705452033 0.005166535015287649 0.010088384232290295 0.011804628434083624 0.008586849300642905 0.008936845336323763 0.00950947768413848 0.006854514416193375 0.015614363551407539 0.007527521484840998 0.008663739316815244 0.006510932236098054 0.007173517905934495 0.014941465448813564 0.00843260536117435 0.006914374093106947 0.013547429911573868 0.007780043734545303 0.0073935093973607705 0.009285784033022534 0.027522361187540388 0.01834881381820197 0.00901137089069882 0.006222919690874679 0.01220530802602975 0.012077142555649702 0.014099459436053617 0.0048148994547220275 0.022442813271946513 0.017019309629827808 0.010433296507981667 0.00534416462703424 0.005028047605521713 0.012966994509479624 0.004851604608640874 0.006579709370609296 0.008817774218804956 0.006221184253658145 0.007043793826693159 0.006394537880650688 0.016965950327779596 0.02118106893917147 0.01530706191880882 0.006366614174984247 0.007995572847564686 0.0047656629574797695 0.010905025410987047 0.0043471413242006296 0.006846419693674928 0.00574020622782568 0.0069008449532020864 0.004657169397976722 0.011120057770821966 0.008286151127245154 0.02408906425864785 0.005467383102734836 0.013943850899470749 0.005281478615457097 0.007399532403641963 0.015537737366997277 0.013517002947637174 0.007241147589329907 0.01983298006548949 0.01951131444819065 0.010239422504189126 0.01200224765874713 0.02902285030300174 0.00580128764194824 0.008192866788964543 0.01398560995668515 0.010834250997567858 0.005197834795181571 0.007718101625129739 0.006645731552242848 0.015237199020386697 0.008778914058696902 0.008281587230340552 0.006827781838605297 0.010053228226684759 0.01641113471773269 0.009244374819581968 0.017709937003503838 0.01318781535719651 0.006532400967404146 0.010385273775096408 0.007190765894619352 0.008112599252264058 0.00555977951717925 0.008505024852337824 0.00645500050845396 0.00580524924768308 0.006006285573249664
-----
100
205767
0.1
-2.7973187779999376 -2.264825388893712 -2.4733624695838383 -2.476951742851434 -2.0904813325464495 4.56891755696056
-2.982096140740484 -2.6715498078446203 -2.82552491619186 -1.918995845731878 -1.8581939325786427 3.613476598918091
-2.8098138227551357 -2.6579790308581517 -2.6020536414616164 -2.442983821085384 -1.1215537236415045 2.985377659194615
-2.830767502807881 -2.500069485535848 -2.2931933729020035 -2.6749773084957242 -2.2564825914422535 4.948292418022327
-2.7997511266437916 -2.45825627137465 -2.328199892306398 -2.8914129817478127 0.11429102323277551 4.153048242133543
-2.7310355039620253 -2.8790671053580823 -2.2237923702968967 -2.3787462503586814 -2.8705310364671703 4.862701218582557
-2.8993720929652134 -2.9434437768146324 -2.258851353551123 -2.8124016089763915 -2.333606652599348 4.9655466249458104
-2.8856973951413436 -2.084690510853659 -2.821307846959842 -2.5282767464939067 -1.7599791797421718 3.2400764078821798
-2.786143151069222 -2.5421511008050404 -2.4944558939390173 -2.564358035002429 0.019930032272101772 3.4100493937195333
-2.9955284744762176 -2.896080607803826 -2.271020394330627 -2.7400957673564275 -1.1156325669681972 4.370919848075958
-2.7056633194977002 -1.8582152452726328 -2.624806066322256 -2.64540751177678 -1.7288851190567565 4.841213318679476
-2.6825198797880647 -2.368836309534483 -2.2991190294838284 -2.8730581157689654 -1.7614332108792863 3.797714593186047
-2.856348262098849 -2.2653138866811267 -2.4753051221951385 -2.781289526384146 -2.2480120775522137 4.744987587137021
-2.886259089409536 -2.543249657736412 -2.733724298292571 -2.5049029846792994 -0.1789239445188926 2.3655464076270825
-2.6258320598653757 -2.1907900745200752 -2.42478473741135 -2.6598327098027443 -1.260351522206359 4.242130144634626
-2.847922444458953 -2.3185902349615803 -2.6113030754296958 -2.1858481009123634 -0.12389079480040491 4.716610330643053
-2.791840494720968 -2.588979295626194 -2.618918743232441 -2.4943935078103245 0.2046408020895054 2.7214698581300025
-2.881075373109913 -2.6598791302068165 -2.3916475961178887 -2.705246290370415 0.3557300462664367 4.257011761152952
-2.5891310673537715 -2.9419690983558917 -2.2997875474229037 -2.3314463025831045 -0.8727545793704092 4.251122612329207
-2.755017519911868 -2.796463498986766 -2.602303781208596 -2.141199539166531 -1.178886204711741 4.351540360141826
-2.898307221040122 -2.262002180008231 -2.592544598703941 -2.5987192564683994 -0.5187666882005906 4.192473483005149
-2.559746237079565 -2.855076283858902 -2.446833771615949 -1.96792593869563 -2.7363577092168914 4.172564562593556
-2.9265820114469503 -2.7023913416235517 -2.793531871006339 -2.094975648046441 -0.7951488475467972 3.719923855934903
-2.465039820269633 -2.2418169706704827 -2.3420429243685623 -2.3002199155441474 -0.3803440233613353 4.685213021988025
-2.718377617229477 -2.8115885901185367 -2.206171249893028 -2.516085991651886 -1.7560912712102899 4.6826666922276345
-2.6581219101185694 -2.1330960187371972 -2.353653624763843 -2.5993557840817294 0.09320412496202646 4.966475952587614
-2.6757868426265343 -2.821664936923631 -2.2221530912529945 -2.8245138781150283 -1.3241280243784732 3.58004961677312
-2.925861563495753 -2.3070993022060144 -2.575138983928241 -2.477573447252091 -0.157521609714676 4.303407716709929
-2.6488570274259713 -2.696722184624199 -2.4664306361584973 -2.080398216597682 0.34149693277261683 3.915428341902552
-2.957218051719447 -2.997805397308184 -2.822485627376776 -2.351410281332946 0.2889401235418875 2.3938607251487323
-2.7339980430567734 -2.3627670291766965 -2.447077910935193 -2.223349354871082 -0.13414628061402986 4.716319688318056
-2.921961007385962 -2.8054579477295296 -2.406702983435692 -2.523422315824429 -2.0214067317550595 4.299771452560902
-2.663818716631326 -2.380819183249783 -2.2464606739644006 -2.797321782421156 -0.1496373498852656 4.5162442606171815
-2.8950905330766092 -2.860251481216774 -2.7829993291491024 -1.824340120784841 -1.302782955257985 4.966461952566441
-2.769318151192795 -2.4729796614836967 -2.3630968986529095 -2.7752466981909767 -1.1645051203725085 3.964047064182754
-2.7484526045517157 -2.308857442380208 -2.4930754970816986 -2.474693995123908 -1.04563199239965 4.653930384699558
-2.8210019344062243 -2.9482970399444177 -2.638252885014306 -2.0581961102656265 -2.950865890086144 4.281145000110632
-2.7025267019028365 -2.1548733000986258 -2.4368344745323327 -2.721927141812463 -1.7289588576927561 3.7667539510881833
-2.9283372153557514 -2.565058061839974 -2.455864649265438 -2.3236289210206027 -0.29181893945095627 4.71196690831769
-2.9105346097289253 -2.8343951498937785 -2.2354566639219455 -2.967474057794446 -0.5942274017013703 4.562259595177927
-2.750876445873015 -2.4348433671105605 -2.365730670852764 -2.8474344306159582 0.295078528963843 4.562026615184475
-2.7967704862026417 -2.745884667300848 -2.353389271997079 -2.5188341466154935 -2.245119786814369 4.0819443846666745
-2.81247341671393 -2.5082596729651065 -2.471931070461374 -2.4252908101931143 -1.6892858819947332 4.935425929061359
-2.9252087371065327 -2.7574417150987927 -2.5086560028837535 -2.341033063367489 -0.5378414499694107 4.474353482957566
-2.6229510098306723 -2.9600395609506798 -2.2297159667968813 -2.321686977976369 -0.04170916737418229 4.753019406887821
-2.7614170517686802 -2.775847902953267 -2.193906615506107 -2.520114104787992 0.4513870460731655 4.913857259464942
-2.8587692897933494 -2.314814401150106 -2.5976744875375024 -2.885197662563409 -0.28892861093809713 3.050014177973056
-2.4226247603489415 -2.7363038632919388 -2.1197252482530016 -2.3265802982762205 -0.3148393412290207 4.6843085512761435
-2.8939899263979743 -2.5064427738006625 -2.7197297441610977 -2.9384970667981523 -1.0433766641829418 1.9986259359721839
-2.983852388609028 -2.57230520633039 -2.435291675212638 -2.847442302444735 0.35412340680370646 3.2712598219962814
-2.984943000810514 -2.397240819541654 -2.932426616383581 -2.123194427005749 -0.7891364710201435 3.0002666632649935
-2.835048982665639 -2.6170649466061677 -2.6860003706484528 -2.1524398020162323 -1.4859254395422195 3.155001005139454
-2.9108537624670143 -2.7052708770150016 -2.2714833894888016 -2.9713162037130347 0.1435013042275997 3.542547761417895
-2.869048490482296 -2.810050629867834 -2.4655250735932026 -2.8885735022276693 -1.4909880765164905 3.132377228256377
-2.736611704155681 -2.659508073098075 -2.5669569412672035 -2.239014758389064 -2.1909661025922667 4.6929321941038955
-2.571330740076418 -2.607413972717663 -2.3352217875666215 -2.7026826999625024 -0.44878021762301534 3.0717200765055583
-2.8006666223309495 -2.9628982215611366 -2.3899989203844485 -2.5468772519191187 -1.9767005698762334 2.799327688595298
-2.943761233240397 -2.452010745858841 -2.4519437046012684 -2.6419567590364155 0.3221218595387793 4.8858644264826445
-2.8355805246553265 -2.1964537383631644 -2.5928137677615375 -2.2123248896738965 0.22918411913475234 4.6285706191229945
-2.8111634928054525 -2.9615553586463466 -2.427526744854567 -2.649368736320676 -0.2901333995284954 4.127360553509199
-2.999463596139405 -2.656154674560083 -2.598401646696273 -2.7561055843914146 -0.5973652324728206 2.4031114424256828
-2.560646637785037 -2.686593372809663 -2.16933123209883 -2.551303531970338 0.1047205068718573 4.739623501060529
-2.8630143485719293 -2.9694447663470935 -2.294732064960936 -2.78044311553632 -2.752710931577768 3.1383682171533476
-2.9730684084334635 -2.630745871615075 -2.803394381085252 -2.316726847046234 -1.082909649844388 2.899024290727099
-2.749931042700019 -2.7886390088652115 -2.3556964573439707 -2.2029117948835966 -1.1364964865358957 4.904652105412965
-2.8990180804220103 -2.702809333151198 -2.339859333295734 -2.7596890452776313 0.33119469042731586 4.223242074101354
-2.6478567453393205 -2.4167560497545386 -2.3933284276542945 -2.162230367447846 -2.183125485802962 4.462426234243283
-2.6924030426423573 -2.219037882585234 -2.4202802431156214 -2.8209894294879643 -0.3029167403544012 4.282273865078705
-2.810532305029559 -2.298822752122827 -2.3771288806346753 -2.8811796233551785 -0.2455916486566802 4.805072207211858
-2.9727564213895388 -2.7467787498982297 -2.721726274832117 -1.9738103377587009 -0.05006953327089595 4.912892295366741
-2.851661347599013 -2.84356035298931 -2.5393227405387586 -2.3418051371421513 -0.2940348155211703 4.211328174092101
-2.733573221105673 -2.392592733211627 -2.522541283906148 -2.316135253381221 -1.1565647948038773 4.450648448353979
-2.6776841059038494 -2.3795947586699624 -2.334001325900629 -2.711866242154372 0.0274202606665519 4.596981834704369
-2.575245948343313 -2.5628228832900595 -2.1442086801800104 -2.861973559216852 -0.008385238094445246 4.654163820414011
-2.916488635906413 -2.3534770536885654 -2.6223281736224107 -2.875019430605325 -2.7338219278567646 2.8973428132259347
-2.8619073904072323 -2.4903761489448066 -2.4052496938029573 -2.7625562067070417 -2.098669429491742 4.484489927818096
-2.9841696315877204 -2.4844828398381718 -2.6215199770625435 -2.948245369290138 -1.9280039946340461 3.091319740462483
-2.82790699845501 -2.905426099161231 -2.315835613988418 -2.8162849311604496 -2.6230391118409115 2.8996167970050655
-2.854742115649326 -2.246669591243467 -2.537405357237221 -2.917891988962126 0.4153485701132533 3.8981021576298573
-2.8127572889971484 -2.8352399054590247 -2.529010309875757 -2.3057998447994628 -0.15606062168750978 4.479031150325838
-2.596417005009905 -2.7194044133901856 -2.02454477241851 -2.940442372901931 0.4417236865463597 4.703014994613093
-2.8055572087477065 -2.0854505103619543 -2.763218152572275 -2.444969948441403 -1.7919410991183684 3.3221771016874238
-2.7216700270842495 -2.9684955133632664 -2.3664124029348175 -2.694726080128649 0.23615387690512168 2.9354753227904595
-2.9970768176486695 -2.622206573128053 -2.5056307556308437 -2.5978620989529024 -2.5833546483218535 4.250576174412913
-2.547888175968674 -2.8382151946324568 -2.240220760587149 -2.4501271063443952 -1.163169980898499 3.568676791663736
-2.7487905470591962 -2.3390109184658767 -2.3873908944037407 -2.9978686667118772 -1.022095163945115 3.3572490523289913
-2.572962746455517 -2.6303134942665145 -2.300845238400394 -2.3178159342374984 -0.7039248340881422 4.17213508067652
-2.7924924303735885 -2.8465977954026505 -2.3895995960055325 -2.28156709263017 -2.8113985932189642 4.017445953135871
-2.537032489977602 -2.339487270814714 -2.3921786802446348 -2.2735918366467067 0.3372887594503906 3.8984818130620367
-2.952551207653535 -2.647465138201272 -2.5918468462282163 -2.533275830381756 -0.2979169654808587 4.143491453722231
-2.814950460807509 -2.5129072992688566 -2.326588019334104 -2.9338314455984653 -2.0878991078258187 3.820603923318971
-2.9647722923191084 -2.8848447033590525 -2.4200140553452263 -2.83066224984023 -2.3672643341251733 3.3772379236026695
-2.843683816696664 -2.61460456374642 -2.5811143265193226 -2.4257718181344634 -1.17565062769453 3.475595620937306
-2.9087960267124466 -2.3765771799599973 -2.5117726545458403 -2.993717378148384 -0.6800606055700742 3.8650493185887225
-2.7380186953889343 -2.8942273524719258 -2.352654250256263 -2.223288510844942 -2.1092574708940703 4.71991731046292
-2.4687380288722474 -2.3153995874691775 -2.297523939032898 -2.2729074021891607 -1.5222973255425678 4.817236924273756
-2.8533386572302746 -2.731046413416929 -2.436086548708449 -2.9942472529426682 -1.297040870377949 3.053451181596377
-2.9005708510395642 -2.680239290261983 -2.3930784230893876 -2.903108588346551 -1.2364140512921489 4.130507031332912
-2.5856432128728297 -2.283393884900963 -2.3438315174780286 -2.8748375964106403 -1.4751575998642283 3.8830969773884227
-2.7827065739737034 -2.97268599878279 -2.1473514480328193 -2.920999351003085 -1.7383183884596998 3.737276737847996
0.09830508474576272 0.08813559322033898 0.09830508474576272 0.07118644067796609 0.09830508474576272 0.06101694915254241 0.0949152542372882 0.08813559322033898 0.06101694915254241 0.08813559322033898 0.09830508474576272 0.09152542372881356 0.08813559322033898 0.0711864406779661 0.0847457627118644 0.09152542372881356 0.08813559322033898 0.08813559322033904 0.09830508474576272 0.09152542372881355 0.09830508474576272 0.09152542372881356 0.0711864406779661 0.088135593220339 0.06779661016949157 0.07457627118644072 0.06440677966101693 0.08813559322033904 0.09830508474576272 0.07457627118644068 0.09152542372881362 0.05423728813559325 0.0847457627118644 0.0983050847457627 0.07457627118644068 0.09830508474576272 0.07796610169491525 0.09830508474576272 0.06440677966101693 0.0474576271186441 0.06779661016949153 0.09491525423728814 0.08813559322033904 0.09830508474576272 0.08813559322033904 0.0474576271186441 0.09152542372881356 0.09491525423728814 0.08813559322033893 0.07457627118644067 0.06101694915254241 0.09491525423728814 0.08813559322033901 0.05423728813559322 0.0949152542372882 0.09830508474576272 0.07457627118644072 0.06779661016949153 0.088135593220339 0.07796610169491525 0.08813559322033898 0.09830508474576272 0.09152542372881356 0.08135593220338985 0.08813559322033898 0.08813559322033898 0.07796610169491525 0.08135593220338982 0.08813559322033893 0.09152542372881356 0.06440677966101693 0.054237288135593226 0.07457627118644068 0.054237288135593226 0.0711864406779661 0.08813559322033904 0.0711864406779661 0.07457627118644068 0.07457627118644072 0.07796610169491525 0.09491525423728808 0.09152542372881356 0.08135593220338977 0.07457627118644072 0.09491525423728808 0.0711864406779661 0.088135593220339 0.07457627118644068 0.09152542372881356 0.0542372881355932 0.08135593220338982 0.09152542372881356 0.09152542372881356 0.09830508474576277 0.09491525423728814 0.08135593220338984 0.09830508474576272 0.09152542372881356 0.06440677966101696 0.08135593220338988
0.010341987981614177 0.009644461048036368 0.007478943225657034 0.014698523284488743 0.008756742421158535 0.021241811363018802 0.01863055614058165 0.008930410587571795 0.007523114649610772 0.010307754176805715 0.009876425577918416 0.01000101818326504 0.012311968287985295 0.008254860166257682 0.008125970138805373 0.008313858632952113 0.008223178899564044 0.009096304747091583 0.008787534051862002 0.008303244159482226 0.007472320526517418 0.013614311844009658 0.007944792793251642 0.008305933681717273 0.01249447022950355 0.009728172667041355 0.00984783071915057 0.007727828302542035 0.008402039017056356 0.01062526145225228 0.008350801915631867 0.01118391083488342 0.009105572009355002 0.010800569397424343 0.008332360822699756 0.008205739420190258 0.015594652775936328 0.00872732136130183 0.008514360720311661 0.010462037746405277 0.009448939308810477 0.011779431843668805 0.010315063123913198 0.008208108196587167 0.01019188855989943 0.01172268548556304 0.007636312583930977 0.01009072340560818 0.009118192183126886 0.008821146747379414 0.008624750440753908 0.007943252685583945 0.00922769267094147 0.009087901673372312 0.011037889319622103 0.0077297163723318305 0.010851365341657497 0.009963570326457838 0.008722173240652244 0.008425620110095294 0.00811251112869786 0.010261929516702009 0.01752455807158774 0.008087401584201645 0.009953927200032017 0.009308273703936904 0.01054522537152428 0.00797591920878119 0.009310111764419898 0.009986167539449023 0.007990648837610755 0.007863007502206941 0.008873989512858008 0.010440273160472628 0.013580820705632948 0.011590464019643662 0.009870281547499013 0.015894932352927896 0.008845322045023925 0.008419750081473243 0.013278686818511727 0.008527130869762973 0.009101336559916032 0.013105708144541768 0.008802500564245518 0.008176851648435304 0.007967854335604567 0.014896806456882648 0.008116269368864537 0.007773092959035945 0.011571898011900228 0.01298594013886144 0.007450105777231705 0.007919754048496562 0.012650469715928824 0.009898937874146826 0.00888501107878121 0.009180273096455529 0.008897446256948147 0.013143031839901597
