4
100 100 100
1646 24101 605080
0.8 0.4 0.1
-----
100
1646
0.8
1.657093082602696 -1.7809803017025305 -2.1513826963726803 4.385503053667133
-1.8446889332749117 -2.0164663057831045 -2.4652120926242875 3.5461092715099305
-2.108127571831922 -2.793150941901847 -2.974957072901886 1.5144499624490393
1.6429430089589898 -0.26899102496907057 -2.997314050390135 2.32960599568383
1.9565218776886102 -0.9324818262935675 -2.660294439898909 3.3407045120751553
-2.346703491454778 -2.297081607128812 -2.9469045145429194 4.447517526947216
-0.6674149346275038 -2.6249964949472533 -2.76246386206381 4.314781413856683
1.0341752464133442 -1.4525487008278417 -2.6648299991150113 1.7138843928002545
2.008853055691958 2.4222745700009316 -2.968190136799028 3.685872153487344
0.49723358022652864 -2.338452798155386 -2.88502807162599 2.4130409338399517
-1.269474960883214 -2.4669613883943367 -2.2510580039277475 4.57735039691829
-0.9957325953699261 -2.0538191279416975 -2.203395868557045 4.721823061040423
2.568062973022064 0.5111032613149211 -2.5395441324703176 4.018314519400633
0.8969639067078501 -1.9668602799712311 -2.810412026892429 1.5350171286299985
-2.288163804452193 -1.9662838096590507 -2.589205370498243 3.1233481312738345
1.2916738101606935 1.1008525273308667 -2.9467122864001176 2.2149820604291737
-0.9513350647172762 -2.8782921465195535 -2.6339761503885812 1.7892058984302461
-1.2736420353833244 -2.700845813731359 -2.8680914784274147 2.3513222945095977
1.5228862710576259 -1.1839932459714917 -2.535653825074131 2.4581830370159032
0.2274931173301029 -2.0405539446281455 -2.2222271345315905 4.5933097179712
0.7848443082858112 -1.5233228929096594 -2.8997649311225966 2.2665681204892616
2.1847959816035427 -2.2570405024083238 -2.596587341447154 3.169065137675837
0.906663512882159 -0.5067953594166479 -2.1809528016505233 4.493237849853115
-2.1984506287127266 -2.438026226556514 -2.3935530303723764 3.847575533284534
0.545591952786038 -2.4632099591590007 -2.3101257463251534 4.502922262380553
0.909327023668951 -0.3076576483342963 -2.740854788672788 3.1129157683643314
1.69393390275597 0.269923533889147 -2.997551166279986 1.426736676001491
-1.7739188510343786 -2.5323574315214774 -2.219409034631802 4.383163023430998
0.22900993251335056 -2.8238667596693774 -2.4535852218398304 4.954649480485554
2.2519183587282727 -0.5930878692132175 -2.5259983485304804 2.7369210300898117
2.38893069645974 -1.8156632540500084 -2.7033994164719415 2.0350097777294183
0.1113454912540881 -2.3976275747865885 -2.8291896481310475 2.8622990971912046
-1.320241086847167 -2.5747648402583527 -2.574961668307589 3.3949100139810473
2.8651597492719993 2.0452632428259614 -2.2759520598792187 4.781697240275042
1.1536229285046158 -2.56076316828203 -2.180604755313199 4.591423951753839
2.907392563121139 -2.1287807260557967 -2.940852132079343 1.5024561361157673
2.9116930371021947 1.3233194495190128 -2.279186128733553 4.9199828155875736
1.8782112877956703 0.7361657191499855 -2.992992972870057 1.3686418462496774
-0.22187956842956336 -1.7147185977346866 -2.983005415983858 2.5871302300667187
-2.1418578225003637 -2.657073925726939 -2.7941470403639763 4.1788078975398495
0.9521010240645622 -1.5444391075412738 -2.8810997815971744 1.1088977021863355
0.614566544625347 0.1862360671628318 -2.5941993511590162 3.268957195212696
1.9755622790884075 -2.3923531507680584 -2.7266339492792175 3.0491709519866337
0.7782805674115498 -0.40363878089649496 -2.7659152970628527 3.734853761684552
0.17619904393857455 -2.54343377905762 -2.3669089741143066 3.939615585165556
0.05030825741999756 -0.6233222494217276 -2.4774136169912238 3.911498567088386
2.735432048463835 -0.9915204828648649 -2.7962341634555825 1.7693089581445254
-2.5553910116257947 -2.514493760741728 -2.9005749880941774 1.476174296562025
2.995671055630825 -0.10696682976397431 -2.3745350297631465 3.361941980704497
-1.9781776473178874 -1.4502432674286068 -2.933896122565593 2.524588604401834
2.8096912620223904 0.47033762924533384 -2.7094651160552665 3.6553202120101727
2.8191712201792187 -1.131028866714746 -2.8808176086153447 2.8955875725946134
0.9199312365912289 -2.7644309595100776 -2.7142481613698326 3.9346019179156952
1.5999991857331555 0.9843563208871342 -2.6381791875678386 3.95706678627418
-1.3135513084212915 -1.7954860365306087 -2.917025278704221 2.366664766006691
1.308646950054106 0.3538123692063535 -2.904963012508187 1.2029565492668037
1.3696612327934128 0.5657767879416475 -2.1710405433085542 4.699915075101919
2.651430122172255 0.5292868363943302 -2.968951479024679 1.6297357430088222
2.4553210919959714 0.9933909761211357 -2.980724952896398 0.8522289052679977
-0.5374211879347994 -0.6211392676208378 -2.826632868393391 4.08957691390778
-0.03489556985057485 -1.4285272158367368 -2.838669892907185 1.1169940577966542
2.5044134101531075 -1.4913510400467227 -2.514001220237459 3.2429919031013643
1.8188339433026668 -0.7606395669680035 -2.5093296365965516 2.584424022760029
2.7298215625327593 1.467069185163444 -2.7297910125855167 2.88463990542375
-2.7108399637595895 -2.7976584691456874 -2.659185387264415 3.6521097574813766
-0.3560722434176782 -1.1535974260544082 -2.6003592392149972 3.610506331765361
2.2435160247541077 -2.5891441792824317 -2.8380859068389444 0.9901791888562028
0.4646973432306556 -0.11262147354139529 -2.6127656224446714 2.4584945306779273
2.0536883170910007 -2.0950130400702327 -2.605590999940285 2.4991178432048167
1.1842637799914364 -1.0014889882589286 -2.9880205525654793 1.3332234853257585
0.5444693527609621 0.1248592524002472 -2.6679657223338875 2.3607601024843383
2.8145669681392533 -2.6557495933403463 -2.5521001204411666 3.529656205917707
0.7402338741898382 -1.0679839150109616 -2.6037205168428303 4.366194014692466
-2.6015734016253584 -2.0691514096633683 -2.9613447774132027 3.03155234358081
-1.2029577282806985 -1.9280105227000495 -2.889184775208558 1.577748741347732
1.8449755256253653 1.9467325303017162 -2.787942427178354 4.781278259434258
0.36821349665410974 -0.08473361723238115 -2.661386866619388 3.5659559361248663
2.3956516367927314 -1.5537801645084408 -2.388059311648441 3.7679230599987235
1.5944276343539592 0.5442212849276471 -2.749441174209931 1.679029522858515
1.663205430820188 -2.9881371569140702 -2.594064133718433 4.928714980091407
2.522732686417598 -1.5200376575706676 -2.975489814992073 1.0247527428483605
1.240073869849165 -1.584192955685507 -2.3202358901380813 3.980868611160615
1.8564469016741905 0.7731852217114019 -2.955122609893305 0.9251768782619707
0.38785634967834337 -1.412195209899897 -2.5740126644376233 2.574071651355283
1.4559958028328257 -1.1473743436595134 -2.592580530963506 3.460337767528181
1.7169641970560638 -1.1807918888158548 -2.192736010684139 4.57760069766409
0.4087748846030128 -1.7219122016862096 -2.192762206239979 4.566442531129866
-0.12537007731920768 -2.6755779723329947 -2.4267994034652673 3.6211749393724912
-2.413586070260568 -2.8279533975752584 -2.535208610271929 3.0233662788850513
2.031433546995702 0.9279922767470619 -2.8958523681997614 2.0397280054875324
1.8664360964638922 1.1768217103476672 -2.7148338670841863 4.258860226680845
-0.010485664698193897 -2.9001160222022166 -2.6913682616161805 3.3329449201571517
-0.6733826139400008 -2.5319425748934816 -2.203282783385412 4.384726613742509
0.5341797063285592 0.6954608944570615 -2.8181279646578457 4.522028900295664
2.7302508575001943 -2.6024685484807155 -2.260883724030096 3.7990080755513267
0.07408416687667341 -0.9799329920230475 -2.696668700044007 2.8836857995893306
-0.5208062884632434 -1.7376629292689016 -2.6201908550701107 4.597978647022741
-0.10409697928623807 0.03509666680830481 -2.911449847766315 2.6505452815040487
2.7218606131103575 0.08244347985111178 -2.694469561490836 1.886731290583502
2.885829129684824 -1.735750877417014 -2.885599504491567 1.7442117031737636
0.7830508474576272 0.6677966101694915 0.5050847457627119 0.7254237288135593 0.5152542372881356 0.31864406779661014 0.776271186440678 0.7084745762711865 0.6474576271186441 0.6305084745762712 0.6983050847457627 0.7355932203389831 0.44745762711864406 0.6305084745762712 0.7694915254237288 0.5220338983050847 0.728813559322034 0.552542372881356 0.6813559322033899 0.7050847457627119 0.6135593220338983 0.5118644067796609 0.7491525423728814 0.6949152542372882 0.6338983050847458 0.5491525423728814 0.4813559322033899 0.7423728813559323 0.4610169491525424 0.6508474576271187 0.6000000000000001 0.6440677966101696 0.4983050847457627 0.6983050847457628 0.7423728813559323 0.5084745762711864 0.6474576271186441 0.5152542372881357 0.7661016949152543 0.4949152542372882 0.6983050847457627 0.6406779661016949 0.5491525423728814 0.6779661016949152 0.6372881355932204 0.6169491525423729 0.5661016949152543 0.6474576271186441 0.6813559322033899 0.7966101694915254 0.6271186440677966 0.7152542372881356 0.6644067796610169 0.4576271186440678 0.4440677966101695 0.6711864406779662 0.7864406779661017 0.5152542372881356 0.7152542372881356 0.4847457627118644 0.7389830508474576 0.5898305084745763 0.688135593220339 0.5050847457627119 0.45084745762711864 0.5050847457627119 0.7762711864406779 0.688135593220339 0.6237288135593221 0.5118644067796609 0.6983050847457627 0.5050847457627119 0.576271186440678 0.6711864406779661 0.5966101694915255 0.4711864406779661 0.5152542372881356 0.6406779661016949 0.6711864406779662 0.6305084745762712 0.6372881355932204 0.6779661016949153 0.7355932203389831 0.6440677966101696 0.4542372881355933 0.7322033898305085 0.7389830508474577 0.6203389830508474 0.6305084745762712 0.511864406779661 0.6237288135593221 0.5491525423728814 0.7423728813559323 0.4983050847457627 0.7491525423728814 0.47457627118644075 0.6067796610169491 0.6406779661016949 0.6474576271186441 0.48813559322033906
0.009999999999999997 0.009999999999999997 0.009999999999999997 0.009999999999999997 0.009999999999999997 0.009999999999999997 0.009999999999999997 0.009999999999999997 0.009999999999999997 0.009999999999999997 0.009999999999999997 0.009999999999999997 0.009999999999999997 0.009999999999999997 0.009999999999999997 0.009999999999999997 0.009999999999999997 0.009999999999999997 0.009999999999999997 0.009999999999999997 0.009999999999999997 0.009999999999999997 0.009999999999999997 0.009999999999999997 0.009999999999999997 0.009999999999999997 0.009999999999999997 0.009999999999999997 0.009999999999999997 0.009999999999999997 0.009999999999999997 0.009999999999999997 0.009999999999999997 0.009999999999999997 0.009999999999999997 0.009999999999999997 0.009999999999999997 0.009999999999999997 0.009999999999999997 0.009999999999999997 0.009999999999999997 0.009999999999999997 0.009999999999999997 0.009999999999999997 0.009999999999999997 0.009999999999999997 0.009999999999999997 0.009999999999999997 0.009999999999999997 0.009999999999999997 0.009999999999999997 0.009999999999999997 0.009999999999999997 0.009999999999999997 0.009999999999999997 0.009999999999999997 0.009999999999999997 0.009999999999999997 0.009999999999999997 0.009999999999999997 0.009999999999999997 0.009999999999999997 0.009999999999999997 0.009999999999999997 0.009999999999999997 0.009999999999999997 0.009999999999999997 0.009999999999999997 0.009999999999999997 0.009999999999999997 0.009999999999999997 0.009999999999999997 0.009999999999999997 0.009999999999999997 0.009999999999999997 0.009999999999999997 0.009999999999999997 0.009999999999999997 0.009999999999999997 0.009999999999999997 0.009999999999999997 0.009999999999999997 0.009999999999999997 0.009999999999999997 0.009999999999999997 0.009999999999999997 0.009999999999999997 0.009999999999999997 0.009999999999999997 0.009999999999999997 0.009999999999999997 0.009999999999999997 0.009999999999999997 0.009999999999999997 0.009999999999999997 0.009999999999999997 0.009999999999999997 0.009999999999999997 0.009999999999999997 0.009999999999999997
-----
100
24101
0.4
-2.481391086473063 -2.598904732338037 -2.854482461087197 3.8251406818898634
-2.636810321643547 -2.8047056956308007 -2.9155739972906227 2.4368548436233537
-1.9295714234716224 -1.7461703601389855 -2.8636352282865314 4.822517646367368
-2.3159900733529795 -2.6092293176757426 -2.759129225826345 4.475066644696231
-2.3521072174613664 -1.9973899831610284 -2.9571568280827263 4.641231447214343
-1.6220298530617372 -1.5134279775161197 -2.895959024827421 4.284232564002391
-2.139826679796313 -2.0486338625908322 -2.822929811645374 3.8518449331224627
-1.8394477541050993 -2.2738418991859843 -2.649137105631066 4.941374267623763
-2.797643626488114 -2.817196473523669 -2.9431775282746293 3.1209592156880914
-2.802362291115253 -2.9171822084220462 -2.8475443111230234 3.589704414340467
-2.4853350382422095 -2.6612077091608675 -2.7907518621543206 4.486050202307052
-2.505536002024191 -2.894251437253162 -2.8547800251997826 2.720372247676993
-2.815996853095716 -2.694667819860496 -2.8859648532312328 3.1816863962539124
-2.5482954260763364 -2.546464245234259 -2.7957646307889226 4.586690200572525
-2.3878089236383615 -2.2798768093560233 -2.8865745391268014 3.955694560223676
-2.349722504936871 -2.6753704940018386 -2.753110171983733 3.297776553367986
-1.8942978673378565 -1.9613851147717893 -2.8324240946113908 3.500765885843908
-2.9344017457795424 -2.9852510159186108 -2.7332412373443087 4.135054799863071
-2.285233951559449 -2.812814655181935 -2.6022338913968435 4.495031126504257
-2.7280866290962003 -2.862578379174086 -2.9339009809926107 2.01902722765724
-2.8010935817541593 -2.7812737707006066 -2.688401196345636 3.941125669746998
-1.9123832381957695 -2.6654603255362694 -2.5515860648558357 4.951362111596481
-2.087692431753175 -2.730305586628855 -2.6024278497507582 4.3600558212450915
-1.0444943243179814 -1.1076418262276189 -2.7659846167170996 4.402508508744491
-2.99540323770145 -2.7023897298794632 -2.9810231822584594 3.4684756698694397
-2.4253544608038253 -2.366693437079511 -2.7715532119914785 4.814915267094605
-2.515090988948203 -2.810343085818611 -2.7472509041979736 3.366039523639864
-2.5088586012640834 -2.520578216528876 -2.828190416955823 2.9874285538936554
-2.9796230460423376 -2.961012715521097 -2.949084063947911 3.0269339331603784
-2.791517242192632 -2.580607059350144 -2.7793099447478844 3.8594944112778653
-2.5303428816047404 -2.4632957408247314 -2.708514326061997 4.416884917422661
-2.7742052919744586 -2.6845449707996476 -2.8557550441612705 4.199343979395055
-2.4552695809716547 -2.0873761049743313 -2.8815857004699708 4.590798939186633
-2.328632011069137 -2.363703770032224 -2.8339709474681447 3.073541309570413
-2.806779573325694 -2.504712272430142 -2.7200445203031456 4.968410354672642
-2.6231282102738436 -2.9234068631819827 -2.8573570584071546 3.7986014594687587
-2.8081469016816 -2.66534991676869 -2.8483913041188673 4.707227235792476
-2.649279646579403 -2.955695618042915 -2.8290465826671265 2.9079073402222733
-2.702732910597053 -2.8342426731455754 -2.9686897102720744 4.159037818464748
-2.0333333409406977 -2.1823857701463134 -2.6583262307696813 4.51628050756987
-2.5536275508792983 -2.145368427609335 -2.8897977630082994 4.328960955975475
-2.7988775036029123 -2.255557930159103 -2.9605607145920265 4.206041433201671
-2.463840993131037 -2.2529060053186583 -2.9937336624544186 3.613184704338243
-2.8082892871979674 -2.663494246132031 -2.656357016997756 4.641395791841575
-2.539686999093176 -2.502090444718984 -2.773672601055853 3.6529377536864462
-2.0986904570197322 -1.884169933470574 -2.8832098397676553 4.815617649331379
-1.5062121830829924 -1.3089365271524522 -2.9721496580401734 3.9503889478185665
-1.9754604672139287 -1.766950684582064 -2.9462276763609494 3.6244948838860993
-2.737042819196546 -2.789377583662464 -2.881676640201749 4.070144189102372
-2.1723326926479953 -2.70763269173614 -2.716525180801746 3.4659735731018078
-2.288393503388998 -2.558033139594954 -2.8121385798568217 4.088683682633436
-2.449782295247548 -2.562510148320178 -2.776566969444141 3.46432673607239
-1.4123649828909735 -1.1681451267850078 -2.9005515073629775 4.956506114503668
-2.608157317432579 -2.8595921574758227 -2.7128779412060595 4.929639240057623
-2.0022971958847267 -2.127216395112246 -2.610328663188806 4.822407180685117
-2.508120018454235 -2.892942941085991 -2.8344595564925124 4.037868021516707
-2.099444696625463 -1.9779921821164197 -2.7842457158828218 4.664799328297473
-1.9827457819678025 -2.2145677154287213 -2.8943486941735195 2.8827182662373834
-2.06302793410771 -2.391403867277305 -2.821410724028066 3.9301887064744045
-1.737253859689625 -2.157614437455371 -2.607886621520649 4.553201333495954
-2.2770296706603017 -2.63907791499565 -2.953749755074678 2.278774684192189
-2.689658412943943 -2.414192665597338 -2.9078733167645936 4.296201670658413
-2.631011703705275 -2.831927809284277 -2.959308775710772 2.1958956671414884
-2.1058132324296333 -1.965165678559 -2.993724090051791 3.170524269778279
-2.4474706534748396 -2.465210676222367 -2.715163058770899 4.123864054395943
-2.788205051639039 -2.704161603117131 -2.8785675488154334 2.9318340455008722
-2.322601055567854 -2.931543515044072 -2.793698989826864 3.141965753605746
-2.7457366191408927 -2.728575051192749 -2.8232452226569693 4.1611844898890045
-2.6517541736401355 -2.684109809695685 -2.8828232665413296 3.4104334619543986
-2.3986656620765037 -2.400175492138173 -2.910033522540779 3.2389423119684153
-1.8654729769228113 -2.1480802201466735 -2.8784855654929458 2.9583438394833843
-2.894412918002572 -2.8361549242658546 -2.9076461048404103 4.870629881584064
-2.0549007339342125 -2.383402026188558 -2.730831435045805 4.415383552918514
-2.0806556594949646 -2.1012592977399467 -2.781776368167172 4.548409164833091
-2.5944169488170297 -2.60156583482919 -2.9688281761250823 4.495278141056099
-1.518722273660659 -1.797891628390871 -2.6705717311377053 4.703912041345112
-2.767369176772714 -2.843759593333445 -2.88090947518848 3.608601369596705
-1.9071845578046362 -2.7104801389982716 -2.62242348684947 4.342649920896775
-2.5201540302337038 -2.8361342323260335 -2.7744932964443096 4.622897499064151
-2.2721050606356514 -2.3911579746384026 -2.7980359768400134 3.429393057731553
-2.0018918795310285 -2.6480282451298858 -2.736213888367644 3.0809329287031746
-2.623185490234893 -2.6396272505765626 -2.750077781049852 4.078379054667766
-1.8799631854128158 -2.8339632859441073 -2.7289720507852633 2.9647951130775807
-2.259044037198017 -2.5132167795263545 -2.955970984017551 2.4593102844672265
-2.317979040832424 -2.7385652122493953 -2.653648336707733 4.222103899271994
-2.579985128992165 -2.622595641137977 -2.8569355398087106 3.523073030816685
-2.4441170876049747 -2.7635700170698287 -2.9617296714936088 2.3390380901579526
-2.738950104513261 -2.8292995348525207 -2.9329562198872927 2.7745399164647675
-2.704043263738066 -2.4709907333913073 -2.7391392479585384 4.980016367615153
-2.851010162818923 -2.495137429579613 -2.9839934133221737 3.9173540177182273
-2.932080242257796 -2.6368008009207213 -2.7657600456968696 4.957063434153978
-2.554268962906536 -2.559622209368138 -2.896702454832328 3.8721089188110027
-1.9996473854465258 -2.869571190300171 -2.6082979484043594 4.227537262310422
-2.5101390696659753 -2.822330809118952 -2.6722127501509734 4.257054911783786
-2.6388700153120257 -2.6270050296058822 -2.93530591525314 3.319122791545485
-1.7299108119457463 -2.540488618188182 -2.623702095784804 3.759710041984441
-1.9357640425049187 -1.8826708119253297 -2.966258201958758 3.4103738102346366
-2.586415829281022 -2.7283128386653983 -2.8730976974493387 2.909385552056298
-2.548644904989347 -2.759026572530016 -2.777085558623899 3.2294320268728764
-1.9744669329408615 -2.222552568228634 -2.8054043356394733 3.964888132912531
0.223728813559322 0.3694915254237289 0.28135593220338984 0.34237288135593225 0.2915254237288135 0.38983050847457623 0.3593220338983051 0.38644067796610165 0.2271186440677967 0.2542372881355932 0.2542372881355932 0.3220338983050848 0.3220338983050848 0.22033898305084754 0.26101694915254237 0.3525423728813559 0.3728813559322034 0.29491525423728815 0.32881355932203393 0.3830508474576272 0.34576271186440677 0.3457627118644069 0.3593220338983051 0.38644067796610165 0.288135593220339 0.30847457627118646 0.3254237288135594 0.35593220338983056 0.288135593220339 0.31864406779661025 0.3355932203389831 0.2542372881355932 0.3728813559322034 0.39322033898305087 0.36949152542372876 0.38305084745762713 0.18305084745762712 0.34576271186440677 0.3186440677966102 0.3830508474576272 0.36949152542372876 0.36949152542372876 0.288135593220339 0.3355932203389831 0.33220338983050857 0.3254237288135594 0.39999999999999997 0.37627118644067803 0.2677966101694915 0.3355932203389831 0.39322033898305087 0.3728813559322034 0.39999999999999997 0.39661016949152544 0.37966101694915255 0.3186440677966102 0.35593220338983056 0.33220338983050846 0.3864406779661017 0.3728813559322034 0.3423728813559322 0.26101694915254237 0.3355932203389831 0.3491525423728813 0.34576271186440677 0.36610169491525424 0.3355932203389831 0.21355932203389827 0.35593220338983056 0.2983050847457628 0.39999999999999997 0.14237288135593223 0.3966101694915254 0.3152542372881356 0.33559322033898303 0.38983050847457623 0.264406779661017 0.39999999999999997 0.3355932203389831 0.35593220338983056 0.38983050847457634 0.28474576271186447 0.3864406779661017 0.30847457627118646 0.34237288135593225 0.2169491525423729 0.33559322033898303 0.2745762711864407 0.2915254237288136 0.21355932203389838 0.24745762711864405 0.2542372881355932 0.3593220338983051 0.2983050847457628 0.25762711864406784 0.3864406779661017 0.3288135593220339 0.35593220338983056 0.3627118644067797 0.3796610169491525
0.009411539236345075 0.010235918974103086 0.011053035979814595 0.009891250719200223 0.01281203319346412 0.008931809213782182 0.00814289847522049 0.009734651378772467 0.010800530019415347 0.010381299786422068 0.010673484859165897 0.00931838558342488 0.010041720828108416 0.011142639261255895 0.009482401255903687 0.008149313285201933 0.007330260911678314 0.01130049960812727 0.009772030617114614 0.011565446095829794 0.009958782694676793 0.010246334478084092 0.008842653511114084 0.007662739906002769 0.01223320298991548 0.011390536127864745 0.008715851386357672 0.008576065985824298 0.011789418843440943 0.009798946337999725 0.009919560121761178 0.011275057034766825 0.011576520675469153 0.008072555895493216 0.013360282775995215 0.010270824733658252 0.013376650044121322 0.00957800862096429 0.012930629972474125 0.008707128993867877 0.010968468791403509 0.012531092813060953 0.01046969162084678 0.011718881400462294 0.00871726322801263 0.011668713167163077 0.009034505738817169 0.008626577928811288 0.011249523919716892 0.007835218816891169 0.009089764203427234 0.0084000920109498 0.011809976718462779 0.012856098805036078 0.009554745830257458 0.010176847283960733 0.009871761334114094 0.0076892634093333285 0.008241043100490718 0.008183088363041546 0.00959607666593676 0.011676852035527475 0.011106443594768927 0.008986476366200445 0.008993838196547015 0.009873588777565931 0.008552305867463007 0.010812850533841642 0.00967119672377773 0.008862599832471615 0.0073536774316262325 0.01619229679115644 0.008772805858831216 0.009396804747047507 0.01355259807421294 0.008316349517908137 0.010474608915285592 0.008401811771012546 0.011457599193032521 0.007938216128140042 0.0074110653832136445 0.00965459126589566 0.0074671098019756365 0.009218573247062453 0.009067707191545225 0.009288101207774216 0.010238039560666727 0.010503405741244497 0.013091970534242442 0.012429242134586752 0.01438398544126614 0.010076228161069766 0.008581023742649912 0.009782399329422774 0.010049929153205992 0.007119463451116932 0.008495938522382241 0.009300669718460395 0.008759287030670014 0.007946753462733
-----
100
605080
0.1
-2.9658325715135985 -2.89461473297753 -2.902103718019412 4.606076812852916
-2.9771225393203062 -2.690423699878765 -2.8876861873880593 4.654417509072632
-2.955827803321977 -2.771129668191391 -2.9137939872372898 4.398757533325352
-2.879489084209221 -2.713433007545009 -2.975140605183353 4.812447184003336
-2.944297554603609 -2.802763469784788 -2.9804682521199912 4.452697483290334
-2.968151885854789 -2.7198806265626048 -2.9904069966911124 4.579375430817975
-2.9798109849489567 -2.8016407260347598 -2.9636396245179037 4.4113513854712165
-2.984298163071366 -2.8164189318816026 -2.9221749624050615 3.8531330483219266
-2.8310582695791653 -2.7306001672175464 -2.9731112170307448 4.752218185646052
-2.9201901594675768 -2.659911081615668 -2.968308985072519 4.931016753908143
-2.9938649773957624 -2.73772432896401 -2.966742428901884 4.751251518250987
-2.978257249558941 -2.8429031610513826 -2.932523665700788 4.58712895547842
-2.8914144325948543 -2.762555794313779 -2.9665373187046487 4.3691260761422255
-2.9674531172597822 -2.763290116454306 -2.880284259811466 4.992965106667897
-2.96715757927204 -2.7012842531451495 -2.9828881498485864 4.414134573424304
-2.9494899829933874 -2.8797499588587248 -2.9007128046704698 4.6484459935709905
-2.9212578964432265 -2.8733639864004603 -2.9786012965488684 3.7164284343547203
-2.9313340642456565 -2.8672124949228395 -2.9855303828884154 4.040106248048426
-2.9493036851288448 -2.5748437555830366 -2.972284190764171 4.783447316025127
-2.9449601314261153 -2.9085052886645766 -2.9562263074442914 4.2150099946809725
-2.960345139254608 -2.70980021026166 -2.9682886370731953 4.963103380000799
-2.9561795371929547 -2.7611497734231203 -2.9916133837431427 4.454428234918965
-2.9857148777291993 -2.827514211605502 -2.9515076318939357 4.9423976755998
-2.9249240708930944 -2.8106183901527295 -2.9558675158588925 4.7159448226111
-2.951609185007895 -2.6695468000288853 -2.979876769159288 4.322821869418858
-2.979324634823352 -2.7904625975539608 -2.932981029169318 4.6158009873725225
-2.9905175766128917 -2.7523937882184124 -2.9317928506386957 4.341902564743139
-2.9464972536465623 -2.738289833013752 -2.951871908886156 4.62414564465779
-2.9865477212483045 -2.9839847267297444 -2.914215438963064 3.9391042450424987
-2.9391921746695564 -2.772490259120875 -2.998715308917939 4.919729095012163
-2.8217344001073803 -2.6695113736148084 -2.92743128686087 4.5685166247683675
-2.982719912342264 -2.747840309587229 -2.900220743485862 4.560246253879328
-2.8335672910115624 -2.796080268243995 -2.8687003284573693 4.3384229041117095
-2.960839794670076 -2.936082506346372 -2.922061178810784 4.281205510618285
-2.996356106955141 -2.7365132828383802 -2.9419860000670344 4.8502394814730305
-2.9026494749653433 -2.8873891959595017 -2.9766072214063795 3.3907122260673166
-2.7792859504811696 -2.567523027989618 -2.9767655417963357 4.465637412926449
-2.7644070439403774 -2.666005574105144 -2.935573856908266 4.872873051065065
-2.9666745960628162 -2.716277208638253 -2.990727911798694 4.030965632398759
-2.9934147285952766 -2.7669504373918388 -2.9052707635604436 4.379375165592289
-2.993385318612318 -2.698706673272982 -2.9930200306405546 4.4243794296317525
-2.884847454453537 -2.6660560640782243 -2.930844497641604 4.647088439312203
-2.912762735097974 -2.8031495466480183 -2.859862826611708 4.749588892870804
-2.9691546099382577 -2.8117901462956265 -2.9279964521958606 4.415623135151562
-2.944030431435635 -2.8643350980122304 -2.913145839953738 4.496198568302329
-2.9258487415886165 -2.8457796778509716 -2.861368193441994 4.820993183088599
-2.685201174860041 -2.5472960343115867 -2.91285577064524 4.578962326739738
-2.869022915657455 -2.771302353841395 -2.9530531503536417 4.24819068152356
-2.9471820846944032 -2.931905087332215 -2.8992188755334114 4.830856595516668
-2.977223059783772 -2.7407324190783946 -2.96908893127406 4.204413752694855
-2.929665664207259 -2.9753238882161495 -2.8571390717696215 4.666201682318088
-2.856816279937053 -2.7683974478851265 -2.893344397644667 4.438427508174337
-2.9981115960316376 -2.6822801377613112 -2.9053657946387452 4.887152558402086
-2.9417168101125357 -2.8403712557501475 -2.948522897262706 4.717037640091544
-2.859644408837668 -2.803216597287169 -2.822374134391995 4.993538708099643
-2.9776982138431616 -2.9071882390738755 -2.863535674735601 4.962489552665281
-2.9089884828410693 -2.8669442811367922 -2.954427112781435 4.096070808240358
-2.823523664858752 -2.493397415579618 -2.97655460910523 4.650212094422423
-2.974714708933621 -2.6207259660561926 -2.908778264620526 4.745047555785303
-2.9316656172937727 -2.6665901661669116 -2.9546696918087605 4.507820137140182
-2.903185144345559 -2.673841872945379 -2.8751833841225203 4.643707774142699
-2.9557608324830094 -2.624308894233564 -2.9961866867719325 4.442924164974725
-2.9054771343521226 -2.587518659189362 -2.9536450865288675 4.422605973021405
-2.8782983537813758 -2.6061331557204546 -2.8738016727796234 4.996525500705859
-2.969474028678324 -2.852407536174383 -2.9290021847065892 4.040571792603446
-2.8753413595212978 -2.6297366183647295 -2.9423434913140403 4.911847490821057
-2.9931695656547825 -2.7183405306979456 -2.984638331046571 4.751922760167846
-2.802117796401089 -2.7389991959419704 -2.9387616132991377 4.376588807925239
-2.9148281870799475 -2.6550905042817385 -2.9214215425452115 4.8755639511616655
-2.8796668692172913 -2.5786079199181855 -2.916447315290398 4.712440573926954
-2.9223835844340096 -2.884903300119812 -2.9072653897776184 4.956684958341829
-2.9772092815547837 -2.7273588019480677 -2.947017755580308 4.980780485511128
-2.8343011220453893 -2.703045378303593 -2.9554641653433062 4.31780467448672
-2.9678083690743997 -2.764584789396661 -2.8784377638691816 4.887602726774433
-2.9718021161054295 -2.8152453917780194 -2.9283283676128256 4.955489413851257
-2.9422212351723784 -2.7422340598064494 -2.972603258165993 4.19210227811858
-2.9793799304371222 -2.5659487365870874 -2.9812554455673794 4.651419237081439
-2.879422299576141 -2.7542012629356103 -2.9570907952441154 4.283105253594261
-2.8583735312730836 -2.7056106338993837 -2.934522806351812 4.40806572899098
-2.936591920824799 -2.8445560190716717 -2.9307342125030007 4.494030435864199
-2.951762000792872 -2.868265761722519 -2.8693157956785282 4.610570699007612
-2.910255808878638 -2.731010667289435 -2.965385662821005 4.868513153884347
-2.9375240302111867 -2.9288972415164185 -2.9350294642481805 3.6729820071154995
-2.876419842123827 -2.691865695728596 -2.991853080805797 4.9515554854516886
-2.8905762819884355 -2.743781122513375 -2.9213574865429384 4.6271467648857225
-2.9401364150445737 -2.862364735908801 -2.9732968175457644 3.8085358337073982
-2.8873670063942685 -2.6713772378743648 -2.9644922915077023 4.453672111275881
-2.9366480267988058 -2.9940651669559077 -2.928865413583667 3.9122544265058354
-2.9077466529538016 -2.7049332514508655 -2.865765642986357 4.996252653719221
-2.9213810664307114 -2.916553583150016 -2.8833900787026367 4.547204556129042
-2.8739307018258486 -2.6675342860230122 -2.9844655877994737 4.421036599923888
-2.8574657843498885 -2.718850682339174 -2.868721134419177 4.93733966088768
-2.953080381516785 -2.675915326667158 -2.9862294981051525 4.763476794603106
-2.7996716092527554 -2.769501764341202 -2.909598918165376 4.179294678566153
-2.914340191256192 -2.962813015558012 -2.917116419310633 4.399786555075934
-2.923558240025593 -2.719335907782244 -2.878895595309037 4.5545210918696
-2.8828878913524965 -2.7313488927628833 -2.9340070494686525 4.871476436011985
-2.978564058514414 -2.790752258583854 -2.953174141196105 4.582677405051291
-2.9516674621354526 -2.829234000030061 -2.8154183611877 4.625908057686908
-2.9787833140484032 -2.841906731163203 -2.9645857573698606 4.171495347143009
0.09830508474576272 0.0949152542372882 0.09830508474576272 0.06779661016949157 0.06101694915254241 0.07457627118644072 0.08813559322033898 0.09830508474576272 0.08135593220338988 0.0949152542372882 0.07457627118644072 0.06779661016949151 0.0745762711864407 0.08813559322033893 0.08135593220338988 0.08813559322033898 0.09152542372881356 0.09830508474576272 0.07796610169491525 0.06440677966101704 0.09830508474576272 0.08474576271186443 0.09152542372881353 0.05762711864406789 0.09152542372881356 0.09830508474576272 0.09152542372881356 0.09152542372881356 0.09830508474576272 0.0474576271186441 0.0949152542372882 0.09491525423728814 0.09152542372881356 0.06440677966101693 0.054237288135593226 0.09830508474576272 0.08813559322033898 0.09830508474576272 0.08135593220338977 0.09830508474576272 0.07796610169491525 0.06779661016949154 0.07796610169491536 0.07457627118644072 0.07457627118644072 0.08135593220338977 0.09830508474576272 0.09830508474576272 0.0847457627118644 0.08135593220338988 0.08135593220338988 0.09152542372881356 0.09830508474576272 0.04406779661016952 0.09830508474576272 0.09830508474576266 0.06779661016949157 0.09491525423728808 0.09491525423728808 0.08474576271186435 0.08813559322033901 0.09152542372881356 0.09491525423728814 0.08813559322033898 0.08813559322033893 0.09830508474576272 0.09491525423728808 0.0847457627118644 0.0949152542372882 0.08474576271186451 0.0847457627118644 0.09830508474576272 0.09830508474576274 0.07796610169491527 0.09152542372881356 0.07118644067796609 0.08813559322033904 0.08474576271186443 0.09830508474576277 0.0745762711864407 0.08135593220338988 0.05423728813559325 0.09830508474576272 0.06779661016949151 0.09152542372881356 0.09152542372881356 0.09152542372881356 0.08813559322033904 0.0949152542372882 0.09152542372881356 0.07118644067796609 0.08813559322033901 0.06440677966101696 0.09491525423728814 0.07457627118644072 0.09830508474576272 0.08474576271186451 0.09491525423728814 0.0949152542372882 0.09830508474576274
0.009693171289542583 0.00903896820846886 0.008629712232392452 0.011529943596195828 0.010720229387495778 0.011663681638543179 0.010214023211376754 0.008482632799054998 0.010850534465606888 0.012270099057213539 0.01180288830314821 0.010081316805235573 0.009421035030424543 0.010701903402168372 0.010585511342513069 0.009619544024646908 0.00966614735153616 0.0101151306143234 0.01176091328710547 0.009745106203841017 0.012975381585377182 0.011170217496918088 0.01279699930758805 0.010829041092687886 0.010028497628188773 0.009987803168605425 0.00906343532239495 0.01015044100018631 0.009314497019933244 0.014401355256722518 0.00849113315259537 0.009016493861649802 0.007452591869671253 0.009333908458888034 0.011477585299222392 0.009925313189688515 0.009481007783167544 0.009843439475191548 0.010055450944262963 0.008723401571254171 0.011327026225294867 0.00914264594989126 0.008942221932599996 0.009177064269796099 0.009168327358465187 0.009543049330471856 0.008015494407041355 0.008644780960136593 0.01083964974202844 0.00965942196831593 0.009751418118949477 0.007873190394455259 0.010615133599387223 0.010858482601707261 0.009711302158634623 0.01118509433463787 0.00901522102483427 0.010588314538600124 0.00972442361838207 0.009575505327468006 0.008347256257814916 0.011175966314721458 0.009152886072739985 0.009797505652481013 0.008700364721072206 0.010761815217698366 0.012614770770375462 0.008232302236620716 0.01019408746593526 0.009108900851828373 0.011248130812344615 0.012379857187243052 0.008567247299817617 0.010047290306832284 0.01181393908914803 0.009487362238271426 0.011732892305923202 0.008833292833330567 0.008369316251563426 0.009381481262326328 0.009044849964930738 0.011724909879845388 0.008961512321688198 0.013408176710917225 0.00899326125314355 0.009548495925508636 0.009426989213336017 0.0092704019797558 0.009927275842613171 0.009045247509324564 0.009978011471498821 0.009344096729684616 0.012287113904473346 0.007431317652735948 0.00941088010561197 0.008273100566611511 0.01040976289425154 0.0104461655603551 0.008848688469956996 0.009804822299543178
