4
100 100 100
444 7350 66477
0.8 0.4 0.1
-----
100
444
0.8
2.050775087500714 -2.794971040359878 -1.9978324227697282 1.4063707582679041
-2.2258688221540037 -1.9315247769012398 -2.2108497835569025 2.31033085273316
-2.826151723412421 -1.7865024913845864 -2.9338244378789207 1.5760280216097855
0.9741605955213712 0.0031734963850622577 -1.924196605921911 4.10906314474329
0.39244197504377887 -2.935040949244296 -2.3410086484553316 1.5608329127891074
-1.1033308996303401 -1.2927178556503218 -2.22950505433524 3.8945663700274755
-0.044275922399918066 -2.3140401611018078 -1.6826456235417746 1.9355159331765026
1.1030080410132914 -2.945367108060979 -1.20047377712245 3.059995291942256
1.0405353276897928 -0.26334093948900383 -1.960826830953954 3.395947916417491
-1.5053877660292883 -0.844703812664934 -2.6696259588685867 0.9054259527198782
0.654716772854659 0.41527282308554003 -0.9971294595484723 4.773294255948798
-2.0567536227621273 -2.7589330121849436 -2.32477115124518 3.0807114219894185
-0.9280909857118518 -2.054943161136664 -2.0093495576377727 1.6199234152082398
-0.7298335972694021 0.5238003641447553 -2.50446339544031 3.255400782506136
-1.3837956367748157 -1.3737388221732294 -2.3818405090620978 4.95799694335752
2.996755926549312 0.6065659874584366 -1.9947236563994872 1.7706230581974458
1.5131791483580015 0.8948553814894624 -1.5472889037802946 2.8222500529687036
0.5144915415946185 -1.6599111500408017 -2.1000588388509134 2.417371446595414
-0.6988551452177019 -2.892777558707814 -2.3080061653028645 2.0933599632129365
0.5386942620114077 1.3912898930665119 -1.9125833209504033 3.4602397328071266
0.12606603678088169 -0.2201853268076226 -2.1029913786394654 4.573985177384956
0.6076306801780085 -2.3125319251634933 -2.3889753468140866 0.20621467503741386
-1.5913649077889476 -0.4682429953736964 -2.6005102732192866 4.4452497631795005
-0.8899845946891229 0.46068840529930233 -2.7787541466471524 1.9143360121771402
2.763153597448188 -0.9021575678365763 -1.5976667998754652 2.612994053072022
-0.20416777465035274 -2.611382087518863 -2.706141804014124 0.6114763606020468
-2.5562231323677302 -2.0995887522416186 -2.7798779425083797 1.2307647482798212
1.1120782227806716 -0.2545575548125498 -2.110773762477905 2.8633730634496057
1.739336851399658 -0.21463772023460814 -1.0000502816242829 3.5214700431664703
-0.36994380888215517 -0.839170278746272 -2.123204360374911 3.8148411258916957
-0.4443645037330266 -1.6531473885129575 -1.5153617695687127 4.998558811351818
-2.931283351054739 -1.646644680530406 -2.802609581817956 2.07024932718036
-1.2510630825315219 -1.5955910809973037 -1.141320126426622 4.881610179745125
-0.41385655572777935 -2.149612699591387 -2.40144626808512 0.6583966402192087
-1.5459486143461296 -1.9363077451590267 -2.956064736367578 0.6934531726095905
2.313634512712712 1.0808476409978471 -1.5736192536674496 3.84465086048246
1.787139454811551 0.6754667774862342 -2.126389499695152 1.0924485695944253
2.6844670561537 0.5876364984641076 -1.909641273153355 4.622244416980571
-0.031907816279186374 1.4903792214601026 -2.5167063123468716 3.860906853167836
2.2864181185746046 2.4742019229058885 -2.279020579141026 3.9839777276554713
2.3202629946452014 -1.5174779555979923 -1.7700771313122075 3.8946122203023013
-0.9170801947776281 -1.7690335871338578 -1.679164264440823 0.9812616965568877
-1.952350268860192 -0.5558824693703048 -2.510989986459751 3.9907350700126445
2.632196237095137 1.063826610140775 -2.5459678934894825 0.18461492902977383
-0.46062354880577594 -2.490892822152744 -2.294066840245576 1.3136347371604151
0.3544749425042779 -0.9121004080471415 -1.4850549459567906 3.1851239084484337
-1.2799767305743979 -1.002331002493071 -2.2515675666542663 2.0492353833863906
0.9950386667102666 -1.1651600937439959 -1.3284926659676062 2.4736262164771494
-1.8488120450581405 -2.510626991434989 -2.4908650740518516 1.3409880204823021
2.2570853361460923 0.04556921442285411 -1.714184189513947 2.517831553633335
2.2619881171820175 1.767976062510681 -2.463265954025532 1.2327778122393063
-2.568635323420127 -1.395292311356545 -2.9110059255088956 4.100630297629943
-0.7121239720994237 -2.797752934006032 -1.1565013003550852 2.7483155697581028
1.0209021965484997 -1.8527880486974921 -1.2178987472424707 2.4423867551438647
-1.9257807715132063 -1.4831064976888069 -2.4757059351461503 1.5600130365850173
2.061176783556583 -0.5566957283157823 -1.3339731959723653 3.100793348930128
0.9535440088299092 -0.7126622152952704 -1.9939938218831288 1.2387730860400126
2.573705262104518 -1.381881004277476 -2.543894170782059 0.4251733305846783
-1.80307708033747 -0.7587847153028924 -2.5082300846899805 1.654999016686316
2.9008012974992354 1.9945741707764366 -1.9072011901030084 2.635885419566022
0.7206286791343066 0.17410267893843256 -2.5326143327491497 1.3890003947589258
1.5475301954765026 1.5836643123165661 -2.7572673045682627 0.6702028378456149
-2.064067086771444 -1.9962871995196942 -2.890647136554891 0.2058634275533533
1.8600535605457482 2.4716836473604804 -2.1770112896973632 3.2247680638627765
1.7421533404868033 2.4718558095104406 -2.6499519646627294 3.889084125304574
0.44341736816402344 1.659046816562494 -2.118320856885493 4.437458132708261
1.012412211165726 1.0067752971812292 -1.5324934692674503 4.027822743524188
1.2883309966552172 2.887726566133564 -2.902859321577048 3.613414452042
2.5816128785493166 1.9186037822455226 -2.1891689487137365 1.3548964403492192
2.7245731621012883 -2.7575456818870565 -1.6591622115173765 3.844888458365181
0.6176926727951177 -0.2794056515503356 -1.9092795664826658 4.575840030914691
2.6307263684464264 -1.9244864608653378 -1.9927419253598586 0.479706110052186
1.8057545773118164 -2.2153869962899844 -2.114016509759803 0.5382718969355016
0.49829228991117436 0.019943821041910947 -1.8417362683577398 4.418038861898911
-1.9175410022278503 -2.454195545604946 -1.9567998073182356 4.1471464358674845
-0.8656109061557218 0.5482741513883265 -2.848303881343713 2.5122402559017387
1.6051596832818866 0.5943866177589019 -2.3497542125060153 0.2662889546737923
2.5978441621354893 -2.5184653680469338 -1.398913943461772 4.520605843438985
1.2489837540027384 2.9971354665588272 -2.892726778813879 4.770710070429608
1.0293106826439553 0.8485598369369165 -1.8580910490243854 3.740398921304051
1.0240715506846225 -2.9367944389668263 -1.2093178319164872 3.265820061727011
1.8059135865784057 0.09982189149242515 -1.1748319555329418 3.0594601102608743
-2.420758112674797 -1.8783221653726696 -2.5900057021116263 1.200295540121984
2.084012443163875 -0.8686928946754136 -1.379640337108885 4.386915972820198
0.49141997813344807 -0.8028670693068065 -1.8215468435495916 4.785727087066024
1.7075385597351094 -1.3223621343429204 -1.3164488036892574 2.897319267260764
-1.001240973055939 -2.4314815917660995 -1.1338489134697953 3.492006802747304
2.4140953470166817 0.7405983623573302 -1.3982767815268533 3.3351387074686665
1.5711947629452983 -0.3876719593377991 -1.516388620018617 4.081734137146621
1.2766867800576325 -0.5504296229396286 -1.8655840143604434 3.47545809250554
-1.8235754638027717 -1.2789526516601768 -2.2592045379669723 4.665944573466173
0.1488045004352334 -2.227777278112038 -0.9712723930851825 3.7306845803003155
1.0200469348652437 2.419323317151597 -2.5570102640904726 4.982141284875226
-2.7447348601783195 -1.5305951764572674 -2.835554004446916 2.568650481491056
0.6234139628329158 -2.824383131131496 -1.6108067569776385 2.672995267740496
0.5797808895474983 -1.3650316342706952 -1.8798545618788458 3.4169303242140394
-0.3887261083629814 -1.981886668514869 -1.6648826289395853 4.203059874021269
-2.008996232248994 -1.6362033550755557 -2.0689403965266107 3.093854174198812
2.8974378855853207 -1.4768893123663385 -1.6684459137580734 1.0584801224370644
0.3120452972241372 -1.0038685199448394 -1.8506874190092104 0.8304268550038629
0.5898305084745763 0.3728813559322034 0.39322033898305087 0.5966101694915255 0.688135593220339 0.6440677966101696 0.6813559322033899 0.7559322033898306 0.5661016949152542 0.6915254237288135 0.7830508474576272 0.711864406779661 0.5525423728813559 0.7389830508474576 0.7898305084745763 0.4949152542372881 0.7016949152542373 0.5864406779661018 0.7661016949152543 0.7898305084745763 0.7016949152542373 0.7898305084745763 0.5220338983050847 0.7728813559322034 0.6440677966101696 0.6440677966101696 0.22711864406779658 0.6745762711864407 0.7932203389830509 0.6677966101694915 0.5152542372881357 0.623728813559322 0.7389830508474576 0.5694915254237288 0.7728813559322034 0.5728813559322035 0.5966101694915253 0.6813559322033899 0.7898305084745763 0.6372881355932203 0.43389830508474575 0.7966101694915254 0.7016949152542373 0.7593220338983051 0.5322033898305085 0.664406779661017 0.552542372881356 0.752542372881356 0.5796610169491525 0.5966101694915255 0.535593220338983 0.2271186440677966 0.7830508474576271 0.7830508474576272 0.47457627118644063 0.7186440677966102 0.6338983050847458 0.5966101694915253 0.7220338983050848 0.47457627118644075 0.7084745762711865 0.5084745762711864 0.6610169491525424 0.6677966101694915 0.5627118644067797 0.7864406779661017 0.7186440677966102 0.7050847457627119 0.5491525423728814 0.4711864406779661 0.6203389830508476 0.7898305084745763 0.7457627118644068 0.43389830508474575 0.37966101694915255 0.6983050847457628 0.7830508474576271 0.5966101694915255 0.7423728813559323 0.5152542372881356 0.7389830508474577 0.7694915254237289 0.4745762711864407 0.6372881355932204 0.5694915254237288 0.7423728813559323 0.7593220338983051 0.688135593220339 0.5830508474576273 0.4847457627118644 0.27118644067796616 0.7864406779661017 0.7050847457627119 0.4542372881355933 0.6338983050847458 0.4847457627118644 0.44067796610169496 0.5084745762711864 0.776271186440678 0.7627118644067797
0.009999999999999997 0.009999999999999997 0.009999999999999997 0.009999999999999997 0.009999999999999997 0.009999999999999997 0.009999999999999997 0.009999999999999997 0.009999999999999997 0.009999999999999997 0.009999999999999997 0.009999999999999997 0.009999999999999997 0.009999999999999997 0.009999999999999997 0.009999999999999997 0.009999999999999997 0.009999999999999997 0.009999999999999997 0.009999999999999997 0.009999999999999997 0.009999999999999997 0.009999999999999997 0.009999999999999997 0.009999999999999997 0.009999999999999997 0.009999999999999997 0.009999999999999997 0.009999999999999997 0.009999999999999997 0.009999999999999997 0.009999999999999997 0.009999999999999997 0.009999999999999997 0.009999999999999997 0.009999999999999997 0.009999999999999997 0.009999999999999997 0.009999999999999997 0.009999999999999997 0.009999999999999997 0.009999999999999997 0.009999999999999997 0.009999999999999997 0.009999999999999997 0.009999999999999997 0.009999999999999997 0.009999999999999997 0.009999999999999997 0.009999999999999997 0.009999999999999997 0.009999999999999997 0.009999999999999997 0.009999999999999997 0.009999999999999997 0.009999999999999997 0.009999999999999997 0.009999999999999997 0.009999999999999997 0.009999999999999997 0.009999999999999997 0.009999999999999997 0.009999999999999997 0.009999999999999997 0.009999999999999997 0.009999999999999997 0.009999999999999997 0.009999999999999997 0.009999999999999997 0.009999999999999997 0.009999999999999997 0.009999999999999997 0.009999999999999997 0.009999999999999997 0.009999999999999997 0.009999999999999997 0.009999999999999997 0.009999999999999997 0.009999999999999997 0.009999999999999997 0.009999999999999997 0.009999999999999997 0.009999999999999997 0.009999999999999997 0.009999999999999997 0.009999999999999997 0.009999999999999997 0.009999999999999997 0.009999999999999997 0.009999999999999997 0.009999999999999997 0.009999999999999997 0.009999999999999997 0.009999999999999997 0.009999999999999997 0.009999999999999997 0.009999999999999997 0.009999999999999997 0.009999999999999997 0.009999999999999997
-----
100
7350
0.4
-2.866824584551293 -2.19742797184193 -2.6763137721200465 1.6981253587864409
-1.0065247435866853 -0.4893657258554449 -2.3529529382862484 3.9160954167159927
-2.9296919883744366 -2.6327687830159165 -2.871472958996009 1.2735144962598297
-2.3684561329705742 -1.9147928824291287 -2.8854173325467434 0.9315359173090675
-1.9824386395646991 -1.7136381490374533 -2.2233106466868473 4.271871179535177
-2.283691211987354 -1.7431034780435257 -2.406665207487743 3.356497760331777
-1.0005300394546146 -0.9992500436601517 -2.250395152406699 2.4565666557494534
-2.7664940576966144 -1.7278526499952522 -2.8231973922822204 4.204097374280005
-2.413379934188277 -1.6773803803282625 -2.751275831903625 2.371917572135872
-2.2303319021266947 -2.100835242599852 -2.447913815451845 1.233445844138938
-2.2379612144062553 -2.1280252583808825 -2.0596200095752684 2.871605606045832
-2.6017479686490734 -2.6958268874156417 -1.689140168731345 4.877569865376174
-2.7508245304032592 -2.4643558699994186 -2.578850535212862 2.8435688382897615
-1.672990776680656 -1.146534216484164 -2.2288418064240543 4.069946329494567
-1.30927916136829 -0.766085658464328 -2.618955426771455 2.258978698985736
-2.4701933300363272 -2.3013209891779955 -2.2156327166371357 2.394720661299541
-2.6885258270515164 -2.507575156782558 -2.1919832508959916 3.6805074610967603
-1.581856812203526 -1.6234998919633825 -2.094984794736062 4.039064842159007
1.2024708373137476 0.3977770731934558 -1.6918894729718605 4.915495564131011
-2.3293590139870575 -2.9732066541430004 -2.321215458684873 1.327795180995295
-2.2206672058436676 -2.5153944185922574 -2.314850781442705 1.988737133106171
-2.3605852321001715 -1.622746004626147 -2.6346707520770307 2.53948212992508
-2.9124748409107113 -2.082524132877323 -2.912299121427815 3.2169458839627083
-1.3774592970955346 -1.8495944275144387 -2.1179776766846152 2.431255264840897
-1.9468452999866244 -2.4890704296280077 -1.7979261941424913 4.69030784719593
-0.783047792885913 0.14411399447486395 -2.7652969300538173 3.3254686619284124
-2.111181954224386 -1.5666226118276345 -2.2583336180682956 4.182736188014355
-1.2881155470801071 -2.4998017555313834 -1.8720750005887297 3.0530564054062013
-2.7172111292333816 -1.8036405841137213 -2.7872540629632447 2.461308593435454
-0.7574053256733173 -2.1929795183500294 -1.76204242937685 3.7511537879873456
-1.342616832227257 -0.8861432937311394 -2.330674505726457 3.736850751249464
-0.3771112736894213 0.44659687191787434 -2.5465828232322694 4.776950021964131
-2.538910606937204 -2.539823095755584 -2.024896295709048 4.886565166564247
-1.8528834801423941 -1.2407551429359254 -2.54304512361045 2.3556009690990507
-1.8160937921306264 -1.9955174769704564 -2.0177841578266955 4.116510293186448
-1.4754725458153375 -2.234412061181555 -1.9658665279399976 3.0512854347260845
-2.237159598408108 -1.7601740516626798 -2.2233634367699624 2.88537127731691
-1.3709710037773788 -1.8104909331994596 -2.3779596489609562 1.2162431405303264
-1.1960227120351798 -2.074765986826022 -1.7855065090734041 3.9548970656437232
-2.6268880275688185 -2.4578906663203974 -2.324582572650569 1.8746538937837829
-2.414514612319411 -2.3085558089611427 -1.87685861117377 4.0317705229730905
-0.576042235687259 0.40534141671764606 -2.754806461381154 3.8493878822754954
-2.378381078137557 -2.1684908250079578 -1.9561958187756927 4.342152716037447
-0.7525520816710342 -1.9574230567811255 -1.6809707620644359 4.795360359449745
-1.2744022273738267 -0.9815213013916377 -2.5260601500766415 1.9707828256634252
-2.914627613745229 -2.826402264513056 -2.056372378728259 4.776027962586859
-2.8515116691075457 -2.483516539415704 -2.1551006750282053 3.8907586687730444
-1.9757851926114833 -2.0304142511958325 -2.2753792079292596 3.2705127689453235
-1.7454705966877582 -2.7876776827975926 -1.7072876002250168 4.187686649184092
-2.630364333635495 -2.557393111622756 -2.6395688183529824 1.413587427551898
-1.8886949699693556 -1.914843959148099 -2.3439750181021255 2.893996432608348
-2.9836567154461697 -2.541748171724765 -2.8836698416624533 1.0398253366974561
-0.7319564245224152 -0.7354654030859553 -2.016975901671999 4.306673915128169
-2.8189342803357373 -2.2606885533257564 -2.2827134725778344 4.862678876523144
-2.0574464439568314 -2.192454664247647 -1.8461568864837825 4.248770416827353
-0.6397261298265406 -0.2777941692254211 -2.2252782129786284 4.1518279442066985
-2.4157888682659276 -2.905219584995396 -2.047300817264608 2.21326434178209
-2.1851053509110345 -2.0365351312411035 -2.727903656024098 1.1281498892191806
-1.881185354467891 -2.522297267499695 -1.9020266615086223 3.5423068382097984
-1.8327550157857424 -1.3789882890978264 -2.7211052283286983 2.045169034546809
-1.6824325514757252 -1.1223099942532198 -2.4438400205819013 2.983205524884531
-2.694704078902987 -2.702585096454426 -2.055800610669152 3.7467932594019886
-1.5644972627589968 -1.3657043543112477 -2.2213910673414796 3.753032534318757
-1.3697478852719691 -0.9773859224663446 -2.3610416530689924 3.298026938685428
-2.731241004376988 -2.135682990069624 -2.6004661450585496 4.6793506500953415
-2.4957372094218737 -2.723666345919142 -2.0141993001950302 3.008384611180971
-0.6507127975180182 -0.27160208594621216 -2.2885015033214975 3.4927521116341094
-1.845072680761686 -1.1930603154716208 -2.4498223610736174 3.3131246467591264
-2.920730050393682 -2.5600584280157888 -2.6063321647801887 3.854156200389129
-1.749511928557319 -1.5989880569614745 -2.117187815103595 4.204870470433469
-2.065508680474517 -2.52507832914502 -1.9776404383889687 3.4216643149594614
-2.138997567568014 -2.321470046020404 -2.153296575710525 4.178117774278511
-2.7725662165124842 -2.262895147039597 -2.6146763430434814 2.3463669528393285
-2.2974524984882168 -2.584679683088757 -2.2791661769072427 3.152908905270033
-2.737253193426554 -2.1471455494748284 -2.6403546630288233 1.955106270242454
-1.7403333768732354 -2.4500704621376923 -2.2198140921115748 1.557709264854925
-1.0632298121539625 -0.8102249818584969 -2.2737880799291106 3.5206377757103944
-1.021023871796741 -1.333617640841991 -1.8335974258026377 4.328625588917538
-2.397243100750239 -2.430339664696408 -1.821406925049211 4.151571531613132
2.4251445648223795 -0.9975422637758884 -1.639526363487453 4.814407448727964
-2.7231202620258594 -1.83085423751181 -2.574430958951852 2.600969670002943
-2.189243369054817 -1.4744024417882584 -2.9077183191476843 1.895937891615519
-0.011315358777104767 -0.9903666889319536 -1.6862542150278388 4.81857031877313
-1.8254061920428841 -1.771038236683636 -1.772534399686798 4.905034771291079
-2.1272344608078946 -1.6902781113710703 -2.1283656196581076 4.531728133837849
-0.6398594208927619 -2.041830897982156 -1.749001190731272 4.1372101297114625
-2.6872042812653834 -2.8779913476687087 -2.020174959787955 4.439975128051948
-2.324705873182221 -1.7520682186509118 -2.4394444672502456 4.757498428681588
-2.1909328178139327 -2.095735913630341 -2.089658082542479 3.263597196829431
-2.277511615372803 -2.0981352826738227 -1.9623188619008185 3.604086203659569
-1.9957049477711792 -2.390155741808555 -2.335761844818367 1.4406470845567496
-1.6259143657848043 -1.0197012611160006 -2.65286361956439 2.124665143038605
0.562834607950951 -1.0164624634165702 -1.69545584015272 4.328962431016077
-2.07205012021647 -2.0090552086130593 -2.3882962894969877 2.9702441357381577
-2.948149147127734 -2.2228075771432203 -2.214969814192451 3.9500524694394383
-0.31330776302081254 -0.954124042313482 -1.7721802357443288 4.571836695429582
-2.7799996175408506 -1.9625776942583881 -2.3429765694103812 4.193072903700953
-2.7481955480156666 -2.8343050695350565 -2.285056612772797 2.571200030315519
-1.2938098331616845 -0.959655209780723 -2.2771898676927176 3.4122838280322547
-2.5155724853350145 -2.0600982236980845 -2.520291537739605 2.608126250870738
0.23050847457627116 0.36271186440677966 0.2677966101694916 0.32881355932203393 0.25762711864406784 0.2169491525423729 0.3898305084745763 0.14576271186440676 0.23389830508474577 0.3966101694915255 0.35254237288135604 0.36949152542372876 0.30847457627118646 0.38983050847457623 0.38305084745762713 0.2542372881355932 0.08813559322033904 0.34237288135593225 0.3966101694915255 0.3322033898305085 0.3220338983050848 0.23389830508474574 0.1864406779661017 0.39322033898305087 0.264406779661017 0.39661016949152544 0.28474576271186436 0.3864406779661017 0.16271186440677976 0.39322033898305087 0.30847457627118635 0.3898305084745763 0.12881355932203387 0.37627118644067803 0.3050847457627119 0.3898305084745763 0.39322033898305087 0.39661016949152544 0.3559322033898305 0.2779661016949153 0.352542372881356 0.39322033898305087 0.21355932203389838 0.3864406779661017 0.38305084745762713 0.10847457627118645 0.1932203389830508 0.3491525423728814 0.3966101694915255 0.29491525423728815 0.3966101694915254 0.19661016949152543 0.39322033898305087 0.1694915254237288 0.28135593220338984 0.37966101694915255 0.36949152542372876 0.34576271186440677 0.29491525423728815 0.3898305084745763 0.35593220338983056 0.12203389830508471 0.33898305084745767 0.3288135593220339 0.36610169491525424 0.2610169491525425 0.3864406779661017 0.3152542372881356 0.3694915254237288 0.23728813559322035 0.2983050847457627 0.3355932203389831 0.10508474576271187 0.3728813559322034 0.21355932203389838 0.36271186440677966 0.39661016949152544 0.36610169491525424 0.31864406779661014 0.39322033898305087 0.3932203389830508 0.3457627118644068 0.39661016949152544 0.39322033898305087 0.240677966101695 0.3966101694915254 0.17966101694915257 0.19661016949152543 0.21355932203389827 0.3389830508474576 0.2983050847457627 0.34576271186440677 0.39661016949152544 0.36610169491525424 0.3220338983050848 0.39661016949152544 0.35593220338983056 0.22711864406779664 0.31525423728813556 0.17966101694915254
0.009798411589530412 0.008000527180054168 0.011739760457290785 0.010267215414998252 0.009936173373003997 0.008794393538252567 0.006754563841900588 0.013803754675206992 0.00885060617922449 0.00870413585026967 0.008882647089534346 0.01886842852527308 0.010100969215803486 0.008716517365490516 0.007512445733004316 0.008983315141410668 0.01136372695896834 0.00871786962900601 0.010025213453172975 0.010214395457425529 0.008673371335296661 0.00846866012164357 0.012185116723785706 0.00722688874439357 0.01344070675846633 0.00922211369060913 0.00986318601310001 0.008515033349867761 0.00963344019971816 0.008456800737501784 0.007872625773869775 0.010877083258519485 0.01587119088839303 0.007581281895443451 0.009704458764427987 0.008123608527715353 0.008285060049231725 0.007662670872256074 0.009040851584144966 0.009386525186537983 0.011967655020192076 0.010061733244882208 0.01215549482170771 0.010634644512536368 0.007221426827597324 0.018152913218735987 0.012469344309977926 0.008371772637900942 0.012441168956719432 0.009889904070044158 0.00781758065371241 0.0121335329589138 0.00810481407895093 0.015777286437755594 0.011381543280654207 0.00800141977764001 0.010472887675482719 0.009109563829915311 0.00989844165919847 0.007974507073201392 0.00754488133459395 0.01237317417489123 0.008067461688952804 0.007424396508396427 0.015078591799880863 0.010713395165231074 0.007291923513574152 0.008021519970475526 0.013138045071286531 0.009292979213978562 0.009869452343394664 0.010857725240782361 0.009517403128997315 0.00953890408902567 0.009307618939461547 0.008306988821190927 0.007335064933161611 0.008764119749011248 0.01278947608922894 0.01125704142783847 0.009105366832459877 0.009194624298688277 0.009223554979889777 0.012662930453881968 0.011038495328700026 0.008779075896327558 0.01549149427758878 0.01280371812538018 0.009006326305897547 0.010012665901282318 0.0084922714601686 0.007691251374680548 0.007968689899563031 0.008205615658712523 0.012338668344697894 0.008597766622457925 0.01203775325483752 0.0105159939480812 0.007392569953838232 0.008787623690049588
-----
100
66477
0.1
-2.9342152770492986 -2.5413178684646507 -2.317275619733265 3.876501362703451
-2.9894410336760306 -2.454797055032848 -2.402996521310984 3.48902723904769
-2.4373644691875187 -2.197397708336818 -2.1230382811468917 4.848438147149894
-2.6046200384652716 -2.3437689432689175 -2.1675591984752676 3.934376574616976
-2.9891410394655136 -2.209969832236143 -2.686703208585026 3.301744885986039
-2.624012832174692 -1.8152230544508487 -2.616719556958093 4.832980663001755
-2.620632045648356 -2.4339394771891985 -2.053872386983374 4.937576166327906
-2.993441307864055 -2.297159487144672 -2.480509591431871 4.019269904801256
-2.9464568752832347 -2.627392522253473 -2.28056416614941 4.211735367990915
-2.6998495212286446 -2.2043557296833027 -2.3851031192381535 4.3239982027697
-2.6558093557007543 -2.163020751081563 -2.367833756829395 4.392762480466618
-2.6071954394234362 -1.9236026809037061 -2.4694121773640636 4.881287073477233
-2.9069615144658933 -2.5204491452048146 -2.4189968914876228 2.954932843729543
-2.7025733671052663 -2.5192458974010714 -2.1837585048542456 4.982842575833032
-2.839355251532332 -2.30668658848714 -2.4133568775711978 4.8218343843980325
-2.8035432155145474 -2.195839677574247 -2.4622783351699833 3.5089211324791183
-2.787625742672189 -2.2760271157373313 -2.5331031922377267 2.934110293293302
-2.8713798190495643 -2.6576882652392526 -2.1861512524243336 4.503501392880796
-2.594629738035823 -2.0699083238979075 -2.3588880136267045 4.133992736008959
-2.9833292895041406 -2.3921897102172207 -2.6882431244392637 2.8286560565998347
-2.871175337940208 -2.3061442744884015 -2.4819377641063465 3.2997444856350633
-2.616720778349318 -2.3788787030322163 -2.293281042628373 3.6757434702212968
-2.857264601562116 -2.2874503244868096 -2.357534997931924 4.869638488052114
-2.9435486340412993 -2.676618076476826 -2.4967546734428585 2.503010617066943
-2.668152370465458 -2.307733450164714 -2.2384648935053706 4.491731245666596
-2.786104819644318 -2.4116385270590563 -2.2251142224061273 4.369934758810301
-2.6994677149129602 -2.399511873198417 -2.217100389073396 4.695468934210581
-2.8358564026601774 -2.5209690173403896 -2.419084964546923 3.5512250829589345
-2.875366354821988 -2.2878554068179504 -2.275910003576945 4.6288414041251595
-2.886165421243033 -2.5100624713994035 -2.4444875441226945 2.3245830293138035
-2.962907017259522 -2.5429355137239233 -2.3828265602855536 3.0718474344994684
-2.876009405551834 -1.977044741087826 -2.6799701632577113 4.207055738724144
-2.8441420066942436 -2.0807399915452804 -2.6047279371871515 3.249509231310601
-2.8704839859090843 -2.088082965216914 -2.505634663768069 4.553049673377895
-2.8832345350051996 -2.3274117789709208 -2.56403772812497 3.180579598263341
-2.821669940010572 -2.2141370845934314 -2.4494121673227878 3.2600591365387963
-2.804236437271191 -2.169956204422331 -2.406323676282956 4.296204937588931
-2.724343232533433 -2.069608728686042 -2.4059315524603813 4.569199533287391
-2.7546810869593514 -2.5110121670659145 -2.1281682903595645 4.506974622657353
-2.802114550602241 -2.544678782967228 -2.2987226466649826 3.334379981255436
-2.8599527841805426 -2.533651877728937 -2.1804363105853533 3.6356190147583267
-2.9048211937536323 -2.6656748834760116 -2.2360684419979324 4.383604093151844
-2.9978207846077303 -2.269009463150076 -2.562401421512659 3.7375377573329764
-2.977647009659742 -2.18495226548593 -2.659357989144532 3.31994883220301
-2.823854446117208 -2.706978262053645 -2.2726805015336176 3.038305706535058
-2.847851965967674 -2.084309468364528 -2.5592662015939323 4.121611951409778
-2.7037406389631564 -2.177722899338363 -2.279575292127077 4.737803805267895
-2.792338588984402 -2.097430953526054 -2.4544663470625885 4.096727785740349
-2.821397069021219 -2.3617335394675703 -2.366500858819728 4.372096620202737
-2.772501942533518 -2.404394730333804 -2.280921801915241 4.008618582664361
-2.833492754247346 -2.18653095317952 -2.5662907931385264 4.489978703066967
-2.793214100537498 -2.4767235581264138 -2.276963142072832 3.8634421830982406
-2.9566387826527385 -2.405305066842398 -2.6287817278241143 3.2817164587497683
-2.499579177330225 -2.331439453886107 -2.197719944868045 3.5942532619596532
-2.86620092730029 -2.7073527892275964 -2.370487255446756 2.502826741828994
-2.8429576008485546 -2.2474641357933183 -2.724951483494662 1.9344494838414104
-2.8779861796824298 -2.157589499095017 -2.5441756463496223 3.4917768242931286
-2.859746533406056 -2.2822282194372745 -2.4787537110423044 3.8811400853256965
-2.6611162069567467 -2.2839330420511543 -2.265960969748584 3.9930574518347672
-2.7336204153197254 -2.4842013172137003 -2.1708036953780088 4.484515854047878
-2.8204658266040203 -2.4572728078046415 -2.39112961778293 3.2615080371229785
-2.675140525750021 -1.879015240882565 -2.657885277059985 3.970735306028334
-2.943291153637656 -2.5192869951780343 -2.4910723553734764 2.331374318214548
-2.956045554017906 -2.215385500051485 -2.5618030821032276 4.6212519674281
-2.7215795365478916 -2.3441165759354874 -2.461892484615364 3.4855550707117464
-2.799371663299027 -2.3056773580481855 -2.361621080554512 3.4631557238473256
-2.886754558842364 -2.6951512283447467 -2.4617950202510057 2.4411999324049365
-2.9589848629891113 -2.5762990588292025 -2.319300490916713 3.449961239582989
-2.5443874214655557 -2.146663886843671 -2.1725982934876864 4.527865275438031
-2.7302091559683186 -2.398859807591029 -2.35869130359201 4.132888235384185
-2.7247483712807425 -2.429919148218693 -2.308314724772481 3.1388205183326576
-2.9802515252534705 -2.2244224325407203 -2.695901605501975 3.425463384227104
-2.878690643372367 -2.333903665506983 -2.511809516823112 3.5985943323372247
-2.959593263269631 -2.752095573393558 -2.5835210674386095 1.6225694943846962
-2.780616566444479 -2.380808833954889 -2.3219017610508503 4.089245342629248
-2.712909077158057 -2.0205761129505504 -2.495633392589827 4.0876944884364015
-2.7287518080794806 -2.358974986266443 -2.4060914311157355 3.052783737826471
-2.9388417778007923 -2.104917641993005 -2.5798412825062322 3.9084512361695234
-2.884798858790023 -2.2229609361180764 -2.4098069605773644 4.985292119685509
-2.815580049348115 -2.4197041792497096 -2.310128187288856 3.6876199163348953
-2.831088464754899 -2.744186439352509 -2.2764136881823656 3.016199416683837
-2.9149435154156333 -2.7745521587244952 -2.17326356717903 3.8731581240798363
-2.491208229352067 -2.0732797673476475 -2.295815979549413 4.758379754642807
-2.8600399763581628 -2.2105258734035944 -2.715149070040134 2.594493650042424
-2.7602325321611914 -2.3222118572930674 -2.3419977376094367 4.2292697096467275
-2.9497107228001274 -2.591651791439208 -2.600860888172879 2.30307519925618
-2.8249477237716123 -2.422392518381579 -2.2950226471380555 4.448566004448661
-2.9150011526516604 -2.513435561396742 -2.694578324769213 1.8162932642741074
-2.8865932952358007 -2.209537269573306 -2.690324092658878 2.8839135627391594
-2.8001914194545487 -2.815024371335263 -2.0834014473058726 4.792262013737054
-2.978957141865313 -2.60138958552149 -2.701951636275151 2.179547835261279
-2.83362113135906 -2.1205785346657313 -2.405213280401695 4.589177011801781
-2.6191408833418013 -2.426623354994187 -2.1094006739487874 4.561614160314664
-2.9743945690906832 -2.608822642339699 -2.521152279572173 2.2249891962947452
-2.70145549458484 -2.3326087117783034 -2.2430695978609205 4.200968111776835
-2.582422057598455 -2.387961639703629 -2.278425836838198 4.161769980056083
-2.8114070873956605 -2.2888953446210323 -2.391790634212738 3.746381833583459
-2.853071000954876 -2.244544301210213 -2.5056966679678556 3.8607978786011277
-2.944937778343048 -2.675529836317537 -2.2582275868075268 3.2626528371818333
-2.563001692148228 -1.983775160741638 -2.314094234488336 4.742028414690556
0.09152542372881356 0.057627118644067804 0.09830508474576272 0.09152542372881356 0.0949152542372882 0.09152542372881356 0.08135593220338977 0.09830508474576272 0.06779661016949157 0.09491525423728814 0.09491525423728814 0.09491525423728814 0.09491525423728811 0.09491525423728808 0.08813559322033904 0.09830508474576272 0.06779661016949151 0.09830508474576272 0.09152542372881356 0.08135593220338988 0.08135593220338977 0.08813559322033898 0.07796610169491525 0.08135593220338988 0.08813559322033904 0.0847457627118644 0.07796610169491525 0.07118644067796615 0.0949152542372882 0.07457627118644068 0.08813559322033904 0.08813559322033898 0.09152542372881356 0.08135593220338982 0.06440677966101695 0.09830508474576272 0.0711864406779661 0.06779661016949153 0.08813559322033904 0.0813559322033898 0.0949152542372882 0.06440677966101696 0.0847457627118644 0.09830508474576272 0.07796610169491525 0.07118644067796615 0.08813559322033893 0.08135593220338984 0.09491525423728808 0.08813559322033901 0.09830508474576272 0.0711864406779661 0.09152542372881356 0.08474576271186446 0.0949152542372882 0.09830508474576272 0.08813559322033898 0.08135593220338984 0.09152542372881356 0.04067796610169494 0.09830508474576272 0.08813559322033898 0.08813559322033893 0.07118644067796609 0.08813559322033904 0.08135593220338988 0.0576271186440678 0.07796610169491525 0.08813559322033904 0.06779661016949146 0.07118644067796609 0.06779661016949153 0.0779661016949153 0.08813559322033898 0.08813559322033904 0.0949152542372882 0.09830508474576272 0.0847457627118644 0.06779661016949157 0.07796610169491525 0.07118644067796609 0.06779661016949157 0.08813559322033898 0.08813559322033904 0.07118644067796609 0.05084745762711865 0.09830508474576272 0.09830508474576277 0.08813559322033898 0.07457627118644067 0.06440677966101695 0.08135593220338988 0.09830508474576272 0.09830508474576272 0.0949152542372882 0.09830508474576272 0.09152542372881356 0.06101694915254237 0.08135593220338988 0.09491525423728814
0.009121288692655827 0.00932972831025431 0.009642343402630243 0.00828583826474008 0.011247828427712108 0.01377787829354412 0.010148485213453221 0.00993391266052868 0.00952196147182516 0.009243279800709292 0.009251774160840623 0.011742011220327954 0.00962082026602036 0.010450235881409227 0.01098014608295267 0.009052005193212798 0.0096153573235527 0.00971245532508584 0.008821198853263856 0.011476150764878719 0.00931081419746302 0.00833033913030147 0.010792087537856569 0.011094943516963959 0.008994978839756683 0.008974440261928665 0.009485492955177189 0.009174472934742758 0.009723028250132736 0.010714581308726318 0.00957349457232499 0.012368531826560454 0.01011104832919018 0.01103911402011 0.009890666866803307 0.00905740904983223 0.00947460615624102 0.01003554366495667 0.009224922714093755 0.008870688504543613 0.008797011184067926 0.00966416987584873 0.010282953237768608 0.010910418078934014 0.00957723293846445 0.01046605213509147 0.009756865355387247 0.009471995663420996 0.009451688437877545 0.008635803675151323 0.011358453992595125 0.008653003571265316 0.010701502606051785 0.0081832179617312 0.010696754467048734 0.012786726382619872 0.009698709254892782 0.0094517560880912 0.008399646549381194 0.009110416311311596 0.009005632913187636 0.01133843324245367 0.010979786519013688 0.01204327882322114 0.008978520633592935 0.00867492522281384 0.011017923833234184 0.009224906947366843 0.008942402091838695 0.008939856062417349 0.008756243296895422 0.011403761924143933 0.009550111951119421 0.014554085778068888 0.008808357415813655 0.009706187429251282 0.008953306145139037 0.010512629708811753 0.01171616058004558 0.008644225143387047 0.009741260029358064 0.009476011022252302 0.00979218069197606 0.011487845467971878 0.008985846933768301 0.011792387553161542 0.009353630728128845 0.013458550774456656 0.011057949703729867 0.010767013654832456 0.013026748335755733 0.010220003516354527 0.009085400679062683 0.011671328847342479 0.008609257061635171 0.008555584932266304 0.00881639458413365 0.009597111031875766 0.009486934170225905 0.009997542605591266
