4
100 100 100
655 6553 49460
0.8 0.4 0.1
-----
100
655
0.8
1.3138091939277503 -2.875833299582641 -1.9027531271688076 1.8283178636865383
1.8659321260374924 2.044132761608733 -2.3802138744291366 1.0058289890487226
-1.9400224555966297 -1.541722997705175 -2.479241666826069 2.1777585900542995
-0.22315690260998933 -2.9048988644448546 -1.6946960390832404 4.771161606453699
1.7640684150323276 -0.41844331188015893 -1.9858569771547556 3.86631983380761
-2.4434020342923173 -2.2735322882161535 -2.6718765031192055 2.8235999129777167
0.6157281540902333 0.8531336159738179 -2.5250727423507326 1.9349005005573328
-2.890282034604126 -2.3331706120463562 -1.815089749919247 3.715900639446378
2.932427759031949 -2.046640955328676 -1.4630681209594942 4.172539282756286
-1.3215526131895614 -0.9978512517712903 -2.176000594176675 1.297301475958742
-0.003004195006745647 0.8934477525923139 -2.6246107233335128 3.335467939387607
-0.9848922033499066 -1.8176288784907597 -1.7343592148126694 4.323463520102838
1.3573448505255943 2.1873724749201333 -2.3022096662296443 3.8714095730668574
0.23388651230471025 -2.2439840612063278 -1.3410258260777002 4.296606613879799
0.532049660011551 -1.3458055389517902 -1.8542908591255385 4.54547455315514
1.2861017158114088 -1.9255742830989417 -1.5274393560418698 2.8486953151904326
0.05311420500640196 -1.0255216515947447 -1.4037948161493905 3.5022726491474154
0.22090556123494487 -1.6313181624172604 -2.1334603223984274 1.769036966862364
-0.23222708265197944 -2.7147160098663248 -1.6399744278706319 4.068632925670813
-1.2976094344551754 -1.5675503725410582 -2.043343644104535 3.9326960019120993
2.637313690765451 1.6956768939067288 -2.0761264631741287 0.8786377912625265
-2.305542481726202 -2.2336856665148757 -1.760372027483247 3.825583508299859
1.025625448796042 -2.105909549140018 -2.1587121455635554 0.6906772826393626
0.5041328247984898 0.04977901442182597 -1.5524555839157186 3.623457927993724
-1.2452212838409524 -2.2454473839478073 -2.058916444764198 1.7593488632348075
-2.5595116944389877 -2.23952217602169 -1.597322507613018 4.916585400805824
0.17327097533866453 1.0765079497341583 -2.449929283148278 3.7311851519220953
2.268939497948036 0.26831448856031326 -1.8082322208694417 4.342429861843099
0.8748554981005681 -2.600360782392588 -2.173684381883405 0.9656922844604954
2.049996263014669 2.0278284010944603 -2.230816555441105 1.4569150139313658
-0.9728060889332197 -2.263528048189891 -2.7524430125901502 0.3534764289498671
2.73613299215128 -2.7160137351898155 -2.252698606475602 2.557449437611666
-1.6759116253621342 -2.564903122163916 -1.5809267046259614 4.610642930469323
-1.3499234724999383 -0.5412558981537234 -2.7805916884761417 1.285555289850897
2.79504533814219 2.0197391223447596 -2.3090388523302505 2.4480095227201124
2.61640053954644 0.881275370636736 -1.280639701879581 4.577420108838343
1.9061183398305062 -1.8775855922354623 -2.1528471283072537 3.326394689836625
2.877064850969572 0.9328792118572466 -2.7330956859963176 0.3068767028568842
2.0562809219635856 -1.304835879754942 -1.8158840363799262 2.6358369484164856
2.9986350721712878 2.407063566626192 -2.2221723508456797 0.7612415043326859
0.9949204194575212 -1.0394785537168594 -2.089885549058116 1.4030602398813274
-0.6963805893950732 -1.3773726377057458 -1.3043714213881166 4.2519465243505925
0.6303467044391473 1.375342594587602 -2.370742193749228 3.377462558533834
1.0096871739458848 -0.867984249048011 -1.9276460550616443 3.0671049857732955
2.963608116917973 1.2626641158893808 -1.9640115568615755 4.378181090711485
2.2175005620187154 -2.6293048354080555 -2.2702887446187114 1.4209957677233787
-1.3898303856078966 -2.261794925215125 -1.6984974144044205 4.085593737097052
0.6222647038339622 1.2803934518266207 -2.9355492195985784 2.4689003340976887
-2.9427089927221592 -2.6555484013394803 -2.206211048937784 4.680775291439513
2.638074885795189 0.9547407071648863 -1.9707412570346854 1.5946295012839695
2.0721458497212 -0.1695629057979966 -1.8987971424773775 3.713654221204746
-2.3305914269510204 -2.6596516768995464 -1.7720229867312258 3.7352247547505444
1.0368473550399377 0.41599243765270844 -1.9488674061168583 1.5834094094717632
-1.4111765600293893 -1.1871440073678983 -1.7358748831531807 4.367635514534785
-0.36743920161632726 -1.5825381965420262 -1.5249495087982505 4.1667064294744005
1.4968596664371114 -2.8060126591216483 -2.4624559593236617 0.562909888015326
1.695768971570085 0.369528185729894 -1.9466602990844732 4.024787711198389
1.744955858331827 1.890555255438393 -2.632941717543533 2.0607408491347554
2.777522021404973 0.033661646606760964 -1.7139721688099598 3.9178956728446703
-0.29977044410227505 -2.9004553344134756 -2.070900791257487 4.072820135636334
-0.39820185369097416 -0.15958167301645432 -1.8835526724004588 4.795345706180612
-2.654944096677126 -2.0412607832125795 -1.8356476341187467 2.1613569509158284
2.6646920106126126 -2.2850692795805885 -1.8178920445840254 1.885188165254339
-2.601747381341018 -1.439851478591403 -2.5638430307852524 3.3001502967194263
0.0031895998294855232 -2.478711967443304 -2.1487123310162657 0.838259345609369
0.7207085741183792 1.2359638189199043 -2.581185546779566 1.415995457764666
2.548619417042425 -0.20438236272359278 -1.5155714476188442 2.825624455480807
-0.8636761899564087 -0.55774088662778 -1.7811322347779361 4.634910814998806
-1.4579036649141162 -1.9123160426258763 -2.0937901401126138 4.030143379168479
1.5170974644829212 2.629057606332818 -2.526167292605962 4.028712946416278
0.9025661585003286 -2.7258874495884555 -1.7350347028886812 3.3310102121458076
2.7359517252033063 2.4951179582639718 -1.9915795419413675 4.336083358253245
-0.328859206317218 -2.1036379272983368 -1.2518277479071789 4.049313405598227
2.5378080167538357 2.0857093017524306 -1.79980135865213 4.873573071218447
-0.8779620451381511 -2.2098331066613675 -1.9933511385429905 4.68504337269425
2.752503563318907 -1.31000562114298 -2.189928448768699 0.7310188238353765
2.170773485210324 -1.145816005502669 -1.4775306479869865 3.136256522201797
-2.8789214412068334 -1.9310190897266133 -2.7693131682400516 0.7637629640069321
-1.1163755944624887 -2.0134963737625884 -2.862568711314752 0.655305185331907
0.8535543629729365 0.7025178240457572 -2.380357802455521 0.966563693627851
0.4205311548167021 0.3496543155443983 -1.7983306297461628 4.4832980785818535
0.9963228317135786 -0.8182728827419061 -1.6188743829190078 2.1386494724643446
2.808326770399968 0.1182334363073192 -1.50025189794276 4.873981426117125
1.016477978256324 -1.6029861366793652 -2.0345662391939277 0.9139179808162134
-2.3674577126034606 -1.6738872258989992 -2.940137716943689 3.7407539993079952
-0.3231747424981597 -0.4568799418844698 -2.3500075193579484 1.6439189433543977
-1.2617015100047362 -2.4882813008186697 -2.554671222886089 0.7618344706991265
-0.5424527589308696 -1.7487043876926052 -1.6682026943272132 4.19909190065085
0.9144864569368023 0.9015886658448462 -2.0067539201898317 1.6811623755778637
-2.3430842686284783 -2.550632118785076 -1.649926592086489 4.3921056193519625
2.7825582059175513 -2.478920968849508 -2.532675227746573 0.3500349865031549
-2.4546435846621515 -2.1891499589461607 -1.8344522616077321 3.2178279593390435
-2.066306147456064 -1.713831312347366 -1.7758852463691255 3.255936105408902
1.2634967014051108 -1.891433622394981 -1.3950177107413675 3.2889528819768676
2.051275349639077 -1.0945300262890485 -1.3502379430600207 4.023768043936537
2.894466499381866 -2.3844069689402647 -1.807779941339515 3.8028751564532346
-1.3594534334359474 -2.939087860909957 -1.5245026707702092 3.0697212173621735
1.0841304082473702 1.701627142362514 -2.699999829917033 1.7597424958322538
-1.0816716838398301 -2.984779502874927 -2.132548602582321 1.4586149851519437
0.4080184878493065 -2.5161420169141206 -1.8530400880422775 2.2001486848927
0.6203389830508474 0.7694915254237288 0.3288135593220338 0.4033898305084746 0.6610169491525424 0.6508474576271186 0.45084745762711864 0.5830508474576271 0.6542372881355932 0.7898305084745763 0.5830508474576271 0.44067796610169496 0.7186440677966102 0.728813559322034 0.5389830508474577 0.7389830508474577 0.7593220338983051 0.4542372881355932 0.528813559322034 0.41694915254237286 0.7694915254237288 0.4915254237288136 0.7457627118644068 0.7322033898305085 0.528813559322034 0.6101694915254238 0.6542372881355932 0.488135593220339 0.6406779661016949 0.6813559322033899 0.5457627118644068 0.7762711864406779 0.5254237288135593 0.7186440677966102 0.7423728813559322 0.7389830508474576 0.7898305084745763 0.6169491525423729 0.5423728813559322 0.7694915254237288 0.5627118644067797 0.7728813559322034 0.6677966101694917 0.44745762711864406 0.6915254237288135 0.4915254237288136 0.4813559322033899 0.6779661016949153 0.19322033898305085 0.6305084745762712 0.5050847457627119 0.46101694915254243 0.7016949152542373 0.6440677966101696 0.6305084745762712 0.5966101694915253 0.6033898305084746 0.6711864406779662 0.4576271186440678 0.776271186440678 0.5932203389830508 0.7627118644067796 0.6711864406779662 0.5966101694915253 0.7050847457627119 0.6745762711864407 0.7322033898305085 0.6745762711864407 0.49491525423728816 0.7322033898305085 0.5220338983050847 0.44745762711864406 0.7932203389830508 0.4033898305084746 0.705084745762712 0.7050847457627119 0.735593220338983 0.7457627118644068 0.7694915254237288 0.6610169491525424 0.5559322033898306 0.7661016949152543 0.5694915254237289 0.7423728813559323 0.6542372881355932 0.46101694915254243 0.4847457627118644 0.48813559322033895 0.7661016949152543 0.5152542372881357 0.7186440677966102 0.5525423728813559 0.6677966101694915 0.7728813559322034 0.7254237288135594 0.43728813559322033 0.7186440677966102 0.5423728813559323 0.511864406779661 0.576271186440678
0.009999999999999997 0.009999999999999997 0.009999999999999997 0.009999999999999997 0.009999999999999997 0.009999999999999997 0.009999999999999997 0.009999999999999997 0.009999999999999997 0.009999999999999997 0.009999999999999997 0.009999999999999997 0.009999999999999997 0.009999999999999997 0.009999999999999997 0.009999999999999997 0.009999999999999997 0.009999999999999997 0.009999999999999997 0.009999999999999997 0.009999999999999997 0.009999999999999997 0.009999999999999997 0.009999999999999997 0.009999999999999997 0.009999999999999997 0.009999999999999997 0.009999999999999997 0.009999999999999997 0.009999999999999997 0.009999999999999997 0.009999999999999997 0.009999999999999997 0.009999999999999997 0.009999999999999997 0.009999999999999997 0.009999999999999997 0.009999999999999997 0.009999999999999997 0.009999999999999997 0.009999999999999997 0.009999999999999997 0.009999999999999997 0.009999999999999997 0.009999999999999997 0.009999999999999997 0.009999999999999997 0.009999999999999997 0.009999999999999997 0.009999999999999997 0.009999999999999997 0.009999999999999997 0.009999999999999997 0.009999999999999997 0.009999999999999997 0.009999999999999997 0.009999999999999997 0.009999999999999997 0.009999999999999997 0.009999999999999997 0.009999999999999997 0.009999999999999997 0.009999999999999997 0.009999999999999997 0.009999999999999997 0.009999999999999997 0.009999999999999997 0.009999999999999997 0.009999999999999997 0.009999999999999997 0.009999999999999997 0.009999999999999997 0.009999999999999997 0.009999999999999997 0.009999999999999997 0.009999999999999997 0.009999999999999997 0.009999999999999997 0.009999999999999997 0.009999999999999997 0.009999999999999997 0.009999999999999997 0.009999999999999997 0.009999999999999997 0.009999999999999997 0.009999999999999997 0.009999999999999997 0.009999999999999997 0.009999999999999997 0.009999999999999997 0.009999999999999997 0.009999999999999997 0.009999999999999997 0.009999999999999997 0.009999999999999997 0.009999999999999997 0.009999999999999997 0.009999999999999997 0.009999999999999997 0.009999999999999997
-----
100
6553
0.4
-1.4959598966391914 -1.449473694072983 -2.2147472719302255 3.3867124457391
-2.978268113004042 -2.9976785345512997 -2.1405728959745725 3.2888502674488516
-1.3021452603457366 -2.0933691765739333 -1.7523742851466853 4.905135319254174
-1.9055101089602753 -2.607844268254752 -1.976460450878455 2.9418375796693113
-2.557487162984871 -2.3623799087246207 -1.9519548514444773 4.337781841869358
-2.7531100651138845 -2.2683647546847783 -2.4280104116363 3.17644985254208
-2.8010110189273405 -1.7939775646454978 -2.518516829663101 4.884188056458603
-1.678386057228368 -0.8060688544097012 -2.811515322871696 2.9848174033300623
-2.3120560220922184 -1.534511998151559 -2.275972794354336 4.421592747895851
-1.9837303914255564 -1.7900014485200724 -2.2460739914613237 3.7382030568510167
-1.7112397228039753 -1.3832098410342648 -2.153533137677259 4.3276958823520175
-2.9791377390558527 -1.8723364948027408 -2.679424789737102 4.872825473034731
-1.8872517614051842 -0.9095608218599321 -2.9269776780731886 3.5989021853982153
-2.3265514403616607 -1.6818914158011518 -2.718861550950459 3.2999056178557695
-2.8526379316038026 -2.6520756411817734 -2.061309053523325 3.2687847491774313
-2.403058067471635 -2.6909908481939016 -2.05950454633529 2.261459065169516
-2.4774523922877316 -1.3672938676302286 -2.650108312556564 4.35292645398236
-2.777638910246986 -2.1398062015975974 -2.3558900299639154 3.3646782708585983
-1.0108952812278356 -1.6131454541627537 -1.7341421164464292 4.981613038661954
0.22613610340896717 -0.3021086060871192 -1.7926994038118564 4.730084528639596
-1.6978735815734387 -1.3011043974746859 -2.374213186273328 4.683125171938151
-2.5296800496863083 -1.3854448630789173 -2.9580235819445475 4.531726457125521
-1.2677191813227031 -2.0367331912837425 -1.8401668861608032 4.441051029771556
-1.6580359778501728 -1.946325071929131 -2.489838053201545 1.291984262532165
2.0419786916417757 -1.1760020263517448 -1.6633735086102095 4.86333002096565
-0.7470477427914601 -0.6150511265124523 -2.0549785684520088 4.623652950442555
-2.9582435125453763 -2.23241722269718 -2.6087053545621073 3.6758603830937866
-2.5869461965215694 -2.561949023064561 -2.673762366051658 1.8272983930783873
-1.6507763714372574 -2.4423540968058046 -1.7898563619249184 4.320681943079097
-0.8378653855703038 -1.0531716697649496 -1.893512566705303 4.8904158636433745
-1.2289374757209068 -1.6183289402436265 -1.932166310928 3.8023743809250874
-1.8693506264751336 -2.4251633861212634 -1.8686965484224 4.876707793860611
-2.375146596731115 -1.8599577850651958 -2.803616357063901 1.1055734490641878
-1.4203355123841293 -2.819479607114022 -1.7628044039580844 4.268348159075102
-2.3867719087282406 -1.6536582959473394 -2.904150080177239 2.5221753578291097
-2.017819103116726 -2.335174082701773 -2.0526154620347374 2.5407818813587912
-1.8312161967941072 -1.4118694566359058 -2.444339810683896 4.401711009993447
-1.530267873336459 -1.066788104845792 -2.400920164188374 3.52800297901888
-1.72993078281913 -0.8089511088079331 -2.9858142044300813 2.622001643073993
-2.433258488101868 -2.322641628272535 -2.0621962804670497 4.954706315905587
-2.3395081098733 -1.9337699848221037 -2.176978488865777 3.136558114411314
-2.3482470172521843 -2.786074138529168 -1.777470703723301 4.236700720109403
0.3220556168822615 0.7700575898677959 -2.2975672678360093 4.496347678261954
-2.585519098464133 -2.2157070402924672 -2.7435021560614885 2.113780019809966
-2.750804771084384 -2.435734557824735 -2.8242950553431747 1.271843734231941
-2.619939471607137 -2.4008861892796785 -2.4135421554639067 2.6865287299994884
-1.9681145959459285 -2.6425382114930747 -2.26640429252561 1.5700143561059101
0.6032816674804574 -2.495534724814935 -1.7338490259308652 4.373629146468906
-1.696648613004657 -1.8071916618895685 -2.339881231448407 2.618169228230788
-2.3780805233116213 -1.5813240079345368 -2.5007093683952313 4.145100426579111
-1.3893167031413063 -1.5709526776328433 -2.0286061933414574 4.375565407228953
-2.9534503906704725 -2.5233563721490917 -2.7125674206972996 1.9560248520581085
2.2883994710853743 0.9027155033840213 -1.7277819691851866 4.68257663874078
-2.637387105182034 -2.5452821960945693 -2.4947730090770923 1.2479027634966786
-2.439675399470582 -2.308810086040433 -2.1832763450626964 4.607249177083829
-1.280484303253841 -0.8000383851390555 -2.4246972018162922 3.2036855089430514
-1.9025591905568673 -1.641705482208381 -2.373909445700311 3.1098402318708036
-1.2006558208859515 -1.6659168561628905 -1.9888374831614548 3.4686703015091807
-2.769733038501034 -1.9522425535849608 -2.4222589510683044 4.322789176598774
-1.581694745801463 -1.5748402775875214 -2.2037320444321273 3.02970783096561
-1.5424780232329365 -2.17695272451415 -2.1036429917749633 2.1952112322827992
-0.976301481515002 -1.079361037862029 -2.0689190545054164 3.79577740091766
-2.026299261568268 -1.7435818326215156 -2.5398620043800575 2.1376357230060785
1.533030747307619 0.768293407854221 -1.7614212173098698 4.652341520779089
-1.3758393271574554 -1.1277843870446902 -2.149913635499167 4.055690444388591
-2.599854669284173 -2.6338666499288745 -2.1199703367468814 4.652842691799568
-2.975145047427433 -2.5644204118263536 -2.2291613510734454 4.236513250322054
-2.523411504114831 -1.9055047332096664 -2.972733808840129 1.2116997287870195
-2.3110258779218276 -1.9883888491124495 -2.8477408559570447 1.2563988819662222
-1.3944489659619619 -2.8576289341639454 -1.7246173367543443 4.546195270164315
-2.5576949747472066 -2.9410803743189007 -2.417226229949386 1.3915010345054395
-2.4751919706351106 -2.25343270795183 -2.4497704952817925 3.418991031603206
-2.1823169503006605 -1.7795508821771457 -2.285891449210002 3.329532224136214
-1.767070708366528 -1.3555805727455106 -2.3027370549538384 4.954180889643009
-2.9374340252465574 -2.982432243311713 -2.331076482321441 1.366405696920482
-2.8771156539627984 -2.441834450443976 -2.41870261467594 3.766154896321611
-2.282204418012751 -2.7179608273957587 -2.130275934521533 2.110294193198214
-1.746010443684368 -2.5630686451309406 -2.180625053192765 1.7364828295462131
-0.8874652310277016 -0.9208220858887646 -2.020888261463038 3.8890606648534582
-2.2349583370905064 -2.932578647539981 -2.088518546142226 2.5311910190161226
-1.6748581389672992 -1.9632407577466062 -1.7621175078065214 4.751911889612271
-1.9923704796420814 -2.7626226619930216 -1.9817947242370992 2.8903043863265445
-1.625546010219661 -0.9887378219096039 -2.547349296936236 3.3788871565452627
-2.2585085476013362 -1.8967233168755326 -2.3746110147251454 4.041998919586842
-2.3809461194398733 -1.0286642004706326 -2.946019508280158 4.6335818335458905
-0.9287970361882953 -0.8752190779243092 -2.1895791191566416 3.388767337965418
-2.12591351945845 -2.4920481928630966 -2.0272584269314775 3.8753137910910493
-2.55529959508731 -2.538355722877432 -2.338378578292118 4.533478694070563
-2.840871213933159 -2.977605020389826 -2.2275578391093847 2.427035701725392
-2.2833614041651473 -2.1241939355490507 -2.4655586142693737 4.387754038466149
-2.395398018012033 -1.9333863533584814 -2.6855766511550363 3.5310601057062376
-1.5355699062295058 -1.0628544192543028 -2.5522956562405814 2.656949106296656
-0.6005035956371199 -0.506679106325885 -2.0727511927625835 4.5580283835761914
-2.811510336428065 -2.1676279699548937 -2.966812612587659 1.0258343001616015
-2.8791043806204706 -2.802085925093216 -2.1886348573399292 2.324969338954907
-2.240671314958208 -1.727782915185426 -2.4470280676051583 3.833810091648443
-2.3576878136488877 -2.428861281017154 -2.4746790999377946 1.9410739708630946
-1.8149051719304383 -2.5140144296628217 -1.993410884781386 2.7746906409757512
-2.881872830189296 -2.1514146570473063 -2.2799450288609195 4.422604484585256
-2.698611901529319 -1.717726151891464 -2.7191114341588825 3.0329399510025428
0.352542372881356 0.16610169491525426 0.34237288135593225 0.32881355932203393 0.22372881355932206 0.13220338983050844 0.3288135593220339 0.3220338983050848 0.39999999999999997 0.2033898305084746 0.30508474576271183 0.23050847457627122 0.3864406779661017 0.23050847457627122 0.376271186440678 0.38983050847457623 0.36610169491525424 0.38644067796610165 0.3728813559322034 0.3966101694915254 0.36610169491525424 0.2033898305084746 0.3694915254237288 0.3898305084745763 0.39322033898305087 0.36610169491525424 0.1796610169491526 0.3389830508474576 0.34576271186440677 0.36610169491525424 0.3355932203389831 0.3050847457627119 0.3966101694915254 0.3694915254237288 0.33898305084745767 0.3627118644067796 0.36610169491525424 0.29830508474576267 0.3728813559322034 0.1084745762711864 0.3593220338983051 0.3864406779661017 0.38983050847457623 0.18305084745762715 0.19661016949152546 0.12542372881355934 0.3355932203389831 0.3898305084745763 0.39322033898305087 0.2406779661016949 0.34237288135593225 0.06779661016949157 0.39661016949152544 0.288135593220339 0.06779661016949151 0.3593220338983051 0.22033898305084754 0.37966101694915255 0.26440677966101694 0.29830508474576267 0.35593220338983045 0.3864406779661017 0.32881355932203393 0.39322033898305087 0.3762711864406779 0.2610169491525424 0.1864406779661017 0.23389830508474585 0.3152542372881356 0.3762711864406779 0.24406779661016953 0.28135593220338984 0.28474576271186436 0.2847457627118644 0.3830508474576271 0.17627118644067796 0.34237288135593225 0.3966101694915254 0.3966101694915254 0.29830508474576267 0.3762711864406779 0.33220338983050846 0.288135593220339 0.23728813559322037 0.2508474576271187 0.37966101694915255 0.3152542372881356 0.376271186440678 0.2576271186440678 0.38305084745762713 0.2949152542372881 0.288135593220339 0.3864406779661017 0.23050847457627122 0.25762711864406784 0.14915254237288136 0.311864406779661 0.36610169491525424 0.3220338983050848 0.35932203389830514
0.006850842201866188 0.009776303114966559 0.007584426353439857 0.007195009764465044 0.0083016690511413 0.009931220389276086 0.014558416629757737 0.011998868490942635 0.009254500192269734 0.007657257440828092 0.007651340490227951 0.018526989865882346 0.015867321767296678 0.011914495902910223 0.00876454830409577 0.008707759761555234 0.013834527964564258 0.009470019592596222 0.007533652241071041 0.00744869450128749 0.009866838613173046 0.023167910666072034 0.006768002446530512 0.00929860075366146 0.00874501594593469 0.007541474613027811 0.012868817908355519 0.0124550574427255 0.007130304843564758 0.0074420692439636695 0.006215485774752468 0.008179330768264523 0.013746696228522972 0.007283485459364645 0.01421434248583217 0.007438938212137188 0.009942322129729423 0.00801566930179028 0.014846385089068525 0.00957837072232778 0.007695904088841881 0.008205046407990153 0.009815230163567307 0.012569227068379383 0.01556093983849 0.009632408785444893 0.009196285193742083 0.0070619988958826345 0.007486508721596174 0.010809782133668084 0.006965890392101822 0.013872895848918496 0.010202763629916158 0.012114249031817055 0.009368827871379133 0.00784299176636405 0.007881924166991088 0.0061330443980324445 0.011234425937818539 0.0068195752706068855 0.00713521486904113 0.006393717936234151 0.009182008929952627 0.009098036312821288 0.0070987632370656676 0.009709543608668155 0.010316051819477777 0.01689836425473743 0.013949891971790855 0.007702965846232954 0.01190136506467295 0.009649261274350222 0.00788565445471954 0.010090770513339975 0.012969921691842981 0.010782307716898797 0.008781738362566151 0.008339810724442703 0.006401649166893702 0.008445726613521932 0.00755858131682883 0.0074909930847588116 0.009141775990635492 0.009203274146231887 0.023389947958788026 0.00656815188908768 0.0074607200053217184 0.010840750925278754 0.010242135691516272 0.010916392243042456 0.012036641522320733 0.008600413303691492 0.0075005296106972884 0.018697520849037377 0.01004632743272614 0.009454689671243053 0.009972995386795445 0.007112201145522944 0.010485106008770647 0.012505185167646399
-----
100
49460
0.1
-2.967568653499747 -2.529114819501927 -2.6311766809601176 2.8035974777267185
-2.7936888671049678 -2.034772161066723 -2.7374952702393167 4.3769906259546145
-2.785040106443381 -2.040834944044569 -2.6090551096374486 4.366621469388124
-2.905993341443102 -2.2844970452490236 -2.5846092859750653 3.7449662301626945
-2.4391666814084507 -2.4125912082288195 -2.106746949851457 4.728270220457365
-2.796226997526585 -2.3013948300221427 -2.4703101403223275 2.8820877065875687
-2.7728519748170717 -1.8787848225936077 -2.6578787814518696 4.815810513215974
-2.6350276004206403 -2.3079046688803024 -2.2656236830560115 4.727324998142554
-2.8030180533286884 -2.023756505449332 -2.7428094477374017 4.199938540572157
-2.6375121497924807 -1.8696887568964677 -2.5950633963903127 3.9810469379288165
-2.682527958206758 -2.4240848458947717 -2.654132222897183 1.4837309754093781
-2.5754540138687227 -2.4811295692795765 -2.145266227249892 4.109196206748373
-2.6074120904484355 -2.23636635531422 -2.3191934908711747 4.119165682921656
-2.692270268141207 -1.9114982455216618 -2.649637482435214 3.5756157635067027
-2.83731394923885 -2.3439176358419256 -2.734797535868688 2.041794857056191
-2.7884865453851146 -2.071333975765066 -2.600188545957229 4.04691004843754
-2.584634325306999 -2.229888608659816 -2.2963012011119295 4.178135301702941
-2.5570125504059087 -2.190259678942882 -2.3275443367928275 4.209940098809378
-2.7896097421180426 -1.9999056961235226 -2.6207233859788897 4.577648781429422
-2.909651431855427 -2.35793895075351 -2.860598299626134 1.900278155539699
-2.628020866573286 -1.918493212274762 -2.622886083720452 3.680952621743441
-2.3630582004614844 -1.9205518207986456 -2.416805973368215 3.4371674783955806
-2.6267334927159367 -2.2277917787187187 -2.4373660844172402 3.4761853577613038
-2.963107554997366 -2.429503598288835 -2.7772292721313496 2.115429660338204
-2.7139205030554536 -2.416118747340007 -2.3115664023344213 3.735515260158197
-2.8589585317842525 -2.3188644172273145 -2.722558388982313 2.519283222323324
-2.6174488510732354 -1.9175466597057298 -2.6565781833479316 3.6479980759120565
-2.860230196597667 -2.6567236094199576 -2.5836776702343935 1.9131706702918985
-2.6210289272294647 -1.9768398813169368 -2.6858898621178744 2.8120492191410578
-2.948240967786554 -2.2690443491463124 -2.6723311180740317 3.982461125303413
-2.8479514989326735 -2.405562774345259 -2.7095669320526667 1.6528192530271482
-2.732968979314804 -2.2765261858624184 -2.482497852905896 4.083568194981039
-2.8433662790792424 -2.13759450081447 -2.569801478505284 4.2135902059763275
-2.8309909263009834 -2.1927001661766865 -2.550688319819205 4.573681458275983
-2.705236887067598 -2.1282558989577347 -2.5442258729487315 3.5780025941489226
-2.8565031704008375 -2.286647963282014 -2.7911958630562346 1.8726255655688582
-2.7337879560585687 -2.4884885502046226 -2.3699410721360503 3.0696166265132634
-2.638389618367116 -2.171119936964053 -2.430520428643966 3.60165144166386
-2.7704594142911763 -2.382726787574778 -2.410861833844665 2.5789979414338817
-2.8545431250458018 -2.333790794926958 -2.607595695226643 3.594480853308957
-2.961287048699205 -2.46799847286237 -2.7133961489678393 2.0392313966768003
-2.4801570080806816 -1.9765258704176494 -2.4129081141066604 4.811824309147384
-2.57109086023163 -2.3349758029071976 -2.360571636672297 3.2951292574660824
-2.9413022599165273 -1.9500554337339975 -2.844587678961003 4.285280979006265
-2.9808899406793 -2.43545016142615 -2.6651515253320737 2.42829922234178
-2.9256365430169318 -2.7807507607686532 -2.4148045365063218 2.758245389843264
-2.714965694211924 -2.240612136116259 -2.57154678526533 2.6920718089741364
-2.9344347451501425 -2.0630408527121054 -2.694660353747227 4.431261275216686
-2.9531340006020494 -2.382251140769749 -2.4518309461545935 4.239525877888927
-2.6178321187063736 -2.0803327226287633 -2.558357777877046 3.163047355643765
-2.8844146524180587 -2.2748304583956607 -2.582247868639651 3.6207954946720493
-2.7917303038050107 -2.6737411858537925 -2.3516252221962963 2.8216109096738915
-2.923287876709193 -1.8620739581139798 -2.988946130139176 3.683016365912181
-2.641577896860847 -2.08844588604071 -2.632403976174005 2.4060801426626717
-2.886241817152421 -2.384063457249522 -2.6206725641547073 2.87316457757915
-2.5496793468013106 -2.0520974413514135 -2.396437988907624 4.954219507360508
-2.858034016400396 -2.4394688343697974 -2.469301289943857 2.7165615699978076
-2.85318760881318 -1.939401535705369 -2.718932898481404 4.5736332781209414
-2.854089671909328 -2.285307243377176 -2.6914055342288625 2.924145877160471
-2.9575229907030836 -2.0960772332354978 -2.8163073362477533 2.761098072699969
-2.9222904983550557 -2.130928374316931 -2.770145328076732 3.1645103648929647
-2.6047788541125545 -2.0982276457288496 -2.5623073779579983 3.114893686489615
-2.3954164094682002 -1.9466899864752052 -2.5356236696569003 3.0925431298255015
-2.840527645440639 -2.893701411226197 -2.3451926188534573 2.368056095360793
-2.5227428789948934 -1.9294162144351477 -2.3478804008982483 4.952700326347846
-2.4988893980901272 -2.0044088649340894 -2.3453284626532245 4.654218294441877
-2.693398452475479 -1.7553732178673218 -2.7220468000999065 4.786452638157369
-2.9009059055821846 -2.250026994521797 -2.7532684594001378 2.404459786375697
-2.526443892262709 -2.144329642502279 -2.4914719834080032 2.9914418950688564
-2.8026080191136344 -2.0853588209913094 -2.709562510109553 2.8484864016971354
-2.7022468230792276 -2.2932331246104494 -2.354198618367834 3.8500070996501283
-2.727016838757631 -2.4573578588702985 -2.492176186425322 2.1924535651560397
-2.779151101306983 -2.561098840112061 -2.3270636962418316 2.987663874111833
-2.7434215007301748 -2.1208042591426635 -2.6705107331780953 3.371428591176612
-2.5751216257866765 -2.162404905995684 -2.477335787584372 3.3733992787049867
-2.6184996715534576 -2.2344119085294434 -2.7529931096633913 1.5918268528597603
-2.7899498834650265 -2.4093231555811214 -2.335674547676266 4.3704340081851365
-2.814776304203308 -2.383562903913141 -2.50036271422395 3.0246556995612845
-2.6277263827302124 -2.394207315134712 -2.310603399828459 4.048782336375822
-2.76075646625529 -2.6079841764002025 -2.303054114636821 3.192289735586405
-2.6983152341619263 -2.02133214852407 -2.5408151864612005 4.401438661559448
-2.972255694114345 -2.416006900396197 -2.48197219441312 4.253270324132874
-2.3566218281263946 -1.7647838781818157 -2.407562179577339 4.944649976695198
-2.871622594791972 -1.9375533941361254 -2.9234636913943595 2.6667498940179617
-2.857222115198362 -2.059113126185294 -2.7886315628318505 3.6459769451614035
-2.718519332365828 -1.9105806225717044 -2.6070728064026643 4.595576930229764
-2.9645649851872324 -2.4310377827803893 -2.851094385351922 2.0302746517108914
-2.828150478851742 -1.811527654508088 -2.868438681210565 4.520615934543998
-2.68161916314184 -2.497731394105103 -2.327277735133329 2.9684275915853067
-2.5935637361779476 -2.2199746749084195 -2.360421202217849 3.8806176423650105
-2.922681910182648 -2.444215006736217 -2.3875213583489767 3.602293304095393
-2.8432985434674 -2.421656904527607 -2.5320257571377236 3.27348268702416
-2.9254239725218003 -2.503401747225584 -2.7459715156081868 2.580120340903953
-2.9685327630629392 -2.2915577997828778 -2.616857969444394 4.185746792171084
-2.320537178013079 -2.000632511408852 -2.306184757279003 3.7776068320572493
-2.5943617018169194 -2.314227988753354 -2.557547874329078 2.442505280199967
-2.838760461708852 -2.357027578170937 -2.4788078231557744 3.9527225860853563
-2.6364732475688193 -2.13767412643293 -2.462426843117293 3.849438382570842
-2.785603823192638 -2.389080141110716 -2.607704379608011 2.3397864735303813
-2.7542638432871875 -2.1043679274271962 -2.5833784280266694 4.004562370249807
0.07796610169491536 0.08135593220338982 0.07457627118644067 0.07457627118644068 0.09152542372881356 0.09830508474576272 0.06779661016949146 0.05762711864406789 0.09491525423728814 0.0847457627118644 0.08813559322033898 0.09491525423728808 0.07118644067796609 0.08135593220338982 0.07457627118644072 0.08474576271186446 0.08135593220338988 0.08474576271186442 0.09830508474576272 0.07457627118644067 0.09830508474576272 0.08813559322033893 0.09830508474576272 0.09830508474576272 0.09152542372881356 0.054237288135593226 0.08813559322033904 0.09491525423728808 0.09830508474576269 0.06101694915254241 0.07457627118644072 0.07796610169491536 0.0847457627118644 0.05423728813559325 0.07457627118644072 0.09491525423728814 0.06440677966101699 0.08135593220338988 0.09830508474576272 0.06779661016949157 0.09830508474576272 0.09152542372881356 0.07118644067796609 0.06101694915254241 0.0610169491525423 0.09491525423728814 0.0847457627118644 0.054237288135593226 0.09830508474576272 0.0847457627118644 0.09830508474576272 0.08813559322033898 0.06779661016949151 0.09491525423728814 0.09152542372881356 0.08474576271186442 0.09491525423728814 0.09152542372881356 0.0542372881355932 0.09491525423728814 0.07796610169491525 0.09830508474576274 0.0983050847457627 0.08813559322033897 0.06779661016949146 0.08813559322033898 0.0847457627118644 0.06440677966101693 0.07457627118644072 0.09830508474576274 0.09152542372881356 0.07118644067796609 0.08135593220338982 0.09152542372881353 0.09830508474576272 0.09830508474576272 0.09491525423728808 0.07118644067796609 0.06101694915254241 0.09830508474576272 0.08813559322033893 0.0745762711864407 0.09152542372881356 0.07457627118644072 0.09491525423728808 0.08813559322033898 0.08135593220338982 0.08813559322033904 0.09830508474576272 0.06101694915254241 0.0847457627118644 0.0474576271186441 0.07118644067796609 0.09152542372881356 0.09152542372881356 0.09491525423728814 0.06101694915254241 0.0847457627118644 0.0847457627118644 0.061016949152542355
0.01007693913641334 0.010800866669504314 0.009907909755132846 0.009390192817083334 0.011845165843788617 0.008953858696288175 0.011359284510447055 0.010791345557781629 0.010474965645940006 0.009074067878739303 0.011844195474384726 0.01030195979198031 0.009159393454046996 0.009039478904505708 0.010894563751910563 0.009350320339819126 0.0092811178373567 0.009196473115683045 0.010455482803159331 0.012452127418476372 0.008915114400746764 0.00850287516957743 0.008563603318825736 0.011488883944985408 0.009144846055482131 0.010162536519186584 0.009038526694159327 0.011227022217287637 0.009280928602778283 0.010195431786852671 0.01174948192256833 0.009217483435636272 0.009626035509046242 0.010411769339338966 0.008712701650343274 0.01161453284291562 0.009112577001672895 0.008566953715640138 0.00933913872333815 0.009373332481494287 0.01122708280937782 0.010364931245881077 0.008701567185623092 0.011971100540385199 0.010358500485656574 0.01037686690744709 0.009082667708273007 0.01088107482398829 0.010000006136035687 0.008637604081246674 0.009235749969243714 0.009824228494032533 0.013142957133631969 0.009471636787431988 0.009518652024747321 0.010936989730619079 0.009349727930605812 0.011187523170748987 0.009649226871900929 0.010723773577278235 0.010126392085339078 0.008656163886028965 0.008607594076852814 0.011311879963159731 0.010973984591654645 0.009981514819969806 0.011651646922548067 0.010489053981079919 0.008589086538365483 0.009558937984360728 0.008945767584078123 0.009905783002892103 0.009458758233076134 0.00917190105113303 0.008494650172609905 0.011741239606516267 0.010054302444533718 0.009022027311616066 0.009328294457223702 0.009535721749186465 0.00960599888586534 0.010202628693487136 0.010951386367513279 0.011849262793766758 0.010290188668634967 0.010309861364870243 0.012382948254325512 0.01261044392093693 0.009229052047858856 0.008794205800095479 0.009308794956107353 0.009148200349761368 0.010798780059869792 0.010283164715526903 0.00875523848026558 0.00929903449498117 0.009323420029504748 0.008697640529420668 0.009810974505029829 0.00920872227148064
