4
100 100 100
429 3988 62460
0.8 0.4 0.1
-----
100
429
0.8
0.39125209929129134 -2.3542215412967282 -1.2571933171529937 4.8186152485037415
0.42294068664941165 0.14988329305404546 -1.7566186915466553 4.7569561853243725
2.817425778640793 2.427895839988329 -1.5408989207762551 3.2240808366199625
-2.07905121040248 -2.73017830608192 -1.940581041448389 1.342011413625972
1.4086827782534996 -1.1316077444960917 -1.8793072205461192 2.0974920644980823
1.2818792948719633 -0.11053420421981563 -1.0579144269532854 3.3664365279339403
0.05423487637554425 0.7591959297941826 -2.04017484356176 2.2896984373882665
1.452281289653527 0.765477799851698 -0.9150364781628095 4.647429694833255
2.672156734427464 -0.32167982022473574 -1.7095340115006474 0.9876775354721024
-2.0644762697273222 -2.1216259077828346 -2.163046294184752 3.8429100839283037
1.2470727051332027 -2.7807829735193015 -0.9170783919340657 3.6931262151050506
0.42554084686023597 0.42814285557557374 -2.0581241233174814 0.9715607408965155
-0.043387251777287084 -0.35270741917618986 -2.0770169807423895 1.7269279461557985
-1.153277050460746 -1.3393868237389395 -1.9637768326336613 4.3041075592960585
-2.2055560418589297 -2.368706499570848 -2.541115122864845 1.2610312169585103
-2.323567131847151 -2.8411004499884007 -2.040879292697045 1.178209545127552
1.2611722174392783 0.06819903714467035 -2.529894313164722 0.13786693881298606
2.7840643830785856 1.876447184990428 -1.2653342410467059 4.607590251314246
1.8486084644925125 -0.07446719958673365 -1.724181940134674 1.1502323305484397
-0.4870635140807371 -1.694640370275312 -0.9759426299918581 3.889260199561566
1.3846966659942712 2.256135543907172 -2.2386893057669175 4.102073241964894
2.5058643643375875 0.1367410441022665 -2.4600982043113966 0.6835575539831007
-1.1984009157773539 -1.6108761288186502 -1.8848124573537526 1.8783204935823417
-0.8650750304893675 -1.6748977754575738 -1.3210549559422609 3.3121122147580992
0.7920036049809984 0.846035307823104 -1.6554575079105058 2.6894407605144686
-1.3303638066896153 -0.5319583842276012 -2.3316080134093125 2.9338869841495727
-0.9157472918921754 -2.875080618594663 -1.8316786961000526 4.05783727865586
2.6446447427145188 -2.422125987780933 -2.4359499325138287 0.821842982281703
1.7689147799955123 -2.5869369897905288 -1.624319336812873 0.7144012570959668
-1.078546865147823 -2.864202802126009 -2.014242008916513 1.3678983903653175
0.2336669938231113 1.4087576855950257 -2.1681285266760093 4.491691089367752
2.237359835777223 -1.0577764799561575 -0.6221965876032636 4.823891375936027
1.9938720630175988 -2.8627175833788954 -1.538028251086844 1.102958513169472
-0.5912135414959474 -2.173965495594914 -1.384705060537315 1.3521563148313342
-0.09374591192966841 -2.2092411026925474 -0.9634372218784115 3.3898656527564173
-1.7477908332184415 -1.067875128275455 -2.089808060834577 3.671628294026524
-1.4299895704869585 -2.395429698869826 -2.1501461156361628 2.404890827072056
-0.8141298694878594 -0.7278398192618822 -2.9054318245985096 0.6248749796284492
-0.053477822326092106 -0.0321046608232578 -2.7492198151143734 0.7267192660594668
0.6318207092724633 -2.398150437158783 -1.8611506260524484 2.7351103493450246
-0.902030191289493 -0.6882550669243073 -1.2721853194041763 2.8000056388998553
-0.07859766004752222 -2.7686164283993624 -1.6014182783086492 3.965981164827761
-0.6718914599148489 -0.799273654191607 -2.414285615725335 0.5332601619576716
0.7673315701472152 -1.3140177848350092 -0.8453490190930837 3.6099040316401174
2.1651472031128574 0.41802661265958463 -1.8277631545672186 2.772062084757534
-2.0165790427799197 -2.500856191610533 -1.0682813769902098 2.8484694544234523
1.778824345101686 -1.9623907421631892 -1.0460032436513063 4.060261592943185
-0.8775520783179553 -2.2280223351912403 -2.027191141425095 2.0328362861207117
2.879227023826685 0.5913294895910313 -1.4531668326310618 1.71630022791198
-1.150183772474478 -2.292568584787171 -1.4210049576759403 1.2646187190517233
-2.654485600105987 -2.098880924893656 -2.0756450748280106 1.7475514014069105
-1.9155658311515236 -2.6313587483286565 -1.9762227214643886 0.5404573833095327
-2.3152939822938294 -2.328359895197875 -2.8230429339891305 1.2387685516064206
1.5490113056832158 1.5815546312268447 -1.6526613392450487 1.7723340468521376
-0.7079218022857314 -2.724915078147231 -1.3134285615711327 1.7447086353691899
0.6857233312761695 0.29642463838454525 -2.112907799535649 1.950339426774329
1.4028018641778939 1.0369101572021577 -1.5701943850119235 1.7492791829102838
-2.889126996495095 -2.2910248947370833 -1.7806863447476844 2.1103532544589276
-2.466617775260461 -2.393073290317727 -1.9266313498076302 1.2879971724107597
2.3843091292699228 -2.4105370928381653 -1.7190973731890742 3.121414914837798
-1.4020902643432107 -2.1163451714735158 -1.7158907323946688 3.393776482052351
-2.3878565816450994 -1.3161489488551674 -2.7492891338549725 4.007207639588481
-2.3811158325632906 -0.7730961368018154 -2.0997662342964523 4.065150424276162
-2.784361640171566 -1.4047153514852422 -2.8327593356486647 4.723436902725932
-0.47263210466748706 -2.2407640893903698 -1.7884631360487 1.1923762553339945
0.8878894150719101 0.5420678795216638 -1.9973503739208456 0.6803016023179065
-1.8207308231977395 -1.771924219231379 -2.377409591440851 1.501656871460656
2.847338480416772 0.04814995224566987 -1.5689436873533031 4.52258990826163
1.9271823440088607 1.5784931336304933 -1.371352708085193 2.1309640319452594
1.8689793738306903 0.0179742535477998 -1.014302755799964 2.9465656049810676
1.6585656657947583 -1.9890504283647568 -1.0470505648833122 4.467659831889477
-0.7631543682285264 -2.8285885368134642 -1.3147567877245163 2.5135141086436406
-0.3243321826641572 0.2938912751455547 -2.7765636744905406 2.2356224339549624
2.92754809298303 -2.4553812488159945 -1.7770272612623172 3.2042633992394953
-1.7837041461895904 -1.4882834561600373 -1.5571180568130076 3.333912193512388
2.312721457020224 -1.7907516353051842 -0.8372081907352928 4.283746649214951
-2.426751441882536 -1.3905165071413652 -1.5746487302779724 4.313180801547439
2.503621159586663 2.4397951972186664 -1.5306281627004426 2.497207928892593
2.6768461662085414 -2.2612077188705415 -1.8689689035944945 1.077461539892326
-1.7938873216419102 -1.4838149088659982 -1.927383517768776 1.1530763514355613
1.2713528137414372 0.6007754424626941 -1.1342872431625672 3.053643058778741
-0.31357954591638926 -2.2291888959571904 -1.3182333415025331 1.595084410647648
2.215780181879122 -1.4725979450044546 -2.422611666636442 0.2742997710819628
-1.2360437841396696 -0.6597114191895339 -2.1907446491217395 3.8531148142323426
-2.5350197047611407 -1.6290733756867644 -2.2532286373510537 2.1292327590546534
-1.958199319158798 -2.709284459069225 -0.8893867025560009 3.3087895554705335
-1.0676673347021324 -2.0180500372777854 -2.2054719081411647 1.1351852607003599
-2.5299614701557074 -2.621659949183434 -2.868635895983019 0.7710043714594761
0.9364952252265821 0.02039717592457757 -1.6192950748482655 2.237664251718514
2.0298553011703273 2.8314630960402667 -2.7169166435569854 2.4796628864132755
-1.6182873541190892 -1.9645670504485802 -1.4478333848190328 3.268727193896699
-2.158231078323594 -1.1558609016323005 -1.9383144977881284 3.549102868726731
-2.8806605681352604 -2.6338488293149838 -1.4548302590869424 3.357423608791809
-1.3997844241502198 -0.365854742283775 -1.6927529722708625 4.057670996141405
0.48844081432314335 1.0350971479829507 -1.6676091911059128 4.196273124351889
-1.9706927493040145 -1.2333046368387137 -2.28012952702657 1.2544729657634734
1.0845523311950878 -1.3918692945568285 -0.7120633075816221 4.394367261337566
1.3616134208914108 0.2683603685565261 -1.8669029298929776 0.7742471089579128
-1.4177042832557452 -0.388648696759033 -2.7453744220319867 4.921638454473517
0.9244946133391321 2.645361917993281 -2.9115260582684845 3.116792472197317
0.4711864406779661 0.559322033898305 0.5389830508474577 0.4338983050847458 0.5491525423728814 0.7016949152542373 0.7050847457627119 0.7423728813559323 0.6813559322033899 0.5491525423728814 0.7694915254237288 0.6576271186440679 0.5016949152542373 0.6 0.6033898305084746 0.40338983050847455 0.7661016949152543 0.5322033898305085 0.6271186440677967 0.7152542372881356 0.4915254237288136 0.6779661016949152 0.41694915254237297 0.5694915254237288 0.623728813559322 0.41694915254237297 0.7762711864406779 0.7186440677966102 0.7966101694915255 0.5050847457627119 0.6711864406779662 0.7932203389830509 0.7694915254237288 0.776271186440678 0.7661016949152543 0.36949152542372876 0.752542372881356 0.705084745762712 0.688135593220339 0.6101694915254238 0.7830508474576272 0.5254237288135594 0.5423728813559323 0.7932203389830509 0.5864406779661017 0.7627118644067796 0.6610169491525424 0.6440677966101694 0.6677966101694917 0.7830508474576272 0.4610169491525423 0.7050847457627119 0.735593220338983 0.7322033898305085 0.7661016949152543 0.5932203389830509 0.6915254237288135 0.5966101694915255 0.4949152542372881 0.5355932203389832 0.4203389830508475 0.30847457627118646 0.7898305084745763 0.13559322033898302 0.5728813559322035 0.7050847457627119 0.42711864406779665 0.5322033898305085 0.7728813559322034 0.7728813559322034 0.6271186440677966 0.6576271186440679 0.7796610169491526 0.6033898305084746 0.5457627118644068 0.7559322033898305 0.7152542372881356 0.6847457627118645 0.5525423728813559 0.6745762711864407 0.7423728813559322 0.7728813559322034 0.5932203389830508 0.3559322033898305 0.5389830508474577 0.7830508474576272 0.5423728813559322 0.6542372881355932 0.5152542372881356 0.5864406779661017 0.5084745762711864 0.6135593220338983 0.5661016949152542 0.7661016949152543 0.6576271186440679 0.6067796610169491 0.7864406779661017 0.6745762711864407 0.6169491525423729 0.664406779661017
0.009999999999999997 0.009999999999999997 0.009999999999999997 0.009999999999999997 0.009999999999999997 0.009999999999999997 0.009999999999999997 0.009999999999999997 0.009999999999999997 0.009999999999999997 0.009999999999999997 0.009999999999999997 0.009999999999999997 0.009999999999999997 0.009999999999999997 0.009999999999999997 0.009999999999999997 0.009999999999999997 0.009999999999999997 0.009999999999999997 0.009999999999999997 0.009999999999999997 0.009999999999999997 0.009999999999999997 0.009999999999999997 0.009999999999999997 0.009999999999999997 0.009999999999999997 0.009999999999999997 0.009999999999999997 0.009999999999999997 0.009999999999999997 0.009999999999999997 0.009999999999999997 0.009999999999999997 0.009999999999999997 0.009999999999999997 0.009999999999999997 0.009999999999999997 0.009999999999999997 0.009999999999999997 0.009999999999999997 0.009999999999999997 0.009999999999999997 0.009999999999999997 0.009999999999999997 0.009999999999999997 0.009999999999999997 0.009999999999999997 0.009999999999999997 0.009999999999999997 0.009999999999999997 0.009999999999999997 0.009999999999999997 0.009999999999999997 0.009999999999999997 0.009999999999999997 0.009999999999999997 0.009999999999999997 0.009999999999999997 0.009999999999999997 0.009999999999999997 0.009999999999999997 0.009999999999999997 0.009999999999999997 0.009999999999999997 0.009999999999999997 0.009999999999999997 0.009999999999999997 0.009999999999999997 0.009999999999999997 0.009999999999999997 0.009999999999999997 0.009999999999999997 0.009999999999999997 0.009999999999999997 0.009999999999999997 0.009999999999999997 0.009999999999999997 0.009999999999999997 0.009999999999999997 0.009999999999999997 0.009999999999999997 0.009999999999999997 0.009999999999999997 0.009999999999999997 0.009999999999999997 0.009999999999999997 0.009999999999999997 0.009999999999999997 0.009999999999999997 0.009999999999999997 0.009999999999999997 0.009999999999999997 0.009999999999999997 0.009999999999999997 0.009999999999999997 0.009999999999999997 0.009999999999999997 0.009999999999999997
-----
100
3988
0.4
-2.478643374339239 -2.0242473914641743 -1.798340654028131 4.158704433396892
-1.4329073812340845 -1.1746012263462449 -2.00685175310355 4.083044324304238
-2.315309197872468 -2.586135488393029 -2.0188727822143333 1.3197080289712897
-2.2337756841978287 -2.124489747203749 -1.9026266099378601 3.675950351919391
-0.22869631401805424 0.03373817759936615 -1.8403477385425515 4.516567461710374
1.7271308389118998 0.9943490854724244 -1.4361486083935024 4.835764887479029
-2.091861849753294 -2.7772026977091744 -1.6973563125288007 4.081951974196556
-1.800040082565149 -1.3978536178683445 -1.8846067632529562 3.834726214297981
-0.33141448888261527 -1.718320460708807 -1.3521515830768358 4.8940639504448935
-1.8169865607233826 -1.3154254461348562 -2.159351099970946 2.5438222920585094
-1.1596139091757003 -0.5158794673188021 -2.21353256168152 3.825464814331494
-2.768012004388876 -2.4404204132743548 -2.217450388840238 3.8550856040122836
-1.8114538306823218 -1.4989315788207256 -1.7783355430256895 3.5960309136362687
-1.6489684576056765 -1.4199217998004194 -1.6089957214599324 4.917516417301057
-2.954495974389407 -2.3107983448694376 -2.3549253713157015 1.4831390712056174
-2.6246479049331946 -1.9874373861035666 -2.46352185896255 1.4969649851707965
-2.5520417674769593 -2.2085701512964753 -1.7461149131610905 4.688913469166964
-2.617302983287093 -2.035300503695356 -2.50077897278363 3.8539808927460886
-2.114112038452701 -1.1617689202369264 -2.793744732542857 2.1650191376937595
-2.492295545262233 -2.0440268145092544 -1.750079314766727 4.657713487055593
-1.3356901059133741 -1.2727742031069587 -1.765609128201054 3.975616798486035
-2.2034850836666235 -2.905396227485957 -1.7621960701388104 4.273145311982202
-1.1375937718737281 -1.1106091443827477 -2.027248749167033 2.5685798127222923
-1.8650125685950094 -1.1933039113350796 -2.177434632978607 3.7152812341208783
-2.820575247383524 -2.422099977218991 -2.3731116372232104 1.7134423969670638
-1.5092575043016565 -1.3778440835874246 -2.060481816436404 3.6179378332648238
-1.329027093110898 -1.8770067010672153 -1.6863078084775398 3.5797309858360884
-2.3240146884657062 -2.4663059935860816 -1.769729485016964 3.280022187780763
-2.589817827757489 -2.579867783179729 -1.9828052681280037 2.8559171999181245
0.8930225267814977 -1.7385957972237869 -1.480747095710288 3.8064997258406823
-2.0447830819294737 -1.0808960217834511 -2.5246323156850763 2.6761307406142123
-1.7820562836688714 -1.89640072171066 -2.000869977617804 2.2177756796948587
-2.6009607780576722 -2.571849134767428 -1.6356920600857077 4.451661868549739
-1.896784771192667 -2.662420620450086 -1.7102312894122833 3.600325514780119
-1.1176970327031341 -1.7239126788272217 -1.554737495523062 4.36058926875377
-2.223843205999763 -1.99797918531005 -2.1726840644846015 4.556482277710534
1.132405616777374 0.1383952178226182 -1.451306678997737 4.552839902418048
2.4778301550292614 1.082179006936312 -1.4511728698904351 4.339333468164381
-2.3510218650842503 -1.9550230271071036 -2.883172467203068 0.4474003291362504
-1.1952480161607275 -1.7108981603873472 -1.567411122800949 4.1178432163445295
-2.481851661385341 -2.2880481126874543 -1.9070622335508183 4.961496565242943
-2.7580690741923206 -1.9384466382073136 -2.172015704834415 3.4594679129068155
-1.8270190270431794 -1.7573708810238098 -2.226675997343576 1.170194053048088
-0.808195100090993 -0.7304587622841248 -1.6824562991852319 4.8935507429195795
-2.8588748679499614 -2.7371830661159917 -2.013395281191325 1.605026764017328
-2.7609745057142803 -1.823372944792217 -2.7538567194980086 1.075199615103299
-1.6216873458068297 -1.2558357281609558 -2.5347990096971067 1.261403668699292
-2.5109061665514254 -2.753792540094007 -1.6470706525155863 2.87488628468907
-1.8139466700904525 -1.7794841437277946 -1.8288210186503622 4.123040234187079
-1.3833728194506834 -2.070943393290512 -1.6010250263282606 4.452338215709102
-2.9561678035831886 -2.4172899894509214 -1.9287439739175936 3.964571285670871
-2.1369795621608247 -1.91255549735591 -2.134878083603105 4.191667707778798
-2.3110390837610977 -1.0966594822287967 -2.860595073657965 2.4787111875593393
2.377153493295595 0.6435229980238315 -1.3758462610669577 4.919297274029972
-1.700588495714772 -2.0870677078964834 -1.594304839823573 3.797245585490143
0.22183838244620224 0.05413984395315419 -1.5866760850115145 4.815762554609262
-1.8898782302363273 -2.395267567196337 -1.7301305842816095 2.5283566554079715
-2.6646199655773075 -2.3489959301107772 -2.03594217159608 1.548469349850221
-2.740042898254667 -2.1721083315077467 -2.364002812283296 2.23292508445269
2.6394679406229864 1.1469605222298358 -1.4279969313518859 4.3905004508246055
-1.0386225159689966 -0.8796997843794728 -1.9283204878952631 3.47526877747722
-2.2661623995116367 -2.7907311256504337 -2.211583580198422 1.2311781726237763
1.4361422960628083 -2.424185318140389 -1.389603850839871 4.670842728115872
-2.197586492506925 -2.011666112115218 -2.149459011187714 3.598337905303524
-2.2341383239635744 -1.527982235308185 -2.621213451021874 1.4193283313657692
-0.7822872196780861 -1.4299609054033056 -1.5154703151153066 4.1019334392847
-2.3638732373093254 -2.2405636752960434 -2.859032024011629 0.5411127843712644
-1.8441622727823734 -1.6764061683002294 -2.0405209877877675 2.7575695074691087
-1.6418124216750734 -1.9491332409019948 -1.602484150159343 3.754909413394821
-2.306476671429883 -1.0631759571851656 -2.6909155498005797 3.3530986040743738
-2.5184214524959474 -1.3933668027231625 -2.549686148944484 3.879404338638274
-2.576304680736815 -2.4079888168536767 -2.26935578987049 2.272564197446851
-2.675250598431825 -2.0530991864510555 -2.1396531032510993 4.227617207967891
-1.6834876821684879 -1.6619269717368161 -1.6645679446840234 3.6584696876669325
-2.2980570963617684 -1.4425818668981223 -2.6786408231903254 2.3612243362930307
-2.4619909842314707 -1.2924310697412589 -2.4424905311823095 4.071711320188526
-2.2565061154921873 -2.6316119157366233 -1.608294649525287 3.1885402825679985
0.16165305288207454 0.41414126773064336 -1.8078653660064372 4.955196435977028
-2.473738863147326 -2.630335615609938 -1.4891410548124187 4.3799295730558265
-2.3058824471112356 -0.7460409853374652 -2.8790324888869425 4.887021318539748
-2.5227524145922913 -1.755808870068421 -2.491512365602003 4.807990973326987
-2.533606198553923 -1.9494692594886478 -2.3908227891723532 3.319385228718272
-2.060135913734179 -1.6375737717091 -2.4178230386217283 1.2946099677480338
-2.888727946679577 -2.30831004071625 -2.720018509375275 2.8197035321999024
-0.4502132274910843 -0.483125142365465 -1.8183698621228348 3.30047610974049
-2.3802869048099757 -2.362483375780625 -1.8872246696290667 3.3852912077571156
-2.2915555900424156 -0.9410443803392874 -2.56328784398312 4.5170516493783825
-2.815114544911963 -2.650726877327367 -2.091325125487784 1.4323386920627925
-2.801750119911458 -1.930348828626946 -2.5072062205049255 4.30048520525989
-1.2620491252219308 -1.6425293456299337 -1.796110570940436 2.3124248850073226
-1.8551147349865935 -1.5016799987795508 -1.9697565880652597 3.672254335260733
-2.181787470987442 -0.7902049824265058 -2.768472039848762 3.605085113120202
-1.984164253860893 -1.211711828033636 -2.3892483861048257 3.301343071130414
-2.3487983037828206 -2.03789349384952 -2.084038053038118 1.6102328831218906
-1.9000044484767638 -2.4942314523455247 -1.9672147049923479 2.285787249479101
-2.7193897134790603 -2.9953108688557326 -1.7660281414349985 3.3295371352429015
-2.2630155646674117 -1.4133204695189763 -2.551275280232307 3.0863949573583924
-2.7118504202878126 -2.61037613913134 -1.9807674284986299 2.55332006212807
-1.798660116455204 -1.9369693386296727 -2.02226050172471 2.428340609289189
-2.3933625897734467 -2.27467248494285 -1.877239572855231 2.3448605207420634
0.3016949152542373 0.3355932203389831 0.39322033898305087 0.12203389830508482 0.39322033898305087 0.3864406779661017 0.36271186440677966 0.3593220338983051 0.38983050847457634 0.3864406779661017 0.3491525423728813 0.2677966101694915 0.3864406779661017 0.37966101694915255 0.34576271186440677 0.3389830508474577 0.2508474576271186 0.3186440677966102 0.34237288135593225 0.28135593220338984 0.3288135593220338 0.3898305084745763 0.3898305084745763 0.3152542372881355 0.1559322033898305 0.39322033898305087 0.3627118644067797 0.23389830508474585 0.23050847457627122 0.3966101694915254 0.3830508474576272 0.26101694915254237 0.240677966101695 0.3627118644067797 0.34576271186440677 0.36610169491525424 0.3966101694915254 0.39661016949152544 0.3593220338983051 0.3525423728813559 0.13220338983050844 0.33220338983050846 0.39322033898305087 0.3627118644067796 0.3457627118644069 0.38983050847457634 0.3864406779661017 0.3864406779661017 0.20000000000000004 0.37966101694915255 0.3898305084745763 0.3152542372881356 0.3254237288135593 0.3864406779661017 0.35593220338983045 0.38983050847457623 0.3694915254237289 0.37966101694915255 0.1694915254237288 0.39661016949152544 0.3389830508474576 0.38305084745762713 0.38644067796610165 0.31864406779661014 0.30847457627118646 0.3728813559322034 0.39322033898305087 0.24406779661016942 0.36610169491525424 0.28474576271186436 0.28474576271186436 0.28135593220338984 0.1423728813559322 0.37966101694915255 0.3050847457627119 0.37966101694915255 0.37966101694915255 0.38305084745762713 0.36610169491525424 0.335593220338983 0.3288135593220338 0.2033898305084746 0.3389830508474576 0.311864406779661 0.3864406779661017 0.1728813559322034 0.3830508474576272 0.3932203389830508 0.07457627118644072 0.39322033898305087 0.25762711864406773 0.3864406779661017 0.22711864406779658 0.37966101694915255 0.3898305084745763 0.23050847457627122 0.1898305084745763 0.16271186440677976 0.3694915254237288 0.3389830508474576
0.009967323514600888 0.008584186703120023 0.008273445369142655 0.008489206197006268 0.010740378796624737 0.016326713089837717 0.010241779598820633 0.008161164170559392 0.011336197256157117 0.007114052186415432 0.008923079844770624 0.010672708237558658 0.0077772931007837635 0.011626850100568492 0.00937376181647904 0.008999264504860266 0.01239296666486055 0.011270103393992021 0.010388086422611893 0.011907284160816035 0.008149786691114162 0.011294726216204356 0.006720403345519941 0.008448308956081767 0.009097269020766999 0.007735845592949893 0.0075288146395329 0.00834244848630404 0.008351020265094865 0.008642042902109895 0.008715329848125257 0.006819933345558695 0.012267959868545694 0.008652533338015717 0.00917394012428238 0.01137275877200249 0.011882716301433206 0.015934265074470797 0.01391457863717452 0.008567777230060351 0.013766925561071704 0.009124788515715014 0.007740768432409406 0.011127612858675123 0.008998321866703282 0.011643424405930929 0.008609931930857483 0.008788968259916112 0.008809250330341986 0.009739988201363499 0.01083179024191727 0.009777797710380953 0.011518706412410257 0.017407562604356542 0.008382928136843442 0.012032209528015024 0.007303235385807201 0.008292818162123022 0.008629129595977034 0.01696059006250415 0.007444661733564397 0.008779969505551297 0.01293085375325636 0.008538345594706927 0.009343887036310054 0.008447372776107664 0.0135105398020608 0.0069985634540351074 0.008164224008819807 0.010999954360857494 0.011247835701454151 0.008282517138976393 0.010895620336700112 0.007871158373498858 0.009571198227484626 0.011042791335976831 0.008615849252353652 0.013572735964917156 0.012267965032773982 0.01987523931469644 0.014700992942538058 0.009260573215397399 0.008294178873888348 0.011681175624662591 0.00748287773760606 0.008398320618563153 0.013460404055408067 0.009001794656572066 0.013157781777538123 0.006579110848196154 0.007939839609950535 0.012399104850692627 0.008577310529442335 0.007658078785645799 0.007233819123190035 0.009975725996978067 0.009321186702375703 0.008380630908358163 0.006867425114292513 0.007563333336348547
-----
100
62460
0.1
-2.6436392890341383 -2.1550224999363916 -2.219072078025627 3.2972639162276858
-2.8043013250631166 -2.2903780157060587 -2.266065483474896 3.3000541051741714
-2.7608051158736746 -2.2983934358597056 -2.4291785628652027 2.845110847774487
-2.8521649045213433 -2.638658809365325 -2.21637725652642 2.095398634466251
-2.415444447892777 -1.790965642010096 -2.173306656162303 4.594952205181615
-2.466094598137205 -2.0023816178302143 -2.218945647594653 3.511488329480057
-2.4268699561967733 -2.0472755188245295 -1.984926107161532 4.6063800782763895
-2.7496482122281227 -1.8432635644099449 -2.401709099234971 4.988425192926309
-2.434942921884933 -1.9071810146657087 -2.227660901103889 4.258882505379469
-2.7226100188398394 -1.7156705286341112 -2.44995512429789 4.775474800772685
-2.8654848546950933 -2.1059508051047002 -2.492161841657718 3.8359223419453023
-2.948820186371999 -2.2250179077056944 -2.5234019297251904 3.163957390476048
-2.803212259760345 -1.9086135199211995 -2.7762254801665422 2.0373134536313433
-2.743546240028534 -1.9264907061833743 -2.498157665750565 3.653061050125674
-2.497073700687735 -1.8358107057856523 -2.2280991600693048 4.612135236411504
-2.741600569212861 -2.3051120209933798 -2.2782965161470714 2.441906423641473
-2.3203506727935452 -2.176208934943716 -1.9117791986871278 4.160824982757983
-2.879003380496562 -1.7676052713609833 -2.7298568550972018 3.374701055845283
-2.522547896752208 -1.929169482739641 -2.2802400377082517 3.8251198969925904
-2.6213313085682177 -2.095004493331176 -2.270902930725072 3.7294699602841277
-2.5863079928901724 -2.281526688559364 -2.2416525898634148 2.154500519628322
-2.536962060705923 -2.2269341664347113 -2.116002446365476 3.1199442970495257
-2.512883944328795 -2.102928566128034 -2.028947158956984 3.885488088525931
-2.8982269708825315 -1.5851029510126051 -2.997318058526453 3.3928687929118233
-2.646936126559818 -1.955351926598767 -2.404553483071288 4.487257800952316
-2.8890987036373352 -2.0501807503387894 -2.7477448965229123 2.114347575171772
-2.9366413865365213 -2.330149203878843 -2.7354690070798577 1.3312982153175523
-2.627450744030888 -2.136160860534917 -2.1916621626234103 3.3316233059392273
-2.9572303494317413 -2.2497632944465242 -2.609197561941364 2.8124238533186023
-2.708291116429066 -2.7365608525844727 -2.19659051950933 2.021248439166797
-2.6889950803166895 -2.233664486329942 -2.1731966077389977 4.056741405370592
-2.8796822381651204 -1.9319908688578968 -2.623633301717405 3.309771752097083
-2.746814339915698 -2.413494538006095 -2.381631076881281 1.8797078971416978
-2.8414397263849374 -2.8232113192166306 -2.5705499866858394 0.9705465666811673
-2.4449742051966212 -1.6628057858563996 -2.3615007203346576 4.450777497425513
-2.928800827310517 -2.173843828667713 -2.6425417535927753 1.9867449291594395
-2.89613918237023 -2.077654083077174 -2.4982316489727356 3.7443056780971617
-2.8134502489588646 -1.7665607179902736 -2.7737668498195527 3.8835621109529264
-2.4228700124003826 -1.7347564346535944 -2.198807717751284 4.754772360971981
-2.9435643668699516 -2.031807183663128 -2.7162744921595907 2.3403606968888626
-2.896686209818711 -2.012359979220974 -2.6307825310142783 4.195873878438457
-2.6030902394488664 -2.0348409919813646 -2.2750629633374393 4.7110435556814165
-2.5741456027559777 -1.872303463836646 -2.3573538856138048 4.240072313050906
-2.8488267752448166 -2.0360443416073943 -2.3484474379877693 4.5100539886707
-2.5246077399441518 -1.948865218023054 -2.261093922493149 4.0605061503706
-2.878472494105866 -2.297251436623228 -2.1777136385951485 3.620191205660357
-2.622264234207735 -2.1828545552030456 -2.596523317091426 1.5334326983456443
-2.587756571959704 -1.9405500897405714 -2.410255693984178 3.246459457019193
-2.8876159763720484 -2.5498294804426505 -2.4347016361568654 1.6904426323327155
-2.7012285073565576 -2.0700944437610618 -2.3386619855705773 3.9275063092016773
-2.642596632398824 -1.9475809357527838 -2.4789374916562212 3.6495862647132133
-2.6879609749738886 -1.7580633686884268 -2.563916183870461 4.278074813195472
-2.6862939901909497 -2.129267863946188 -2.363295895872779 3.2714728964425475
-2.9300804449642186 -2.1613182848286305 -2.485703699885751 3.9786614948133616
-2.692190979906135 -1.8444700591441408 -2.2831432998045087 4.828947633242515
-2.9640330434465763 -2.6335188533896274 -2.4533932824015365 1.7608836253980293
-2.7238031269707834 -2.2640516434181044 -2.2556743972270805 2.3127505223739364
-2.343261166772949 -1.8613046744217967 -2.113099066965692 3.601609407236931
-2.7522924960123447 -1.9538357365973222 -2.521303150750914 3.17394012695958
-2.8002068851415767 -2.3120339484597725 -2.1032679153798752 3.296703655827726
-2.560291940364939 -2.221922872832712 -2.1835665843173526 3.037227091662823
-2.839166961853693 -2.3049109386931783 -2.5473799615581294 2.581512045393497
-2.9316398512181516 -2.6879113477503482 -2.254895450136513 2.0939572163094637
-2.766868800701861 -2.082380979483357 -2.265420798400159 3.9255172339966102
-2.8377823776337516 -1.9724896460851324 -2.4455973740139556 4.198694197621475
-2.8180864927135856 -2.325105079097668 -2.396362357755072 1.9080997762389753
-2.9078813977835347 -1.9705349360143327 -2.686507708044848 2.3236380702251815
-2.678651061836588 -1.7780111912534018 -2.3740202925672995 4.715203176824417
-2.839128552574618 -1.7598035313254325 -2.6118550992371734 4.372429004956517
-2.551752070692478 -2.339231432331113 -1.9252524726369464 3.610128980371062
-2.645780671830686 -2.2402373368147033 -2.010373786311324 4.9304764111093
-2.6113606157042457 -1.7959225492630235 -2.393502292900478 3.7775105210005346
-2.6036876230682027 -2.4877050858805405 -2.1789398817524277 2.560962561860464
-2.7950866327192143 -1.82693947599887 -2.4325625780674276 4.464031786787444
-2.5583008117895374 -2.1219191714016956 -2.2320970485007114 3.3748201439272334
-2.8052741860532078 -1.3877589649023931 -2.845046236588513 4.366102966682869
-2.616824159346444 -1.8028219869874484 -2.525365563968367 2.7703917707377994
-2.212091610506497 -1.8575808578716064 -1.9749025170147243 4.850026846407568
-2.6089308920476886 -2.0308272012320385 -2.165536076821591 3.603976124004841
-2.643928922098164 -1.4809878013540492 -2.7018070891990313 4.301071792986358
-2.639201251012471 -2.1076108328756535 -2.290231494299916 2.90237641094331
-2.912864548077752 -2.309228991774324 -2.417250563174551 3.0097521622672456
-2.3182402127405677 -1.7701877225897231 -2.0532652683677726 4.777025728008796
-2.794850362641866 -2.0757362351210293 -2.4206110613781364 3.2437130753618337
-2.9763442506443116 -1.949166024624502 -2.630407469398626 3.659202779794425
-2.6352556596748915 -2.3638112603563837 -1.9200135276374517 4.708526574462732
-2.560960239127927 -2.197594268433841 -2.089154718715574 3.3209324047036435
-2.8348602579879403 -2.017806107719033 -2.616739233221665 3.0093846655308205
-2.5210547629008375 -2.3523211987303547 -1.9455368672390638 3.904837208379864
-2.613153641383426 -2.068928863548738 -2.2073660512378663 4.6558974404447735
-2.7187687345992484 -2.152507079031686 -2.301615936303038 4.243512517357358
-2.674924144593892 -1.7463212799785852 -2.475939203021052 3.6437249190401313
-2.9877290149861486 -1.9539825603196452 -2.62020511047225 3.7269587197116003
-2.4808503756600984 -2.0651527038571182 -2.0342101689297696 4.032459866220739
-2.438193287595617 -2.2560617895364294 -1.9928071375128038 3.5644830079391205
-2.7712363527106483 -2.0994585779354566 -2.2985330085373623 4.272735095352799
-2.5867914738460662 -2.16117897776819 -2.1623299734821178 3.4844186568638253
-2.810869266948817 -1.8836628233542076 -2.493204307799287 3.5158560688597067
-2.6343339689209198 -2.0696820573099446 -2.251284219581437 4.662837884872976
-2.949930566346534 -2.0678388700801205 -2.6555143652057147 3.078210807846869
0.09152542372881356 0.05423728813559325 0.07118644067796615 0.09830508474576277 0.09491525423728814 0.08474576271186446 0.07796610169491527 0.0847457627118644 0.08135593220338977 0.0983050847457626 0.09152542372881356 0.07796610169491525 0.05084745762711866 0.0474576271186441 0.09152542372881356 0.0949152542372882 0.07457627118644072 0.07118644067796612 0.09152542372881356 0.0847457627118644 0.09830508474576272 0.05423728813559325 0.07796610169491526 0.09491525423728808 0.09830508474576272 0.09152542372881362 0.09491525423728814 0.08813559322033901 0.0847457627118644 0.09830508474576272 0.09152542372881356 0.050847457627118633 0.09491525423728808 0.08813559322033893 0.08813559322033893 0.06440677966101704 0.09830508474576272 0.08135593220338988 0.09830508474576272 0.07796610169491525 0.0949152542372882 0.08813559322033893 0.09152542372881356 0.08474576271186443 0.07118644067796615 0.09491525423728814 0.09152542372881356 0.08813559322033898 0.07796610169491525 0.054237288135593226 0.08813559322033904 0.09830508474576272 0.09491525423728814 0.06440677966101693 0.07118644067796615 0.07796610169491536 0.09830508474576272 0.08813559322033904 0.09830508474576272 0.0847457627118644 0.06101694915254241 0.07118644067796609 0.08813559322033898 0.06779661016949157 0.07457627118644072 0.0779661016949153 0.08474576271186443 0.06779661016949157 0.08813559322033898 0.09830508474576272 0.07457627118644067 0.0847457627118644 0.0745762711864407 0.09491525423728812 0.057627118644067776 0.0847457627118644 0.05762711864406783 0.08813559322033898 0.08813559322033904 0.0983050847457626 0.09152542372881356 0.09830508474576269 0.07796610169491525 0.06101694915254241 0.0610169491525423 0.09830508474576272 0.09152542372881359 0.0949152542372882 0.09152542372881356 0.06779661016949157 0.08135593220338977 0.08474576271186442 0.09491525423728814 0.06101694915254241 0.07796610169491525 0.09830508474576272 0.08135593220338982 0.08813559322033904 0.054237288135593226 0.08474576271186442
0.008131765323408912 0.0085422414963731 0.00931499158516183 0.010665943192086254 0.009225820179422308 0.007965735925354085 0.009087078523476413 0.01185155743963964 0.008616617003944923 0.011323753033042002 0.00978918648007204 0.009954309148988434 0.013004824945365416 0.009357884968585369 0.009416150634353434 0.009189278500718375 0.008409805123802492 0.01152324006586088 0.008281169651629667 0.008299305647207692 0.00948628452837929 0.008070806527594785 0.008043832557426878 0.016551135420831 0.009999000019476869 0.0127274426443526 0.015463486856944236 0.008058207717248633 0.010842703070321926 0.011003100221463818 0.008544207374476701 0.010378934817224182 0.010813189210309814 0.01777321014132802 0.009617610402019357 0.012057515934802476 0.009752351597071173 0.012552201926409087 0.009773574999702722 0.01207079275798174 0.011658688636429007 0.009962851362958164 0.009129247231103156 0.010057462252129189 0.008464182460610557 0.00851132699812949 0.012450572014312874 0.008608641188626006 0.012176402965599619 0.008770038878756962 0.009135026592537485 0.010706983617204433 0.008570627827708857 0.010122681620930449 0.01045891093550662 0.012537968087765063 0.009291345061509646 0.007870948377755581 0.009381883053920587 0.008323071249592974 0.0081727771598263 0.010404630724199835 0.011037366517594495 0.008584036367572071 0.009867175506659673 0.010709018690502734 0.0116524164562305 0.010524896496197249 0.011643824230911537 0.008263985679771817 0.010374194384459023 0.008756183548920214 0.00906973698398672 0.010287207461838779 0.008068997619960766 0.015337629022686901 0.00947685565934428 0.009767652486589916 0.007995291368838524 0.012430337532034659 0.008424636336122407 0.009393877575637892 0.009590172035716502 0.008906914984066025 0.010858271420584913 0.009894737237345677 0.007981432345727941 0.010298189767305144 0.008351428598574429 0.0095882273894069 0.009164141891238832 0.009169447029767097 0.010855080205103887 0.008138269662021098 0.008001987587448477 0.009219644308062708 0.008004797795684152 0.009324557046344467 0.009777259295711622 0.01091360558305849
