4
100 100 100
910 11265 38066
0.8 0.4 0.1
-----
100
910
0.8
2.3366801380539695 0.014038689861323839 -2.114518326861407 2.634881482323441
2.2653128963876634 -2.728361483267035 -2.290992166490375 4.049572551707038
-0.40728038003663247 -1.6027863086016616 -2.5511743485947815 1.3760268669958675
1.7057594853223303 2.418949621643973 -2.709614179749838 4.63832950049512
2.3973794666715076 1.8134048673090941 -2.618975793282224 1.0869312374346096
1.203389030345969 -0.06515258347794672 -2.2745704080452236 4.555900159908054
1.3150373010304275 -0.4984863434266842 -2.138717232174126 3.4375750509288383
1.7138828628000633 -0.2770695297297632 -2.293552803719481 3.818957188794996
2.98723736947138 0.8025529148646715 -1.8998179488033908 3.647551324626691
1.14251089806553 -2.7236815472352416 -2.2174713656587164 2.27973075051352
-0.05594542066853814 -0.5616585710517867 -2.23730251778894 4.553245111198652
1.5499263588994143 -1.1987226846803147 -2.522566489855937 2.5219774481378954
1.1266229535607453 0.38246342861393234 -2.862584517933822 1.538308214954185
0.8360447072614994 -1.3737730073300267 -2.518935242339763 1.7897275303531635
-1.3097735847730925 -0.211295021337226 -2.8097504578409693 4.890012395566999
2.4309362779590042 -0.7753970540093804 -2.3413393408241747 2.271963043411459
2.608190098226814 2.1918372282258467 -2.360128875572635 2.305309681913755
-1.1644607731380137 -1.48374183567931 -2.581771833899521 4.040798478223415
-2.922265611632316 -2.670997492535106 -2.1896974499504305 3.04594876214497
-2.1335771260724568 -2.504867343184418 -2.3750585768949772 4.278796501671715
2.3489377629300447 -0.7148589572464967 -2.055637291204019 3.0246068561641537
-1.2292723464264808 -0.6579133006247684 -2.736259540032242 2.4704156897393217
2.9667943185437817 2.672346018921778 -2.498307066435681 4.357012813904355
1.9402615203568097 -0.7303507907394478 -1.8984819955358896 4.892107577475463
1.2771145508501451 -0.5332209318896095 -2.472941349721027 2.0587254527744236
-1.087359785009725 -2.972356706733438 -2.2191178423980746 2.1824681032542372
-1.1694155515602374 -2.5263092754311334 -2.2993022483864234 4.616282695429178
0.821483526986277 0.34722706025794015 -2.6102802272151875 2.2309608775841294
1.3248755293040428 1.069136506442117 -2.470513606494919 2.279488742658237
1.5558548200444697 -2.9009927548254772 -2.580633344542502 1.8618408710299839
2.454196250073359 -2.8202441792337485 -2.924235532459385 0.8607086163091715
0.36493678613002256 -2.2521040243135055 -2.442890653241724 2.3052672003836516
1.9220426445601992 1.7808396656620227 -2.8384067767511807 2.3200003437572425
-0.03594083365184453 -0.6063451170868284 -2.9731073545566646 0.6959835731712682
-0.044849448505515976 0.05934197218060788 -2.5622776879794413 1.6700787141473228
2.4713563274783557 2.9206624884912724 -2.626144237635168 3.8070299691003475
-2.8718487233604377 -2.4789499070541754 -2.688452385271222 4.650380438552992
-1.4845396400032702 -2.0123829922927037 -2.567663380723028 1.560372963982607
-0.10304746644413987 -0.69491652563979 -2.1497398239223053 4.851769265011753
1.931111448274324 0.10483873043183012 -2.0917007469578506 4.563739384758174
2.0883946603250774 -0.7530933407597198 -2.0750924827826136 2.809411554181931
0.06542095364264044 -0.018367001030684893 -2.9765717666551987 1.1204599763524603
2.2135191662682594 0.6043140874012689 -2.3781148444978006 2.550839754649666
1.4503756320876207 -1.6641521728191075 -2.0494930794371444 4.114361467401242
1.5176168884355725 -2.6392150948315884 -2.674903949423343 1.3838471445183476
0.6905775937124305 -2.3359546687377852 -2.1279210945620797 4.913859174934839
0.10278381317492968 -1.2296690492627773 -2.3787201154324578 4.340104026087037
2.9807599617221596 -0.6483801887971063 -2.337369919720577 1.763598345952181
1.5258143547791558 -0.08853913490129717 -2.2520653260823913 4.090597629316899
0.7162911102568041 -2.0238578915947842 -2.12872799646491 2.793222684812723
-2.550517935804003 -2.3913205781643696 -1.9279773465512817 3.488149328075653
2.0558888862192157 -2.3749201472999526 -2.372190289643613 4.043547265396698
2.544354157617777 -2.947225628325701 -2.2724571278775043 2.8139432612702473
2.519416250896896 -2.023836393645401 -2.1384805082644744 2.491399621430671
-0.05002323781938589 -1.5263157396565505 -2.7529655963174804 0.507539498033388
-0.3257248332355527 -0.21905395619479462 -2.047569631077961 4.4647399806767165
-2.0396334663945934 -2.035274129304136 -2.857183847990906 2.221589230307368
2.4979489967115356 -0.7214910462320394 -2.675835717517753 1.787541469134053
-1.5918740242350782 -2.941498237053124 -2.6155600384437907 2.6687787028010557
0.5442052611210095 -0.07994785855813635 -2.0987313134971557 4.428857727345341
-2.204017827191933 -2.678917410170661 -2.6356817729710125 2.9879539448740786
1.3984955387559843 0.7788251193677014 -2.8945422763668827 0.9543456522369154
1.3350554198825222 -2.7545841082900018 -2.9386084195454427 0.6776546879181411
2.7042322288538685 0.28393436666736127 -1.8645081189887933 4.329457193354859
2.8466702745146026 2.4525213519655242 -2.0916682249489567 4.46874839518005
-0.6853707625134526 -0.21398953263771014 -2.7273541881707333 1.8617178029743653
-1.006015951100066 -2.4010696837665404 -1.962321884567214 4.057438843939009
2.5995963063584266 2.2460381253013786 -2.7414022832748888 1.0882202867617585
2.484809616784755 2.0365932758570677 -2.4605905286842296 2.863337392568254
2.7931529585459893 1.498454224033594 -1.7674894919228574 4.378404271252379
1.9571911111411477 0.4997413826527515 -1.9942135196258963 3.352986602899829
1.1629940290281189 -1.9899746368687854 -2.994778897827202 0.3223406439415455
1.6621047986720239 -0.8074918737652585 -2.305005742195707 4.300211078444612
-0.10337510928793048 -0.841586842807208 -1.985296680101977 4.032123028840886
2.379973630165691 -2.2416776010989983 -1.7918838412217482 4.3977054504510615
2.439264055287536 1.864993784881685 -2.062899591955726 3.5242680341302277
-1.7168157732088352 -2.339560026748167 -2.699595625857862 2.796783984791631
1.5817785901310106 -0.9829917017750724 -1.9168080177887883 3.6345776263484932
0.049075741353379776 -0.3020002760363458 -2.18414038964681 4.4749279841301295
-2.051068214058056 -2.383361954543067 -2.000232285810848 4.225463779260985
2.1200378387924967 2.0545820464724294 -2.339792360456659 3.5772642263220233
-0.491280977113258 -1.0348293970685614 -2.3271328285657957 2.24649109559833
-1.6246089392093257 -1.5877758485302795 -2.846186607021707 3.4719761426546736
1.591627994904691 -0.28867668940397806 -2.0106669850448506 4.621141213325265
-0.7074682573930211 -0.21111983739536244 -2.8447027856406337 2.5824063116800486
1.1092463261854801 0.06951643508960892 -1.7761308791896178 4.743321129115005
0.016801371034895762 -2.808980883828025 -2.401697957635252 1.4878149903119076
-0.09070880587095775 0.492540574240667 -2.886493573973282 3.786145096707206
0.6842080670520669 -1.7217805496322471 -2.475849814809758 2.2111644291749477
1.5842797088345613 -0.19846152133700024 -2.5477118008369253 2.695131812600997
-2.2564420285615063 -2.2924197166804117 -2.258397942752644 4.6820773555495325
2.3276962032499657 -0.6820979693254303 -2.3236744249657137 4.662427787334286
2.0432788346772437 -1.9412922019513839 -2.442398951333792 1.1025124486631421
-0.6721347575685193 -2.1066297784484482 -2.5400927748517597 1.5657120649212086
-0.8421791110184613 -0.6399493442992927 -2.8186713988859093 3.864995969245628
2.8181374196301974 -1.3683711778424912 -2.180611051020237 2.7423088192570697
0.9864222383079744 -0.6330574209912134 -2.89140577482016 0.9141461267317064
-0.4377963392084818 -0.9615132260491426 -2.726135188661278 1.4168241694041916
1.593779197831073 1.0520776129151175 -2.7156892574875107 1.5137497883809004
1.7829385386890788 -2.47544314166446 -2.198760593358974 2.5004113884321844
0.7016949152542373 0.6576271186440679 0.5288135593220339 0.6203389830508474 0.7084745762711864 0.6711864406779662 0.4915254237288135 0.6067796610169492 0.7457627118644068 0.6542372881355932 0.48135593220338985 0.7016949152542373 0.7796610169491526 0.49491525423728816 0.7728813559322034 0.4813559322033899 0.6745762711864407 0.7457627118644068 0.6542372881355932 0.3288135593220339 0.6915254237288135 0.7016949152542373 0.7694915254237288 0.5966101694915255 0.5016949152542374 0.6779661016949152 0.6915254237288135 0.576271186440678 0.5457627118644068 0.6033898305084746 0.6372881355932203 0.535593220338983 0.7694915254237288 0.48813559322033906 0.7864406779661017 0.6542372881355932 0.17966101694915254 0.4847457627118644 0.4067796610169492 0.43050847457627117 0.6949152542372881 0.4847457627118644 0.49491525423728816 0.49491525423728816 0.5661016949152542 0.5084745762711865 0.7796610169491526 0.6440677966101696 0.5830508474576271 0.6203389830508474 0.7796610169491526 0.7661016949152543 0.4474576271186441 0.6949152542372881 0.7898305084745763 0.7932203389830509 0.5152542372881357 0.7220338983050848 0.7661016949152543 0.5016949152542374 0.5016949152542374 0.5254237288135594 0.5152542372881356 0.7016949152542373 0.6033898305084746 0.7898305084745763 0.6474576271186441 0.6440677966101696 0.49491525423728816 0.7864406779661017 0.7152542372881356 0.7661016949152543 0.705084745762712 0.6847457627118644 0.7694915254237289 0.7220338983050847 0.7864406779661017 0.728813559322034 0.4813559322033899 0.6135593220338983 0.5525423728813559 0.6406779661016949 0.7457627118644068 0.4983050847457627 0.5016949152542374 0.7830508474576272 0.6677966101694917 0.49491525423728816 0.535593220338983 0.7694915254237289 0.2915254237288135 0.7830508474576271 0.7559322033898306 0.4677966101694915 0.7627118644067796 0.552542372881356 0.5966101694915255 0.4711864406779661 0.5084745762711865 0.5864406779661018
0.009999999999999997 0.009999999999999997 0.009999999999999997 0.009999999999999997 0.009999999999999997 0.009999999999999997 0.009999999999999997 0.009999999999999997 0.009999999999999997 0.009999999999999997 0.009999999999999997 0.009999999999999997 0.009999999999999997 0.009999999999999997 0.009999999999999997 0.009999999999999997 0.009999999999999997 0.009999999999999997 0.009999999999999997 0.009999999999999997 0.009999999999999997 0.009999999999999997 0.009999999999999997 0.009999999999999997 0.009999999999999997 0.009999999999999997 0.009999999999999997 0.009999999999999997 0.009999999999999997 0.009999999999999997 0.009999999999999997 0.009999999999999997 0.009999999999999997 0.009999999999999997 0.009999999999999997 0.009999999999999997 0.009999999999999997 0.009999999999999997 0.009999999999999997 0.009999999999999997 0.009999999999999997 0.009999999999999997 0.009999999999999997 0.009999999999999997 0.009999999999999997 0.009999999999999997 0.009999999999999997 0.009999999999999997 0.009999999999999997 0.009999999999999997 0.009999999999999997 0.009999999999999997 0.009999999999999997 0.009999999999999997 0.009999999999999997 0.009999999999999997 0.009999999999999997 0.009999999999999997 0.009999999999999997 0.009999999999999997 0.009999999999999997 0.009999999999999997 0.009999999999999997 0.009999999999999997 0.009999999999999997 0.009999999999999997 0.009999999999999997 0.009999999999999997 0.009999999999999997 0.009999999999999997 0.009999999999999997 0.009999999999999997 0.009999999999999997 0.009999999999999997 0.009999999999999997 0.009999999999999997 0.009999999999999997 0.009999999999999997 0.009999999999999997 0.009999999999999997 0.009999999999999997 0.009999999999999997 0.009999999999999997 0.009999999999999997 0.009999999999999997 0.009999999999999997 0.009999999999999997 0.009999999999999997 0.009999999999999997 0.009999999999999997 0.009999999999999997 0.009999999999999997 0.009999999999999997 0.009999999999999997 0.009999999999999997 0.009999999999999997 0.009999999999999997 0.009999999999999997 0.009999999999999997 0.009999999999999997
-----
100
11265
0.4
-2.5710575554359556 -2.9738447060422093 -2.392650415103831 3.9837268914514086
-1.8544672830911204 -2.1108544309213886 -2.2382928703487712 4.099058736002869
-2.2608900090937594 -2.7497611196811067 -2.7292739105253165 1.4269887208559906
-2.2398802372115014 -2.6194687938523455 -2.336285766527309 4.373019694481334
-0.99450826049134 -1.3124435727822261 -2.449622175648555 2.9195067166509636
-2.3883588142779013 -2.502192686321277 -2.644637884060413 1.8632829919302578
-2.2990918421229054 -2.9225284696297367 -2.567618376042207 2.5138790567984763
-2.2913873802301334 -2.5196196789927963 -2.5295957248037744 3.3144514026702794
-2.0526081002374053 -2.976477537844982 -2.4913331608281477 2.14202565796317
-2.0607299097658887 -1.971037103390065 -2.688690790620652 2.5448342300728273
-1.1857479990306257 -1.3687376269897467 -2.444347268359468 3.2332317597819706
-2.9444256274097325 -2.719667172912757 -2.650176760751099 3.7465296069763823
-2.2741543849640244 -2.3897001720804747 -2.283948476114008 4.026043017385633
-2.142095134722209 -2.793267560736186 -2.269851261650715 4.649167113635375
-2.837419667681823 -2.1471394224904827 -2.777828487554684 3.9714407049051097
-1.6027413752252313 -1.7251332227700282 -2.39796201522798 4.26668923152797
-1.7796019006257433 -1.8872803793438044 -2.8006182336833563 1.6368351299834938
-1.3882143839230674 -1.8282446308488027 -2.6309718381376173 1.7311043988693622
-2.2199546961297756 -2.592097156671266 -2.327291967276355 3.120250250925172
-1.9909735068987682 -1.8299780922258657 -2.4456519946811026 4.785991715523768
-2.2006365410213347 -2.3108471374379747 -2.763904340355132 1.8903103394790297
-2.619694011151373 -2.799970687825557 -2.6564636953980094 1.6169704884541012
-2.2899715183388696 -2.639377243103993 -2.4934422632458615 2.708450119461138
-2.0368390000063648 -2.4017884684139146 -2.2304987170635733 4.717831890731035
-2.162852091349384 -2.268488656287199 -2.513305541323223 3.3364879982507585
-2.6062502072601594 -1.9361402818635687 -2.9287652386908953 2.783102161055611
-2.5116719446132363 -2.589314550778337 -2.2951159596598405 4.281664331089053
-2.857153371496162 -2.9139588341148572 -2.928420841229425 1.9866606223353978
-1.4940708475009612 -1.5853144479710597 -2.460348572464005 3.5586703683729777
-1.4924940773400979 -2.1828781222062084 -2.176981717102215 4.568012056009582
-1.84820318254644 -2.32194001048996 -2.31737719303836 3.391557849800809
-2.194242989424874 -2.9943079974772435 -2.1775371880361645 4.231796521172161
-1.0083489983047305 -0.14585184354608638 -2.9609010962207702 4.903574906880235
-1.9783537387073267 -2.352916284025813 -2.553371324906548 2.867080489803101
-1.659911882374941 -2.0184108497001763 -2.3553176072370126 4.121927697810086
-1.9664224146370264 -2.5623892986402796 -2.2711081851913604 3.8365216450579727
-1.341347197218576 -1.5922527303218774 -2.3469479378268847 3.9181531745552407
-2.9391981491399233 -2.695931366625365 -2.357519245919098 3.32861304601358
-2.850120187522004 -2.932883158231556 -2.7778233841044107 1.1163970092027449
-2.299037175068307 -2.083946382735681 -2.4939282038384456 4.721614974963073
-2.996586784525802 -2.9456807802386935 -2.6678119447688378 2.9029439734022926
-2.2941823173625275 -1.7361583504217402 -2.782541266507864 3.572759913631845
-2.4002047046585027 -2.273490082713314 -2.231222342857741 4.726354449043927
-2.1365644300266897 -2.6585082879745134 -2.3481102316732185 3.5193849802311785
-2.027491362710408 -1.912380926532772 -2.688979391174361 3.595600175756047
-2.955483233768566 -2.57681875344442 -2.7533402273752 2.297398038916338
-1.5334401128911979 -1.9373858186515494 -2.494451619376009 2.4584384274148428
-2.186210370521057 -2.8972688779794638 -2.318337566231257 3.8635673528245933
-2.3641168402854587 -1.825489011782266 -2.827049946744812 3.56946976124819
-1.5384958513420421 -1.1638420654774084 -2.5296869917006295 4.535495280133467
-2.849669115572208 -2.9749391006324197 -2.472503398125106 4.770680635721445
-1.8766149979812559 -1.6027624488640158 -2.5112574843140587 4.801280046304132
-2.4848880359015593 -2.7465273153542396 -2.713446393128526 1.8275372872778481
-1.593242646248795 -1.975445184433866 -2.2813617233975987 4.02524005929809
-2.9207169636513752 -2.6383470154072297 -2.826971728499436 4.629956550269201
-1.6291744728575597 -1.6758538235824068 -2.557972255698909 3.247752521412179
-2.8727102377198572 -2.3391550347066143 -2.775757443899388 4.7766810035537315
-2.5768939123772228 -2.4680580133953596 -2.5540685064213235 4.039896224156953
-2.236784537556892 -1.9365412270305102 -2.755885063983942 3.8971177088202182
-2.4294123545233997 -2.9090724596291344 -2.817573554856134 1.303585079570257
-2.8325742481997667 -2.858571147939661 -2.754659373338497 3.333691170783366
-2.2974846225745313 -1.9212294535490362 -2.4174426341533164 4.988229904512621
-2.7938594799834484 -2.108763564801582 -2.576016956923623 4.262243410396402
-2.5589069249768563 -2.3423853364159886 -2.4966374986604394 4.351236197412696
-1.7496367874265135 -1.5767143801877364 -2.467350322035878 3.9669069231037306
-2.322740885024597 -2.58942156361881 -2.5882594732220006 2.3762684291861467
-1.9456585576263574 -1.440086896079123 -2.641817073887216 4.8543173354712295
-2.393344697982757 -2.8513128255300684 -2.2220738918248464 4.4150278999179084
-0.9702405209845664 -1.6989413237097901 -2.0948367304177475 4.952694601602739
-2.224813919382476 -1.9423903814651566 -2.457051580372989 3.870505840523768
-2.8796634330625754 -2.622191796932251 -2.7781430049610942 3.5536952016844134
-1.5370994727646865 -1.7197534143348976 -2.6663439998009246 1.825164292881881
-0.7958636740206853 -1.073596848119616 -2.3173007825297627 3.947947623101665
-1.7486723245575735 -2.522567881570936 -2.1590934574072396 4.975393786833916
-2.027008785492464 -1.9642854729473613 -2.9185809904903 1.391709104868701
-2.413508486082142 -2.528142803079766 -2.431018339755917 2.6522882021140193
-2.0842157006460518 -1.4366125361968112 -2.834159173319274 4.425407836035882
-1.7976808228785632 -1.7893764190094257 -2.485287626415742 4.50980275147651
-2.9470194256590183 -2.873474746443981 -2.6762242078920315 3.127051030092281
-2.4162398934749905 -2.2345748380322155 -2.4806249156439995 3.469064827467694
-2.7569313899731447 -2.8905816431777316 -2.7521741701767937 1.2288193508401462
-2.0725407849408986 -1.7784857646745322 -2.9620957998471056 1.6121482362759636
-2.516753207330723 -2.356012907595581 -2.7029442819446134 2.324349435711918
-1.1095508573759583 -1.1307508893249452 -2.4490063432855274 4.1572850037512685
-1.8140397413644629 -2.0834214152639174 -2.5160724475508123 2.293372169934444
-2.8186754574292783 -2.553039998618309 -2.9936673655108264 1.6559368176720435
-2.578066327818307 -2.2922699039212318 -2.7442796367637903 3.5948866767993244
-1.9445870335829778 -1.5447921477780793 -2.6585322049618645 3.4143111630566705
-2.6939231987560595 -2.657704384259946 -2.790875724190587 2.6632745927879564
-2.0652172235080632 -2.2169529772283108 -2.6137644844309555 2.7272683368657296
-2.2167374158996402 -1.8644329207280586 -2.587733457996194 3.7489165417751273
-1.6778294459136487 -1.5263262146974017 -2.5545526803115606 3.078755774485842
-1.3695771405891504 -1.5950078025117667 -2.6333606543273835 2.100221208714029
-1.5163380255324412 -1.6211746231516195 -2.353419767582424 4.917613195164799
-1.8112001006205953 -1.5287970868415075 -2.7266549419473485 3.256267085819932
-2.0052216167637154 -2.8595686695195726 -2.3314454662474624 3.4770382437772
-1.746106488403449 -2.3293386428648692 -2.3198862660705872 3.548926241723396
-1.9336651523566297 -1.6246029100572488 -2.6095052806151773 3.0969132820371312
-1.9365190302404498 -1.7893794392060087 -2.5416303550385644 3.613688694880346
-2.9921458620410153 -2.2465004598474616 -2.7883456232489627 3.74768534396057
0.3288135593220339 0.3830508474576272 0.3152542372881356 0.3152542372881356 0.3966101694915254 0.311864406779661 0.376271186440678 0.39322033898305087 0.36271186440677966 0.19661016949152543 0.3559322033898305 0.12542372881355934 0.28135593220338984 0.3254237288135593 0.3525423728813559 0.2983050847457627 0.3728813559322034 0.3728813559322034 0.3389830508474577 0.21355932203389838 0.3254237288135593 0.3525423728813559 0.23389830508474585 0.2677966101694915 0.22711864406779664 0.3830508474576271 0.23728813559322026 0.22372881355932206 0.3457627118644068 0.34237288135593225 0.33220338983050857 0.33220338983050846 0.3864406779661017 0.39322033898305087 0.38305084745762713 0.3016949152542373 0.30847457627118646 0.39661016949152544 0.39322033898305087 0.14237288135593218 0.06779661016949157 0.3254237288135593 0.3457627118644069 0.25084745762711863 0.3593220338983051 0.26101694915254237 0.36271186440677966 0.29830508474576267 0.2169491525423728 0.37966101694915255 0.37627118644067803 0.2169491525423729 0.3254237288135593 0.30508474576271183 0.1932203389830508 0.3593220338983051 0.1016949152542373 0.16610169491525423 0.3491525423728814 0.3694915254237288 0.3796610169491525 0.3966101694915254 0.376271186440678 0.11864406779661019 0.3627118644067797 0.22372881355932206 0.24406779661016953 0.2677966101694915 0.3830508474576272 0.3728813559322034 0.21355932203389832 0.38983050847457634 0.3932203389830508 0.3423728813559322 0.27118644067796605 0.3593220338983051 0.3050847457627119 0.3525423728813559 0.14915254237288134 0.24745762711864405 0.36610169491525424 0.3355932203389831 0.23728813559322037 0.3898305084745763 0.3694915254237289 0.14915254237288134 0.1491525423728814 0.35254237288135604 0.3694915254237288 0.2677966101694915 0.35593220338983056 0.38983050847457634 0.3864406779661017 0.3016949152542373 0.3050847457627119 0.36610169491525424 0.3559322033898305 0.3864406779661017 0.3016949152542373 0.29491525423728815
0.010611183335188006 0.008384979374742293 0.011907221798094234 0.009861434526934793 0.006017593783513969 0.010373056054151777 0.009662650648823972 0.008686628467634011 0.009560843494165272 0.008301294589745043 0.006254735042809149 0.011746549211701958 0.009254143806131732 0.010799551039758475 0.012215523659423681 0.00767787282634984 0.009170677410518743 0.007471056734013288 0.008808669871775551 0.0095999221132602 0.01007691329222426 0.012552686762165087 0.008921946416387282 0.010272307100425883 0.008137179594855234 0.012253079938507529 0.010478536951949408 0.01637230764588174 0.00678341731429261 0.00883499721614854 0.007774981288674603 0.010963150718536277 0.015495421398153268 0.007877604275324804 0.007698229795580497 0.008635096942737628 0.006884508264962004 0.010951018278961765 0.017455193172112794 0.010366784198404765 0.012246347158449668 0.009729849917354934 0.011136042995228019 0.008664601509561925 0.00846522082572953 0.012644624109967988 0.006961868223321672 0.00948607388686576 0.010428096050331412 0.0083683780915837 0.013632477682732042 0.009539347995342633 0.011587387613366805 0.007605685636580283 0.01636902691914136 0.006964455019444141 0.015276933056328237 0.010079789983580759 0.009866354483720785 0.014354740703726597 0.01220255868504248 0.011034302548061484 0.010931941583910658 0.01031136877663507 0.007532268485893441 0.009335874771196212 0.010629307268817298 0.01124776062288855 0.009061958458168045 0.008393601452976848 0.012357531819638109 0.007656653013393283 0.006332304928338415 0.011022794050001878 0.011696316193213516 0.009210858411629223 0.011648509896538095 0.008577164791612316 0.011873385411594613 0.00870677053805019 0.01577118336421842 0.011852253869211744 0.010131224935467744 0.006898240389767509 0.007662360383543177 0.01755368031563103 0.010517265314539255 0.007912595555532644 0.011659107939649927 0.00811433125988735 0.008496456335278211 0.0069855570881568185 0.006978267770807098 0.00894786947493654 0.007937043839857836 0.008737043688431848 0.007643288286519876 0.007567399855742321 0.0076602193714196 0.01265312903642097
-----
100
38066
0.1
-2.935764897930371 -2.936991070162054 -2.650642825287826 3.1160828514832324
-2.68343303408169 -2.420137010063374 -2.512248760196955 4.781254560047005
-2.968508497094641 -2.1597467017346825 -2.8324773080574417 4.995240578579682
-2.928053819452112 -2.6288519265467354 -2.778869236967449 3.119979327254528
-2.962907717565237 -2.9675345697378983 -2.5418647012377695 3.931511111983686
-2.625573602816124 -1.9727447133588625 -2.825162894062117 4.9709595636591155
-2.938535173433223 -2.764638995695293 -2.650326537340555 3.1993234587581494
-2.5892334909038324 -2.3089654096600563 -2.7813148988613445 2.846812236057771
-2.655757606277607 -2.394527540797106 -2.5626072880597244 4.617925653954749
-2.5377612645398866 -2.12926585213826 -2.6565285946655632 4.042281772698317
-2.8164824834831097 -2.3470777852578126 -2.749606757265335 4.263994927801033
-2.779971327475624 -2.246863457715121 -2.7769935247468793 4.085688188083624
-2.84136669610056 -2.479265423493466 -2.646680867860377 4.291869910810485
-2.802583490952011 -2.3436873595395284 -2.77953848904862 3.942804125656062
-2.8591433251476865 -2.2971289597800433 -2.8918704256870833 3.4094047219506027
-2.8704693815396864 -2.3732990289667404 -2.733275932304308 4.385905197180939
-2.6600481167366716 -2.0579233820941356 -2.850507610671533 4.530136211420546
-2.764527810444404 -2.232118263780552 -2.7957293716925555 4.021590641019669
-2.9239543817031604 -2.4365108919300913 -2.8863595555471555 3.0679123130517607
-2.7362578873168535 -2.458092848063045 -2.5161411059720766 4.4851926932391395
-2.8414595975506276 -2.442528601865939 -2.610824947349355 4.94097301592409
-2.719612022561519 -2.381599293251693 -2.692272413764821 4.045758096209761
-2.6751510355667714 -2.1017127229274166 -2.9234558521302687 3.9766965309956457
-2.7427632008801317 -2.22252758356761 -2.8064515553031457 3.988735776183323
-2.8906729027608495 -2.6954974243035377 -2.781469569611329 2.5039959532426614
-2.976605277669386 -2.667614694088908 -2.7958890801141 3.391552203334764
-2.6042171403378376 -2.3333193614285768 -2.6201254746655325 4.5279159792684975
-2.995991739913058 -2.3900317603846117 -2.8645520709673087 3.85539665818467
-2.624219987530878 -2.3747134047480203 -2.6989815178336007 3.854360245455203
-2.5608235674317363 -2.332220200392279 -2.5537271679992415 4.788932434034876
-2.781424748772109 -2.592742736295037 -2.663391425934143 4.210807758472295
-2.9244893036643846 -2.3783858824745514 -2.970128153546645 3.0925595166969506
-2.93154796593681 -2.7830005509528397 -2.7271316338957377 3.901861974016673
-2.630849782807169 -2.3545288552526884 -2.6075846826396774 4.8931422547227985
-2.848549980615132 -2.429944483084817 -2.6043687402101496 4.791593549220858
-2.5331710897985458 -2.4092322150548573 -2.526778804813569 4.168067489462622
-2.95575354126561 -2.5308200953468 -2.7832531396416815 2.8405613172058097
-2.773281754256259 -2.4380155017640757 -2.6157950888077024 4.667686918054981
-2.464718679857493 -2.1196125913054504 -2.613163901994059 4.663306227521183
-2.708600121788279 -2.389572019638554 -2.6909819780914037 3.7177531334691283
-2.8709295730497173 -2.7373458155512096 -2.6809603460073665 3.2475618140483533
-2.9777916643940574 -2.8623276960254085 -2.612028759416926 3.1453605826762905
-2.7405064197080136 -2.3756667269269878 -2.617034232550347 4.55647344666304
-2.5817102423413067 -2.537596355545561 -2.6129298767200564 3.45508574279528
-2.810171445578355 -2.269711688988912 -2.743410066211842 4.420213888792241
-2.735641836728038 -2.1827368116769805 -2.8321232221900248 4.383268112024411
-2.746843325116692 -2.1302148669340455 -2.861145629160933 4.277787904210272
-2.828012364657709 -2.605030815408715 -2.7948148095348753 3.122593448616646
-2.872424002056095 -2.8774155866020896 -2.4445280517021106 4.587005414079167
-2.876661722406551 -2.241541746261543 -2.9826111004386697 3.510928812536549
-2.758793770304239 -2.1092098371357877 -2.8836188334807606 4.211969282912075
-2.9751717353527734 -2.7237140087021476 -2.5208133910933483 4.259729699784931
-2.8850372316045965 -2.8286869862793926 -2.459392173405632 4.130993270289069
-2.6420758409087886 -2.3121121884508007 -2.605179389154134 4.320127630753106
-2.6713688048008644 -2.5604574808827305 -2.5564806595138556 3.7370575795180123
-2.7506869711155404 -2.1713662171683614 -2.9109356181288812 3.2963292093749015
-2.9433896549238434 -2.2914438986490815 -2.9428399372337504 3.8039789337602006
-2.693573997641528 -2.125760485241059 -2.778363968201623 4.594549446142007
-2.910895932449068 -2.4401324139079703 -2.887223420695441 2.8735764469470917
-2.864083629322163 -2.4411333846418635 -2.8718072222771798 3.3040164472728133
-2.7149595808705387 -2.4171580594454403 -2.6233753789426766 4.838526485793454
-2.9333354263870177 -2.6716638190522284 -2.548140674276597 4.2961715465884165
-2.8585895136363493 -2.2286653689145517 -2.768439923623913 4.634359783798378
-2.915437905823545 -2.346007285926921 -2.850352689516348 3.6901651819608383
-2.655624152290074 -2.6679075643481958 -2.554801553050898 3.6055709292073166
-2.7944746233221367 -2.532633788927413 -2.6037898031274294 4.296154956651755
-2.8535713651936074 -2.323587812033514 -2.830852197175962 3.9405829746507273
-2.7132847105524274 -2.249019336755442 -2.8601918259561767 2.9433703846141226
-2.9912917378192185 -2.461576846246928 -2.762024130891343 4.253963107289981
-2.6223701966046304 -2.3390449739818044 -2.598607346768199 4.650869600072015
-2.7721920548991976 -2.569302875935501 -2.6115594233688966 3.7396327823827664
-2.820467409845202 -2.1659538329728494 -2.8840740147348125 4.174093844558538
-2.9383978790565615 -2.3872728703147628 -2.7405050959298567 4.924214114628851
-2.8685641861129687 -2.4179315231281193 -2.754831215091978 3.9699260452622607
-2.894894719896202 -2.3918865675784113 -2.7057932714859807 4.14503464504437
-2.6056010401006393 -2.1744286475867898 -2.671856061056164 3.796455777369859
-2.9470400087552306 -2.6242530863298525 -2.5463219340756296 4.92335621360537
-2.7477293979210926 -2.4690480720720815 -2.918224697490432 2.566747718024014
-2.791163109310692 -2.364599503084867 -2.7197310837063724 4.351576842602119
-2.6694409692185577 -2.650174738567174 -2.5546892008563633 3.4882294864057464
-2.875047131246788 -2.044230336804553 -2.9743300692690697 4.532489183163799
-2.959306077143648 -2.445748034165147 -2.9226042898872606 2.9302444953709
-2.635277860804303 -2.429462823391371 -2.6343405945519924 3.752202165360894
-2.777174312780346 -2.500911749300381 -2.5684609893587953 4.657826812859182
-2.9701629988098004 -2.3002747284525986 -2.9482643212775894 3.857830960258587
-2.8347176755371772 -2.4792359813107363 -2.759843734146659 3.5283274975897534
-2.9825124500663454 -2.9920567434819145 -2.9424092821812975 1.5272753274361102
-2.8279560100190966 -2.3032712689845476 -2.9544485609601296 3.0489654350844337
-2.7556232108647247 -2.3538696340079683 -2.716838311492065 3.674718972791929
-2.969495793018054 -2.6492713101831495 -2.6391751393440916 3.435855431202881
-2.852846133023243 -2.7458385935749074 -2.634093470649339 3.0464949680263165
-2.9158764054599224 -2.5461648551847778 -2.5495348441498553 4.57560242229473
-2.915173370027742 -2.7722710813369305 -2.7688144777120085 2.4583956276505448
-2.621854450512875 -2.318959180064358 -2.519988148833748 4.590392939991188
-2.925421359284608 -2.573796548194685 -2.829238936565309 3.857368743478947
-2.9050185041197407 -2.400785296771673 -2.910082534197345 3.498823528220106
-2.905995809468612 -2.3707972323499167 -2.9209676826038553 2.975436713685695
-2.9976633644882864 -2.7575434954335516 -2.8057349282562787 2.80556061794487
-2.732126104513463 -2.710295656406881 -2.4001103920511566 4.882981923830255
-2.9760424943990755 -2.281308981509257 -2.969583095856607 3.9402907300758865
0.06779661016949151 0.09152542372881357 0.09830508474576272 0.08813559322033898 0.09830508474576272 0.08813559322033904 0.09830508474576272 0.09830508474576272 0.09830508474576272 0.08135593220338988 0.06440677966101704 0.0847457627118644 0.05762711864406789 0.09830508474576272 0.06440677966101693 0.09152542372881356 0.08813559322033904 0.09491525423728808 0.09830508474576272 0.05084745762711873 0.0779661016949153 0.06779661016949157 0.09830508474576272 0.07796610169491525 0.07118644067796609 0.07796610169491525 0.09152542372881356 0.09830508474576272 0.07118644067796609 0.09830508474576272 0.09152542372881356 0.09830508474576272 0.08135593220338988 0.08813559322033893 0.09152542372881356 0.09152542372881356 0.057627118644067776 0.09152542372881359 0.09830508474576272 0.08135593220338977 0.057627118644067804 0.07457627118644068 0.0847457627118644 0.09830508474576272 0.0847457627118644 0.08135593220338982 0.09152542372881356 0.03728813559322042 0.08813559322033898 0.07796610169491526 0.09830508474576272 0.08813559322033893 0.0949152542372882 0.09830508474576272 0.07118644067796609 0.0949152542372882 0.08474576271186442 0.04745762711864404 0.09152542372881356 0.04406779661016952 0.06101694915254238 0.08813559322033904 0.0474576271186441 0.0983050847457627 0.08813559322033898 0.08135593220338988 0.09152542372881356 0.0847457627118644 0.0745762711864407 0.06779661016949157 0.09830508474576272 0.07457627118644072 0.07796610169491527 0.06779661016949151 0.09830508474576272 0.06440677966101696 0.09830508474576272 0.057627118644067776 0.08135593220338977 0.08474576271186451 0.06779661016949157 0.08135593220338988 0.07118644067796609 0.07118644067796609 0.07796610169491526 0.0949152542372882 0.07796610169491525 0.08474576271186443 0.07796610169491525 0.09152542372881353 0.08474576271186451 0.09152542372881356 0.09152542372881356 0.0949152542372882 0.08813559322033898 0.08813559322033898 0.06440677966101693 0.0847457627118644 0.08813559322033904 0.09152542372881356
0.008964127030088476 0.010206487374661155 0.015509539563190962 0.008467358376009617 0.010320101950289422 0.015057490864356005 0.008412749879854985 0.008252560935986853 0.009438358055434689 0.008689462346987522 0.009466153189548895 0.009451838670503173 0.008982042959029692 0.009022317808902261 0.010108158219044028 0.009804070892794827 0.012600502627031504 0.00953398308959987 0.00969985056562379 0.009378658990139116 0.011247812361204462 0.008390431026037952 0.012258998089265942 0.009584466110281293 0.008595323798327567 0.008965980259898138 0.00917420354949538 0.010629898009459186 0.008048794388200931 0.009976866131616234 0.00870892210042234 0.01162995200061714 0.00920797123129538 0.010476532306841623 0.010603261935062211 0.008347022065904174 0.008628990721587243 0.009836460103141442 0.010084972235541627 0.007936382938801384 0.008108934979696452 0.008986224484801091 0.009436044310005214 0.007535646262070931 0.010007433441061244 0.011143352462268542 0.011609621965445198 0.008271720731202062 0.011819122368999605 0.012800369403429948 0.01203370126760015 0.010160448611463853 0.010279162228766882 0.008716587773168085 0.007891192119990939 0.010608106711960464 0.01227358570142282 0.011254289848580378 0.009636033856782574 0.009376759792131704 0.010369609916213334 0.009711288047520007 0.011349587074328198 0.009829883615935689 0.007908866647450143 0.008831040069689215 0.009804546352769278 0.009269179713169332 0.010117342960426297 0.009538885859871124 0.007943801498931367 0.01180287886910211 0.012418237309774286 0.008936778091552954 0.00910591640336586 0.008318416784459185 0.012001005345947304 0.009760309548465775 0.00937151317358221 0.007860060135590052 0.017582473112964087 0.010456027311028493 0.007746725779606451 0.00983148911048522 0.012680245590658595 0.008262943266782537 0.013809513307465864 0.011080614061736526 0.0081259118968451 0.00844058836996126 0.008119684889635801 0.010252079922727 0.008772225324313444 0.009519053087722754 0.009652442068120015 0.010455453009089347 0.010372576151212193 0.009112164731267441 0.012113710940179179 0.0137175375771284
