4
100 100 100
395 12004 224019
0.8 0.4 0.1
-----
100
395
0.8
2.851391516594388 2.8341725084135874 -1.854678478824112 4.044003234843969
-2.8494463203806717 -1.2929204959076093 -1.9813441641632603 1.9851572436198683
-2.843505386787759 -2.527806680417511 -1.5400464788119885 1.0976191384414669
1.072999830946479 -1.2754150364636243 -1.1026086093679184 2.4322662589872857
-2.4487285947423927 -2.9198987904024807 -2.1682645919002526 1.6977606105614607
1.6690357262653661 1.5861863891890575 -1.9587537292349282 4.446200776715283
-1.5459117085330814 -1.5714344628081434 -2.761419722486349 2.3601703259587703
2.8483781664959835 -2.4264209622765858 -1.5513369277585052 0.94182282861627
1.8034336939079356 -1.9378113696303476 -2.3159005700078037 3.2763473224041006
-2.0052025239049986 -0.7717596779663229 -2.20647065963239 2.504925860011263
2.6725072395145233 -2.379851968747339 -2.9804959669818505 0.03855505794622349
-2.2831241233691433 -1.5240364272352935 -2.17637835932058 4.861775011269858
-0.8830109124440084 0.6012670728559044 -2.9567466525323076 4.804706227340263
2.85311879261047 0.43594454228979185 -1.6902444770772638 4.4206121692127
0.2107400006386282 0.3185149776677343 -2.032337830278038 4.699413854358499
1.2736354455832064 -0.9364301815115401 -1.7730803250673872 3.4526170651561827
2.7325686489085905 2.66590351242625 -1.2882753304837915 3.471345789988922
1.5903566138961907 -0.70035473419472 -1.2362688341721715 1.9833297920881987
-0.5812780033122933 -2.9279962122095906 -0.8852381273841106 4.723259794966862
-1.8463195590784687 -0.9314505720887127 -1.802484135272466 3.6168768114658443
1.1725172115478077 2.0144505990437223 -2.2392623666110363 2.1301647883005703
0.8818600551070888 0.08077626164125373 -1.6714661892612797 4.262888610428817
0.41866065167454725 -1.7769114547720557 -1.413216450557209 1.676359465067837
-2.4635289754471508 -0.9260864313157304 -2.584589305261548 4.615723288400293
2.90697064562126 -2.128904158762748 -1.7576225847614926 0.7086715786191622
-1.9707998645635887 -1.7375722860987945 -2.323789858514013 1.0267115754758271
0.019262608454867713 -2.5483274558450706 -0.7259642805321764 4.794144099506208
0.0670866448556362 -2.0992111787637273 -2.306627156281924 3.013339805825026
0.9499607266454562 -2.115326743272705 -1.5198885108504196 2.6430388437126826
-1.7059763413542202 -1.4223445438130566 -1.6877301693882543 1.7663369037012455
-0.6373112805017098 -0.517762377795342 -2.8523039019025886 1.3454308742981969
2.8700449071600467 -1.9382960021262936 -1.1353913013574894 4.931491612293849
-1.712334531190094 -2.4896470497480605 -1.3792448910537016 2.8618426881599737
0.4599247900986865 -0.8651600298240423 -1.5444194375403546 1.0569892041795037
2.807242041800742 -2.2666991021555827 -2.175529639627128 3.200253802034939
-1.0596732145643704 -2.556105758437579 -2.274471512448371 0.39003871404264867
0.7905510108251961 -0.0812345863572812 -1.671247431402637 2.239718522830083
1.2517959131595777 -1.4552395274132648 -1.0018675459121136 4.536690771893558
-1.5508616619577462 -0.44547605177434635 -2.727862082988791 1.2593645095566075
-1.2837681405020414 -2.8615441802274284 -1.2070473387425056 4.985277181022207
-0.0064368507288983245 -0.4842135764212472 -1.872841047282717 3.8486142091731015
1.961332961124132 -0.10444370564386052 -1.326458136637112 2.746968634309254
-0.5835308846320948 -2.3630885229819616 -1.6193739477455953 3.0461712311843514
-0.48972165000962375 0.1487591741088119 -2.3161741798559126 4.602393696346553
1.6917275066347202 1.3544252832546224 -1.5423347548670223 2.9482766951226127
0.7455733344313806 -2.8599012984953087 -1.7518163510615827 1.1479677993950521
2.7664649847999065 -2.602439333906316 -0.8718616284798708 3.4700934007340334
-0.09232327366767823 -2.123436566556225 -2.228723163857615 1.6993738649105483
-1.5893862346255205 -2.1852967987704943 -2.948774116529366 0.16018000564285373
0.8543932381465966 0.7570661371971927 -2.2826564949036436 0.45644221877977786
-2.103708490232074 -1.7048111404292952 -1.5498471984520217 3.875971724486843
-1.9495418281070958 -2.681176032440814 -1.901220352759724 4.301138738291376
0.06545200838303167 -1.339076771274959 -2.5843790310885013 1.7707988006425601
2.0653103358390483 -0.8143948577513327 -2.414543190313019 2.0970251531817654
-2.3173860358965404 -2.512883451312999 -1.7230542527024921 2.697535546676635
-0.6687571326796995 -1.8782742152221434 -2.31061669685374 0.7527663362218762
1.5983009024433201 -2.71762762084108 -2.17443752326482 2.563582156182637
-0.06987798561176328 -1.9442348753688772 -1.9316743897732156 4.230243356105811
0.3746458581857248 -1.092524389277635 -2.368388182802407 2.8525248088786292
-2.002400917101077 -0.3324777021887919 -2.916063204137406 4.986584930669436
1.1654484697714773 0.40511421928525193 -1.256579920464624 3.275383276475383
2.636401238575557 -0.799903443664554 -1.36203497426387 4.436284643842622
2.3897743523178105 -1.587014576872782 -2.1545603678875325 3.5079894067668196
0.011768486368799458 -1.618564987293353 -1.8730750963219376 3.0380026330175203
-2.788143939709367 -1.1908589543481454 -2.0113125446324656 2.5996292681691235
-1.0554542280521124 -2.716581356262761 -2.096475909220058 1.3167796612034877
0.6649657937540843 -2.627891695375692 -2.285795332542351 2.0546017313586127
-1.645130043618992 -1.8808616901799065 -1.606440711345202 2.9139594766517796
-2.6407710142998355 -1.7184010275852382 -1.4219236435052678 4.0446421123217045
-1.9227087988407754 -2.8802652030096514 -1.9720499068084587 4.382390362629383
-0.8072610617283833 -2.315471526981925 -2.104050579363043 1.465589689255452
1.424263276591514 2.107314697634651 -2.232196340676963 4.438614087633112
1.5009472670186952 -0.7219544499143651 -2.208045454212952 2.583063483944322
0.23355017033940717 -0.24943189295737556 -1.2999347247666724 2.8754323439118057
2.9795529460070007 -1.482344493925821 -2.195351310102578 0.563505864667726
2.220380315373328 -1.4931598264841228 -2.140316566895342 2.5081753334926793
-0.32088675430221203 -2.853717159576947 -1.8825201123980422 1.4446467610281732
-0.686569196465681 -2.8815687484727164 -1.2555103324704988 3.5603087207026327
-1.821160873223783 -2.266335268142528 -1.1379809171232251 2.215499694062083
0.7538501784265508 -1.372355432218077 -1.263795496141519 1.968748353553541
1.6616808768503315 -2.513058666847326 -1.0138983866321578 4.494389734536784
-1.3652425808447037 -2.0439597380740735 -2.4052346024249456 0.745831671143562
-0.5635149709642562 0.7465727981075512 -2.9401344804331324 1.5153894836942772
-1.4834981683242847 -2.6416726238169463 -1.9629480573253133 3.2409990226906227
-2.538350751907548 -1.006726719069151 -2.656471185077189 1.3762330830140324
-2.2770725356030344 -2.358171801620935 -2.419498847535229 3.780539054255719
1.2854304131297933 -2.8342288967728475 -1.9271244413231348 3.4121785194577283
-0.8757579186234081 -0.5515203446198753 -1.7233446164171262 2.9842831314842835
-1.0416829755575767 -0.39321667088235523 -1.7985466064337614 2.2858715147243105
2.045885133344413 2.8334421711836395 -2.8986582359033735 4.6018493607195765
2.411132660436543 -2.9412323628247825 -1.4433484558890228 2.2622807626558936
2.8145267097046034 2.2517153679054527 -2.314543292978099 0.8535231340912885
2.590089340697956 2.359084386618262 -1.6900371425578886 2.2386064969588793
1.233969196384578 1.588676860078949 -2.6920204963637833 2.418492898598914
2.9611111640775665 -1.1608642099631905 -0.9228486059389831 4.306344476758444
2.7050754864926194 -0.0916235444334128 -1.2613258925847541 4.929429142833622
-2.830417284585166 -0.9758442981854429 -2.4789296688307845 2.8254630775456535
1.7585175386067462 1.0131248505496977 -1.4546571230974092 2.7094301937058507
2.6854984497891934 2.4212508494962295 -1.8218361682758206 4.129935713782854
-0.9793834305841727 -2.1786778136228024 -1.556551256368078 3.345715451288246
0.6542372881355932 0.7898305084745763 0.7864406779661017 0.7796610169491526 0.5186440677966102 0.5050847457627119 0.7220338983050848 0.7864406779661017 0.7830508474576272 0.752542372881356 0.7966101694915254 0.4983050847457627 0.6508474576271187 0.5322033898305085 0.4949152542372882 0.5491525423728814 0.752542372881356 0.7694915254237289 0.752542372881356 0.7355932203389831 0.7559322033898306 0.5728813559322035 0.7593220338983051 0.6711864406779662 0.7694915254237288 0.6779661016949153 0.776271186440678 0.7254237288135593 0.7016949152542373 0.7457627118644068 0.5389830508474577 0.7220338983050848 0.728813559322034 0.776271186440678 0.6305084745762712 0.7389830508474576 0.6983050847457628 0.7457627118644068 0.7423728813559323 0.7016949152542373 0.528813559322034 0.7322033898305085 0.6711864406779662 0.5559322033898306 0.728813559322034 0.7389830508474576 0.7864406779661017 0.47457627118644075 0.688135593220339 0.7593220338983051 0.7016949152542373 0.4 0.776271186440678 0.711864406779661 0.6508474576271187 0.6576271186440679 0.5322033898305085 0.4949152542372881 0.7559322033898306 0.6915254237288135 0.7389830508474576 0.6779661016949153 0.6406779661016949 0.5322033898305085 0.7762711864406779 0.6203389830508474 0.5661016949152543 0.6779661016949153 0.7355932203389831 0.41694915254237286 0.5898305084745763 0.6576271186440679 0.5627118644067797 0.7457627118644068 0.7186440677966102 0.4983050847457627 0.688135593220339 0.7254237288135593 0.7864406779661017 0.7661016949152543 0.7423728813559323 0.6169491525423729 0.7389830508474576 0.45084745762711864 0.776271186440678 0.42711864406779665 0.4576271186440678 0.7355932203389831 0.7661016949152543 0.6474576271186441 0.735593220338983 0.6745762711864407 0.735593220338983 0.5152542372881356 0.7593220338983051 0.6915254237288135 0.7559322033898306 0.728813559322034 0.5796610169491526 0.6779661016949153
0.009999999999999997 0.009999999999999997 0.009999999999999997 0.009999999999999997 0.009999999999999997 0.009999999999999997 0.009999999999999997 0.009999999999999997 0.009999999999999997 0.009999999999999997 0.009999999999999997 0.009999999999999997 0.009999999999999997 0.009999999999999997 0.009999999999999997 0.009999999999999997 0.009999999999999997 0.009999999999999997 0.009999999999999997 0.009999999999999997 0.009999999999999997 0.009999999999999997 0.009999999999999997 0.009999999999999997 0.009999999999999997 0.009999999999999997 0.009999999999999997 0.009999999999999997 0.009999999999999997 0.009999999999999997 0.009999999999999997 0.009999999999999997 0.009999999999999997 0.009999999999999997 0.009999999999999997 0.009999999999999997 0.009999999999999997 0.009999999999999997 0.009999999999999997 0.009999999999999997 0.009999999999999997 0.009999999999999997 0.009999999999999997 0.009999999999999997 0.009999999999999997 0.009999999999999997 0.009999999999999997 0.009999999999999997 0.009999999999999997 0.009999999999999997 0.009999999999999997 0.009999999999999997 0.009999999999999997 0.009999999999999997 0.009999999999999997 0.009999999999999997 0.009999999999999997 0.009999999999999997 0.009999999999999997 0.009999999999999997 0.009999999999999997 0.009999999999999997 0.009999999999999997 0.009999999999999997 0.009999999999999997 0.009999999999999997 0.009999999999999997 0.009999999999999997 0.009999999999999997 0.009999999999999997 0.009999999999999997 0.009999999999999997 0.009999999999999997 0.009999999999999997 0.009999999999999997 0.009999999999999997 0.009999999999999997 0.009999999999999997 0.009999999999999997 0.009999999999999997 0.009999999999999997 0.009999999999999997 0.009999999999999997 0.009999999999999997 0.009999999999999997 0.009999999999999997 0.009999999999999997 0.009999999999999997 0.009999999999999997 0.009999999999999997 0.009999999999999997 0.009999999999999997 0.009999999999999997 0.009999999999999997 0.009999999999999997 0.009999999999999997 0.009999999999999997 0.009999999999999997 0.009999999999999997 0.009999999999999997
-----
100
12004
0.4
-2.7226777941504623 -2.338532876257747 -2.8352213746050414 2.961136018611177
-2.949198018300779 -2.697854966069113 -2.547394552427574 1.508904594243559
-1.9496859087402925 -1.336670482646813 -2.9346632685662906 1.8464111015530569
-1.2362444579921914 -1.6859038802933572 -2.1011157406591785 3.401893452343424
-2.63902538327394 -2.5555121598855193 -2.721750229270902 2.3550426096136547
-1.2828734449202563 -1.0525947626987753 -2.2689628509585034 4.525607439468716
-1.943088971883249 -1.5846122427542786 -2.5390613397483075 4.026476487648243
-2.7644391642097044 -1.6812468878330282 -2.8617462671505387 3.3140601954581714
-2.4766147929168474 -2.400900824584387 -2.2669821215752415 3.648778290895126
-1.3895163278108948 -0.9276403109494111 -2.656829419500774 2.5911711944314195
-1.561672373951391 -1.6446522298494863 -2.412349637096555 2.036006429386408
-2.8471396119379797 -2.553026579398443 -2.3940351533824846 2.7924407430550895
-2.701187211446955 -1.8923052421248387 -2.821540578535289 2.8742991675943905
-2.4324658256029426 -1.694495459923271 -2.7707608499756686 2.3717259201018868
-1.996564746880931 -2.3388430598161056 -2.433938606191697 1.912984152286673
-1.6827961951632289 -1.4931741285029838 -2.5795091391801344 2.1068930101547343
-2.7553242259154835 -2.319596161364685 -2.418851982776639 2.87821150638831
-1.1441397577290382 -1.2142235272717916 -2.109883018237928 4.881074037021402
-2.5895190293646104 -2.916184328800166 -2.355576044135947 3.368756475919966
-2.0399971443658567 -2.1166629376756108 -2.1544569095122457 3.3884418102390317
-2.458505239783517 -2.0117427816752196 -2.5602050977630717 3.2215848340510855
-2.108391991944762 -1.4176321017976266 -2.6869691604494825 4.964890451546054
-2.8280760018630486 -2.6397421175361986 -2.530768022622982 3.0555117200709727
-2.9190693346702545 -2.4335304378340403 -2.5733407460017186 2.2221893731020557
-2.6200153148049647 -1.9271641933473722 -2.9432168958880562 2.2033296054185363
-2.2726644362209445 -2.5912461192495684 -2.61118129515788 1.6093381321779034
-2.7961519399132664 -1.79308511449871 -2.559261648370412 4.514793315426957
-2.2641236102884483 -2.960065734096718 -2.2956629656532406 2.1155919483862733
-1.7147637313681783 -1.2865994411947688 -2.7046650055067065 2.1609187621016774
-1.6174195860029479 -2.162352724832116 -1.9552889209092443 4.891702449543665
-2.2542391067681686 -1.6999668456983903 -2.574891885912133 3.493280805289894
-2.7000808143722304 -2.9921253579964087 -2.3631346220898584 1.6811569359139626
-2.1709005279251445 -1.3605124876723438 -2.8443836106046905 3.108912804457131
-2.2598561966189252 -2.859969161069133 -1.901404182767768 4.549297066144453
-2.825118682346919 -1.8912790927852976 -2.848260311397854 4.419743041876096
-2.3513740501711964 -2.504420036422826 -2.172312200594682 4.439519270926638
-2.640272057908445 -2.244714233590066 -2.2971734068289953 4.4304695122273605
-2.1528622980257883 -1.8346413666809651 -2.4390217322450507 3.0661661586644535
-1.985326946180994 -1.3442482621543796 -2.588337346112607 4.713601101093708
-2.642574870116734 -2.033513446456102 -2.7163810639285266 2.8258415313124328
-2.314624945312471 -2.5613403330090456 -2.1013872326061147 4.1050497969196265
-2.9756669603082337 -2.751098534155146 -2.2837156231360143 3.9493851304581895
-1.6232237828666765 -1.9664463302717508 -1.9612981255672908 4.3525594263737455
-1.4863500303759514 -1.2108650300666302 -2.2842224520192174 3.903960287626737
-2.240964353414805 -2.6663208285781037 -1.9491679245871505 4.33589782851104
-2.920681066507344 -1.9517621614145224 -2.8441730949997766 2.8203721137149804
-2.0090514771164134 -1.4201975727754277 -2.3573294140890266 4.640345715731825
-2.657564869357781 -2.4794740506456323 -2.5035444645809153 3.466830311290149
-2.8696070804753595 -2.3988252939970436 -2.625428850526308 4.3770670204968605
-2.7533628320366565 -2.1108503243617855 -2.510510573071571 3.9241230529639837
-2.6637870320113564 -2.6856254675849214 -2.552173131010358 2.367579860457192
-2.1492611400557093 -1.5852784160202043 -2.5033963463182767 3.577707876176867
-2.26371124630992 -2.221697237599168 -2.231754072102793 3.012531071803279
-1.8796086580071025 -2.239450296596759 -2.132824668860312 3.859263070917603
-2.70742417542315 -1.9347701638142976 -2.7010226563507556 3.6309622094769347
-2.51659210165208 -2.297162249491778 -2.334885671645994 3.507717696261242
-2.6920147454419596 -2.4756425238638737 -2.526802899686291 2.691227757069071
-2.128071020430165 -2.3140863255638076 -2.104089407585834 3.060949312192693
-2.8702410487095324 -2.9118955373938857 -2.343722995013348 2.1541850251082026
-2.9471650192517087 -2.3398308749570376 -2.937201470630399 2.9530973294525404
-2.15346335882086 -1.5807041997480373 -2.8518913137437867 1.783775186854586
-2.58438153453894 -1.8124473102341452 -2.733254072180543 2.3200539507438003
-0.9281899718385864 -1.3293783272737703 -2.022908548171984 4.151978348493126
-2.272957529708643 -1.7848811539340392 -2.6082772249995063 3.0240188277122915
-2.5589150179619806 -2.8210208815630486 -2.3047508510764403 3.710769022010081
-2.9756896659354632 -2.737951987209826 -2.214990214240635 4.244752214023056
-2.305730269918138 -2.5245369917890432 -2.527793031030804 1.4452340534399752
-1.9435619226173761 -1.7548340562473552 -2.4628294809948175 2.3328827162640473
-2.5881723238857015 -1.5094230717123338 -2.8500051688059385 4.178012416008338
-2.56672857084386 -2.58606996227461 -2.182468837047138 2.630299104330614
-2.4413813013073407 -2.6188971037401005 -2.2759134387068274 2.077233623673602
-1.6214154511333714 -2.0399557659972007 -2.2170446166195594 2.2954363587150586
-2.7597796230131073 -2.172254270605264 -2.6333290357933694 3.6056222133765847
-2.8606932538062746 -2.1421327855992094 -2.95704335832069 1.373708674288964
-2.614533039360485 -1.6392862101753143 -2.896337784670132 4.113897260572578
-1.37273253790708 -1.4501766879545037 -2.2469910221727676 3.0931983526584563
-2.5386044022165066 -2.68267942088647 -2.5246856896013687 1.9025499323948065
-2.732269288339697 -2.1172925360704182 -2.92997028090834 2.4961974555836295
-2.2158861797476326 -2.3503319860899037 -2.3163379699655424 3.640809357588377
-2.759847811859665 -1.972775566656247 -2.7592426528443097 4.307560642712813
-2.2918970002418315 -1.637458210573132 -2.55254820548556 4.831244963337014
-1.8344015722318852 -1.3251118866941016 -2.9328770397091284 1.3502795126719298
-2.0834326795407545 -1.720941120768681 -2.277140264560732 4.024523426345272
-2.3907191458307837 -2.480221964133821 -2.4216479878658737 2.0747087266414694
-2.2351961760922485 -2.200327552426887 -2.2732807765024674 3.666659727028939
-2.1607625000946413 -1.3596887731724547 -2.8424595094949803 4.105550960380544
-2.32774396241597 -2.6868166268530436 -2.2248679299764347 2.91945301796138
-2.1368349822556865 -1.9134568139490604 -2.650181701736944 2.2310790063735193
-2.899241062052603 -2.0773645105454897 -2.7061945556566984 3.3425990451537055
-2.2766389573913335 -1.4816450469272973 -2.7946505096313716 3.544172129556744
-1.8889574617555203 -2.4057907621695964 -1.953463109602576 4.427946918225253
-2.890302006886522 -2.4053007427273605 -2.351718950337796 3.2985071012596876
-2.9339005894266705 -2.8666751525085226 -2.0899601743822536 3.8528279755432444
-2.890054272210967 -2.515450950773376 -2.6500136754412558 4.889269683728578
-2.505961988493778 -2.6754410346665027 -2.0561444751216458 3.9735465598385593
-2.255745243850098 -2.14588572555827 -2.260220693018714 3.0760584082676754
-2.3526843337947985 -2.8867157298458297 -2.1481048412991193 3.765692642549845
-2.689301111733881 -2.0869702901185136 -2.6903802848784935 2.7140333181915253
-0.9866124670321716 -0.3562503453526722 -2.4985437870523253 4.926026259011697
-2.371010307905556 -2.0050685769347965 -2.4559085612035236 3.7557150828019656
0.3322033898305085 0.33220338983050846 0.33220338983050846 0.3830508474576271 0.352542372881356 0.34576271186440677 0.376271186440678 0.3220338983050848 0.24406779661016942 0.39322033898305087 0.3966101694915255 0.2644067796610169 0.30508474576271194 0.38983050847457623 0.3525423728813559 0.39322033898305087 0.3491525423728813 0.39999999999999997 0.36949152542372876 0.3491525423728813 0.2406779661016949 0.31186440677966104 0.19322033898305085 0.23728813559322037 0.22372881355932206 0.3796610169491525 0.3762711864406779 0.3593220338983051 0.3593220338983051 0.36271186440677966 0.3016949152542372 0.38983050847457623 0.3050847457627119 0.35593220338983045 0.17966101694915254 0.2779661016949152 0.2508474576271187 0.3118644067796611 0.2983050847457627 0.24067796610169492 0.2745762711864407 0.1423728813559323 0.38983050847457623 0.36610169491525424 0.34237288135593213 0.288135593220339 0.37966101694915255 0.17966101694915257 0.16610169491525423 0.24745762711864405 0.23050847457627116 0.23728813559322035 0.30847457627118646 0.34576271186440677 0.23728813559322035 0.20677966101694922 0.22372881355932206 0.37966101694915255 0.3118644067796611 0.21355932203389827 0.3491525423728813 0.3389830508474576 0.3966101694915254 0.288135593220339 0.35593220338983045 0.311864406779661 0.2983050847457627 0.34237288135593213 0.3016949152542372 0.3864406779661017 0.3864406779661017 0.39322033898305087 0.1932203389830509 0.3593220338983052 0.23050847457627122 0.3728813559322034 0.3254237288135593 0.3050847457627119 0.3254237288135593 0.2440677966101695 0.2576271186440678 0.3864406779661017 0.3254237288135593 0.29491525423728815 0.27118644067796616 0.3898305084745763 0.31186440677966104 0.3559322033898305 0.3254237288135593 0.30847457627118646 0.3389830508474576 0.2542372881355932 0.33220338983050846 0.26101694915254237 0.28474576271186436 0.3389830508474576 0.37966101694915255 0.28135593220338984 0.39999999999999997 0.22033898305084743
0.012200130697671617 0.011317549256645654 0.010894485096914704 0.006459297422277468 0.01091118836275807 0.008704099146773135 0.009264282400270751 0.012288917205348237 0.008741858885002134 0.008110266379769113 0.00708686091876089 0.009345652135807805 0.011327466518998026 0.009985113054851866 0.007979480485322547 0.007795299442878518 0.008991558624207257 0.009216637845124845 0.009782530396600556 0.007316608981576056 0.009132672092945944 0.013788849481615068 0.010365259530527495 0.010271619460975457 0.012354068796757219 0.009837538402340086 0.012476723478333491 0.00866526109935107 0.008534605076981738 0.009697713986726255 0.009034509673431867 0.010168451173482383 0.010502550516271242 0.01044858711603895 0.015543959330521438 0.01007636179017414 0.010701862893480543 0.007856211508257428 0.01157722254739602 0.01029491602958133 0.009079035816877959 0.01102355549997297 0.008036694783315252 0.007574050370209503 0.009466235092151044 0.012177980110943612 0.010006889657963926 0.010016220791438771 0.013687386336134267 0.01060528128629043 0.00993438050095408 0.008576957081465796 0.00755013493624738 0.007757754007340732 0.011196855756479778 0.008734679296724949 0.009533180498179174 0.007261904542347488 0.009887523884830718 0.01425720964878696 0.010428075272717946 0.010032534940057859 0.007161395199119172 0.008819579778944727 0.009810829757701551 0.011497439891259927 0.009537090502497897 0.007515850559158872 0.013581191269623788 0.008171838296336985 0.008352323243731115 0.006685222790678576 0.010954965079402646 0.014328525919308445 0.014162778806413688 0.00656636724022108 0.009705591063357144 0.012729743295154966 0.008436388191670094 0.01381322655666829 0.01240598293999845 0.011296517693614847 0.008331170660093139 0.008546371873459985 0.008209990465312683 0.01228773018110189 0.008089662564311635 0.00874138324144262 0.011396698554257553 0.010780613210373264 0.008845173994839061 0.009423892500932365 0.010348541354186759 0.016895960732567113 0.009237746854303956 0.007585826672896864 0.009152086307045034 0.010177138793498589 0.011423112813266946 0.00912130379706924
-----
100
224019
0.1
-2.9958268460437654 -2.6132655314455997 -2.3067564355866694 4.5714434057619036
-2.9685696865332405 -2.695766171842316 -2.4799313784251407 3.8828588246128146
-2.9897525234166737 -2.673755297357222 -2.4880470799948617 3.9107117123343844
-2.924856318116576 -2.315600083406402 -2.5162264511009638 4.798061635257757
-2.975364279369929 -2.4598619734049567 -2.4538115749039457 4.976278499410353
-2.8224119550554825 -2.7200421953082397 -2.5031058673662954 2.9572739117214173
-2.8767481823758483 -2.362134187936822 -2.629658358535039 4.487146809291539
-2.887881925880968 -2.7713741374548646 -2.3176743738844436 3.5426752861367414
-2.873497745163177 -2.5821856508162733 -2.343127797923832 3.6989531962756654
-2.9790644674214186 -2.200961158292759 -2.7019444283933507 4.7803928129337585
-2.8216715423654217 -2.5528102189386304 -2.3981250599897295 3.6411283451151553
-2.9005021623776543 -2.3165750790411526 -2.5523832771725083 4.731149786398077
-2.909614668032415 -2.668406079962929 -2.4624834545042216 4.3153253738264485
-2.8612602240787735 -2.5885018542209037 -2.42020157454137 4.1247354667061025
-2.987144096714027 -2.6035551952971923 -2.3458005521661462 4.831895242470478
-2.8998187268673625 -2.4272446213924943 -2.5083049098160357 4.344075894097014
-2.9227763854277518 -2.571906666618717 -2.483694809343389 4.089302250704964
-2.8105848987724977 -2.1512655681449533 -2.7402817095706284 4.040488591549049
-2.9588320880925867 -2.4186103987797107 -2.684215248865014 3.503629231927059
-2.9667942246901697 -2.414545621854639 -2.675908987222393 3.786131399775578
-2.7243993216011684 -2.4625392544286306 -2.320789382875297 4.67865866797186
-2.951278755066001 -2.910157857456551 -2.5296221428941643 2.602125419920729
-2.969380906077985 -2.7448837119579395 -2.4359998314536884 3.922650078687635
-2.994889867778282 -2.7717368725031637 -2.467444701851128 3.4445616655201805
-2.819366050663965 -2.615601970015449 -2.5179903639992496 3.401103807215449
-2.818019386969763 -2.5717852700162 -2.2235567605147346 4.794575958664045
-2.9896533696782166 -2.5757644096564234 -2.4413039733986586 4.15240913478961
-2.878150405540177 -2.4890550669673885 -2.4433558431257136 3.9574577110466915
-2.953262887713414 -2.4156982168286243 -2.4942706174110056 4.689123974136476
-2.846286574156199 -2.572226281737695 -2.3053621939998954 4.1898202640510895
-2.9160285327428093 -2.31724551271171 -2.640012938436023 2.986230062525915
-2.83580404905469 -2.7083028896788224 -2.323586102959374 4.644122417937069
-2.9610759528077804 -2.2842633407475508 -2.5198666218172217 4.876388401247667
-2.9068585442162793 -2.565914936923628 -2.4207135805512565 4.309862969390761
-2.887701393223588 -2.6555561636801297 -2.4407167228951696 3.488106708511933
-2.9823299081749544 -2.6529319290379005 -2.5775700246517737 2.8984431152944765
-2.9126664975650023 -2.465703756071311 -2.53021273780435 4.40296348424906
-2.999354159680112 -2.6886371713449058 -2.5079637990277797 3.575096881504284
-2.8865322892544008 -2.6055783667271193 -2.4046169654384757 4.708167532481999
-2.93018969558386 -2.558072276192539 -2.39971369384965 4.836577606491375
-2.9966682174393577 -2.574517815580868 -2.4428638431841656 4.66898320206972
-2.836532517074939 -2.4154937106869276 -2.455664249327727 4.991241512930728
-2.996856517798898 -2.7708440674609314 -2.370328302749131 3.979604235647018
-2.9926184289690534 -2.595039932397851 -2.364948879764258 4.115475552810615
-2.9984445485579676 -2.648135525783674 -2.531985093875214 3.0972625941992824
-2.959079119843959 -2.455532080119681 -2.505480114204796 4.860939725661748
-2.8394697388000756 -2.7500104054711225 -2.2845795991812263 4.020135670460909
-2.6814770966992265 -2.387783762294914 -2.3660158050861573 4.459200945145394
-2.9953676270542617 -2.7158843375448494 -2.43588930715778 3.9012273845307597
-2.999736065907297 -2.704754740841322 -2.3162350220475356 4.003550443857091
-2.9843381824672157 -2.4342170392314664 -2.541876089980629 4.632328288788693
-2.8868254506473825 -2.4156447014789326 -2.541292192994766 3.5507506855225577
-2.900084814915705 -2.722533732317445 -2.308707421512411 4.654086000036915
-2.990139303515223 -2.674063793735619 -2.3360532987270894 4.422813408588418
-2.876583850075142 -2.3625181429951274 -2.471843128560765 4.253454808260603
-2.948008581787441 -2.7441452075408606 -2.2624216793065606 4.898632239767447
-2.9918683060514257 -2.508653925822541 -2.5510525395390053 4.383010311988893
-2.964752058514074 -2.6209683390972622 -2.307335351049828 4.18397065131252
-2.9106198432378894 -2.8533973975731395 -2.338471137584015 4.3639904639170535
-2.9914116252040324 -2.8771978410059162 -2.600946994853413 2.001726950182985
-2.7827711247945204 -2.4981518241124676 -2.2698913217152414 4.796131953613929
-2.9170796895939404 -2.2996125836151666 -2.4825085171131533 4.924066260875574
-2.920334886646761 -2.6059807899431293 -2.6588006388280605 2.7962678726420838
-2.9918036002366044 -2.781487411994434 -2.355741325927136 4.352500602454273
-2.911703302427614 -2.6819427631137893 -2.285329745346877 4.365768575395327
-2.9653018518850423 -2.665827599095702 -2.3496119801338233 3.850002520978726
-2.970152035702125 -2.7523525325432088 -2.3896360383078585 4.088835111073188
-2.944773837195383 -2.726632855878893 -2.6078443971655316 2.644002052877127
-2.9974513238302953 -2.8514268935644047 -2.523030722873637 3.152811236028839
-2.8766846100632746 -2.5435382192820035 -2.5572901454692936 3.253671192250836
-2.9218444710176477 -2.7106345323820413 -2.413593141814238 4.055281265094244
-2.951926488383312 -2.413223142568306 -2.447614288102571 4.316056840941494
-2.796092467888511 -2.2184282838117317 -2.6070331794536035 4.344784586094764
-2.9042324810772877 -2.417529517969482 -2.5996872675922242 3.5178780919331816
-2.860164551687727 -2.454938765191143 -2.477192309170003 4.217137953826911
-2.911445878432856 -2.5414496777781115 -2.3132101150453233 4.928837747557892
-2.9616278899623616 -2.6764823889341542 -2.3559395505856493 4.230685247234866
-2.9743556090779113 -2.734361288442606 -2.5038738741131206 2.9913473057627047
-2.8821618300067655 -2.296996616574545 -2.475320686632114 4.637827198528082
-2.991729060327396 -2.504505414092546 -2.4472398336141286 4.012359728408508
-2.924461525090215 -2.3854676177797285 -2.5278184719888475 4.79543720712647
-2.8984935268772882 -2.723964370188561 -2.432690280576724 4.085422309654548
-2.8697708295552404 -2.2685846835463024 -2.5941289146286084 4.362555906595894
-2.926084985494671 -2.8939014002279726 -2.3882467249442993 3.4392172665193996
-2.892446840702255 -2.6129772193147422 -2.3577505137533543 4.340762956321008
-2.9968392247862528 -2.7186757797613836 -2.4359870568183686 4.19833351812296
-2.9692504539484585 -2.339031754762283 -2.689010350558373 3.509165362969866
-2.9459060881320407 -2.475049638502368 -2.5782218053696058 3.473717294392228
-2.9854802677178403 -2.396310040552295 -2.80354394630551 2.5006515668741365
-2.8577985915777613 -2.2807195412250354 -2.4190719893483936 4.748110731109204
-2.962035611580799 -2.41823955627178 -2.6190931855668858 3.7468042982258547
-2.9962608320274935 -2.5557412834279654 -2.607894912388592 3.308518264822458
-2.835519626339843 -2.705006823531476 -2.216584033296133 4.707823694737337
-2.9561132997833943 -2.4672499272315536 -2.5984969109825626 4.417281442049792
-2.920507125679031 -2.6019714369957656 -2.4064651697111112 4.155782853672638
-2.99925900172592 -2.678064604669692 -2.6854166704072013 1.960247845078474
-2.790629863732238 -2.736081713330737 -2.5201203087016397 2.9462850190846472
-2.9956377714434175 -2.7395856629459567 -2.314222335312347 4.542111235392823
-2.814722681209443 -2.4528193188260103 -2.44453902973964 4.931521695962603
-2.823153706124686 -2.398486046155562 -2.4776529334338124 4.839896444280158
0.07457627118644061 0.09491525423728808 0.09491525423728808 0.08135593220338982 0.06779661016949154 0.06779661016949157 0.05084745762711865 0.09830508474576272 0.09830508474576272 0.08813559322033898 0.08135593220338988 0.08813559322033898 0.09491525423728814 0.09830508474576272 0.08813559322033904 0.054237288135593226 0.09830508474576272 0.09830508474576273 0.09830508474576272 0.07457627118644072 0.09830508474576272 0.07796610169491525 0.08813559322033904 0.09491525423728808 0.0983050847457627 0.09152542372881356 0.06779661016949151 0.09491525423728814 0.07457627118644067 0.0949152542372882 0.09830508474576272 0.08474576271186442 0.08135593220338981 0.09830508474576272 0.08813559322033898 0.0949152542372882 0.07118644067796612 0.09152542372881356 0.08813559322033898 0.06440677966101693 0.09830508474576272 0.09491525423728812 0.09152542372881356 0.07796610169491525 0.05423728813559325 0.09491525423728814 0.09830508474576272 0.0711864406779662 0.07118644067796609 0.06440677966101693 0.07796610169491525 0.088135593220339 0.08813559322033898 0.09152542372881356 0.07118644067796609 0.08135593220338988 0.08135593220338982 0.09830508474576272 0.08135593220338988 0.09830508474576272 0.09491525423728815 0.07457627118644072 0.0847457627118644 0.06440677966101693 0.09491525423728814 0.09830508474576272 0.08813559322033904 0.07118644067796609 0.09491525423728808 0.09152542372881356 0.08474576271186442 0.08474576271186439 0.09491525423728814 0.08813559322033898 0.08135593220338982 0.06779661016949146 0.07796610169491525 0.0610169491525423 0.06779661016949157 0.09152542372881357 0.09152542372881356 0.07457627118644072 0.09830508474576272 0.09830508474576272 0.08474576271186451 0.09491525423728812 0.08813559322033898 0.08813559322033898 0.09830508474576272 0.0983050847457627 0.09491525423728814 0.0847457627118644 0.08474576271186451 0.09152542372881356 0.09830508474576272 0.08813559322033904 0.088135593220339 0.09830508474576272 0.08813559322033898 0.08813559322033897
0.012008478512439967 0.009227624171516095 0.009271993044905986 0.010725420533415846 0.01263406159764657 0.00842807173315146 0.009317201280220391 0.009521622398945656 0.008655982509814248 0.011199575842842244 0.008063260650478599 0.010231588983697592 0.009872312997284464 0.008923796948410345 0.013015883541354982 0.008981838992807004 0.008868758493212656 0.008145774480699055 0.008061619014134883 0.008317447035814225 0.010639425131799071 0.010708121986740987 0.009654155875438662 0.009350642718505593 0.007849680908316517 0.012963568084178072 0.009474480581271249 0.008296155517131388 0.01056107518408964 0.009634153438509931 0.007660561973939692 0.011747032234038248 0.011337863272073067 0.009518442608763994 0.008360637647808722 0.008808817463070556 0.009299622991815424 0.008958979970042219 0.011265914083314461 0.012046206350979522 0.011421221330727446 0.011806694391622208 0.01035142830539594 0.009833344085553995 0.00870538326538268 0.011608492127515042 0.01009599429797825 0.009245040336369272 0.00960640018309752 0.010426253248073412 0.010477713301229612 0.0075698706186466845 0.012330608138295434 0.011329397325838963 0.008609733686478974 0.01494729058620766 0.00977887469594549 0.010357716799035755 0.011752385627235518 0.012824091954790102 0.012008781515692615 0.01147380063960427 0.008623991360864577 0.011572690351673869 0.01108238616662037 0.009514548613363268 0.010229581800423727 0.009397739682554104 0.009847824707404827 0.007759011858849292 0.009564181983958255 0.009268973691246858 0.008393598112788208 0.007632836208601657 0.008601975692319732 0.013173891552008198 0.010343461786204395 0.009075338590850501 0.009848992630318366 0.008941100113792375 0.010815321575830632 0.009542076113814829 0.008674244024483996 0.010027375528041884 0.01003623328725223 0.010324927322328566 0.007974269991009123 0.007877573271575115 0.009590430779159808 0.010500964633078357 0.008084483001753783 0.008350792006567019 0.013226500705611809 0.009626249842291048 0.009342334634693963 0.011851218542104804 0.008432212173739895 0.012467953520196437 0.011485140386767305 0.01072920651052059
