4
100 100 100
466 1076 204016
0.8 0.4 0.1
-----
100
466
0.8
-1.9009932814757189 -2.058495828676675 -2.1847521702769446 3.8947594345303815
0.9983995010894304 -2.3393307994393444 -1.0255959570098985 4.148507453574515
1.6460217148295904 -0.7087802272665966 -2.1549884904985364 0.6388875753587575
2.774931981229069 0.26154651586273614 -1.4368546793644932 4.153112090168911
2.9814039421800365 2.039493974166862 -2.38544555929062 1.6823459684510111
2.8901983211024618 2.1187359485279282 -2.427760495374711 1.8194096711643415
-2.171520128042125 -1.486128703629714 -2.4796097752457795 1.3014652904702773
2.380373401800451 -0.4821037835016089 -1.4192786991230837 2.438863967513459
2.5763577497037 -0.7801894045252125 -2.306404981273976 0.5238576950577789
0.20369476555307298 -1.2221891602075163 -1.3939755269993155 3.687087893435322
1.4391739942674473 0.15218069206758233 -1.2844847529008971 3.034863973761317
-0.3340927598484815 -2.8988829947170807 -2.0207734742789776 3.278182751790376
1.9936020467521294 -2.3512054455829268 -1.1746704585857923 4.8726978845565805
1.5591489320171181 2.6719944469651633 -2.4451415887462806 4.91896582076352
2.3210762245759433 -1.5304808242355903 -1.9692930056462195 2.5676668843872363
2.158190313747294 -2.8524454644712014 -2.4154045031172755 0.3472218450732534
1.7829150341111717 0.36900673009856577 -2.5798587969494338 0.23685969144033536
1.2584914905787343 -2.013180574320918 -1.7149347908107653 1.8585532985155873
-2.5615229060161875 -1.785673128544703 -2.5015421486865024 0.940269736633571
2.4980091054037725 -1.538115622900106 -1.059348383406519 4.441463556948518
1.6974256380359236 -2.331400423080239 -1.6438422904665884 4.759644047772728
2.773923157544779 1.5203438394024467 -1.636804820292967 3.4170334497400248
0.7919480967629404 0.9224381382119895 -1.58245210178655 4.2979411958017755
-1.1117098880196306 -2.2889035846965347 -2.046306676212605 4.637138170957506
1.5734045998906883 1.1954803419910291 -2.4788215098461577 0.6907888260610384
1.929822386970173 0.3887937514011215 -2.0139719693344063 3.379205307460058
0.24157641288481102 -0.6361492243563829 -2.0076153016300102 3.613353457670363
-0.1392777770880893 -0.22964063922515576 -2.8003972147656695 0.37085680806115406
2.2945410830095234 1.551373345127332 -1.2389478812872297 2.684022050403402
-0.5981636425840029 0.7594268871656809 -2.527083809263938 3.1940761247807234
-1.0247748824860503 -2.1079138623329032 -1.4432405214349062 4.385296415383872
-1.9468733599747736 -2.687931360607967 -2.2297256411621333 2.8912000448003274
-0.5138985977310151 -2.3353290516933836 -1.4860798299343094 3.1351519976539732
0.6724227781397762 -2.9932900769338393 -1.9781389148630344 2.979774511603029
-0.5292931253602129 -1.2636421618040647 -2.4061599945924677 2.049006634708933
-1.2690723372434873 -1.910286909646754 -2.4997131089128053 0.2309868824341521
-0.9317732545392738 0.1951244153499223 -2.8082625100118745 2.593723339099064
2.4495433146589125 1.1309423626477457 -1.7397897399111166 3.5675587027605826
0.7428073386838348 -2.655948841390111 -1.9367238981687627 2.9663540253719334
0.034533726993213776 -2.199865741177947 -1.691179390336624 4.027886786599762
2.625027139399232 -0.19514962820864978 -1.6274710887832207 2.788608631771803
2.0620627978295367 1.4008693043343232 -1.576138445121178 2.3393264927251325
2.101864462292914 0.8057852143387492 -1.8358940593978867 1.3502086256297907
-2.3586266628852104 -1.7057527596289344 -1.5115550394149357 4.406598247352598
1.942517675441958 -2.0912514962888293 -1.4478643877906276 3.0892697951265213
2.051240259710271 -2.5046593993630735 -1.2317825940135365 3.7519407207425512
1.0462005044346743 0.714167563455002 -2.638825760171117 1.1080823521072003
-0.8384945086815829 1.0038420161541586 -2.847088769428094 4.941928488267956
2.8971567089036956 -1.327287602102559 -2.672412145498909 0.24974781395612156
1.1814278117182528 -0.10524679621014466 -2.0404781651160455 4.768168297650586
0.9148378624231666 0.20492056767921918 -1.6809000140225767 2.920313458171966
-1.3014515795600836 -2.315289773112202 -2.161986919727317 3.2755657612223175
-2.747297064156115 -2.6243766745905974 -2.411522631425355 0.30754104322470055
0.7444419994807885 -1.7198260025898877 -2.0653466990405676 1.6794588005098443
-0.07902875082897554 -2.156293041762065 -1.8660827177451869 2.2989143635037532
-2.374993999387177 -2.7743178608847607 -1.234103727344134 3.517045043368113
0.7398357792055887 -1.4778824381300875 -1.0368036408321273 4.726496674221009
-2.2021272793267435 -0.5069671281173163 -2.742299359015776 4.133680739588323
-0.23102905389336437 -2.892121218484743 -2.1508456096334814 1.0143656859291628
1.5618693372463497 1.0808866083861854 -2.3667289291841294 1.639347024556993
1.7385780859033755 -1.5683031483730048 -2.539930849876569 0.7519886652828067
-0.889930925928939 -1.3580543244104497 -1.6191686174708741 4.659467504190042
-0.24541148071459995 -1.9725873330100723 -1.4119302566821488 4.822338511147489
2.846576923940665 -0.11231946533492154 -1.9690510502076175 3.657484372870435
2.323377113970551 1.5003724033518662 -2.4172738188317777 0.5935253396923845
1.624486516743378 -2.7372646992455927 -1.4662929756914993 3.6030971353566676
-1.5525191550428508 -2.28121297622453 -1.943706730439588 2.3449081115690307
1.8952015739040435 1.6112157351368825 -1.3311574597707656 4.3870319856387665
-1.612447756220286 -0.17587215058089978 -2.5949920038092755 4.477298738514466
0.8605636329346993 -0.0652236229375509 -1.3584312757048533 3.475625924631766
0.18291298619169716 0.3478935044770628 -1.878467273155021 2.216384020418307
-2.104089607616467 -2.1552889843945073 -1.1032016729180858 4.896304735598257
0.2941419210342642 -2.890864352961036 -1.7402348806896004 2.07123731657217
2.5201002865674713 2.448646162594594 -1.8233334674274273 4.363669626789905
-2.943975226061921 -2.9244595058437755 -2.706152241797673 4.4016572846757365
0.3480767687396722 0.46605216016829454 -2.7054226023258057 0.4165787006838406
1.428263587384734 1.276563841708116 -2.130024272359969 2.2645852820454793
0.2757404688214109 -2.5265676962512096 -2.0200271236228797 0.4719670474807669
2.8781374038541507 0.1725459876455413 -2.075667291891629 0.6107708395109435
1.6137908850946605 -0.9391530653826079 -1.7920851410032301 1.3377163461040142
2.0857689181941836 2.8684988390755226 -1.9651168167374578 4.361382910979007
1.666528293801763 0.02225235122936642 -2.189780533189036 1.7667256154497446
-1.0924360445478527 -2.951011999102757 -1.4039956262030893 1.7122935904289172
2.7381456671266022 -0.872762317316016 -1.1342493254655976 4.969157349465353
-0.18356638763946753 0.4080568359707768 -2.2184735502142923 4.107753027688235
1.3246194473484767 1.4438922575292246 -1.7359153044972782 2.7636778435135523
1.0561900417828411 -0.5416934847645751 -1.3514548381080773 2.5075312486999826
1.702544901388415 -2.816106575348641 -1.049671850578144 4.582538254034006
-0.5856672980346072 -1.8453288056236037 -1.691880450810886 1.0712195441130268
1.907808376416062 0.6879815700105616 -1.445766121868447 4.523887695889338
1.855461793530358 -2.3465312040113755 -2.0510988582376237 1.0970370605159752
1.9545390405875853 -1.912534712570689 -2.2856641825805326 0.4686903366056405
0.46856204525025724 0.8782592794824087 -2.3901784887483055 3.8608039789787165
-0.7194899868917668 -2.367204677271132 -1.9583019748829553 3.2501591684258635
-0.9942772032334233 -1.1652557500196457 -1.7432062152061856 3.664265653539683
2.8668235906199895 -0.03135871142755153 -1.8446935531651452 3.1543888367006723
2.819280432808724 2.2554089969442916 -1.319402864304183 4.904456010685926
-2.122291917963391 -1.6181068162966281 -1.6788291630245094 3.6539383786758126
2.057803542036318 0.7584214049432436 -1.6270985973437129 2.8408626733079667
2.7980390042272196 1.4420109601722597 -2.1401479981816305 1.6828321609200347
0.48474576271186437 0.7389830508474576 0.5661016949152543 0.43050847457627117 0.6813559322033899 0.7457627118644068 0.5932203389830508 0.6576271186440679 0.5050847457627119 0.5423728813559323 0.6983050847457628 0.6271186440677966 0.6067796610169491 0.4711864406779661 0.44745762711864406 0.576271186440678 0.5932203389830508 0.5084745762711864 0.6542372881355932 0.7016949152542373 0.38305084745762713 0.3220338983050848 0.6271186440677966 0.7932203389830509 0.3254237288135593 0.6271186440677966 0.5864406779661018 0.4338983050847458 0.7932203389830508 0.7559322033898305 0.4101694915254238 0.5966101694915255 0.5118644067796609 0.5186440677966102 0.7627118644067796 0.7084745762711865 0.4440677966101696 0.3389830508474576 0.4745762711864407 0.33559322033898303 0.4203389830508475 0.6338983050847458 0.5559322033898306 0.7694915254237288 0.5457627118644068 0.6474576271186441 0.6711864406779661 0.7694915254237288 0.47457627118644063 0.7898305084745764 0.41355932203389834 0.7152542372881355 0.7830508474576272 0.3728813559322034 0.288135593220339 0.6915254237288135 0.6983050847457628 0.7254237288135593 0.3593220338983051 0.5525423728813559 0.5254237288135594 0.2677966101694915 0.3830508474576271 0.6203389830508474 0.39322033898305087 0.4474576271186441 0.2610169491525424 0.6508474576271187 0.6135593220338984 0.6203389830508474 0.6474576271186441 0.7254237288135594 0.4542372881355933 0.26779661016949163 0.7491525423728814 0.5796610169491525 0.3254237288135593 0.7661016949152543 0.6508474576271187 0.5830508474576271 0.6847457627118644 0.49830508474576274 0.7796610169491526 0.6203389830508474 0.29491525423728815 0.6508474576271187 0.7152542372881356 0.7016949152542373 0.7423728813559323 0.41355932203389834 0.4101694915254237 0.576271186440678 0.4949152542372881 0.5220338983050847 0.37966101694915255 0.4033898305084746 0.576271186440678 0.6338983050847458 0.43050847457627117 0.423728813559322
0.009999999999999997 0.009999999999999997 0.009999999999999997 0.009999999999999997 0.009999999999999997 0.009999999999999997 0.009999999999999997 0.009999999999999997 0.009999999999999997 0.009999999999999997 0.009999999999999997 0.009999999999999997 0.009999999999999997 0.009999999999999997 0.009999999999999997 0.009999999999999997 0.009999999999999997 0.009999999999999997 0.009999999999999997 0.009999999999999997 0.009999999999999997 0.009999999999999997 0.009999999999999997 0.009999999999999997 0.009999999999999997 0.009999999999999997 0.009999999999999997 0.009999999999999997 0.009999999999999997 0.009999999999999997 0.009999999999999997 0.009999999999999997 0.009999999999999997 0.009999999999999997 0.009999999999999997 0.009999999999999997 0.009999999999999997 0.009999999999999997 0.009999999999999997 0.009999999999999997 0.009999999999999997 0.009999999999999997 0.009999999999999997 0.009999999999999997 0.009999999999999997 0.009999999999999997 0.009999999999999997 0.009999999999999997 0.009999999999999997 0.009999999999999997 0.009999999999999997 0.009999999999999997 0.009999999999999997 0.009999999999999997 0.009999999999999997 0.009999999999999997 0.009999999999999997 0.009999999999999997 0.009999999999999997 0.009999999999999997 0.009999999999999997 0.009999999999999997 0.009999999999999997 0.009999999999999997 0.009999999999999997 0.009999999999999997 0.009999999999999997 0.009999999999999997 0.009999999999999997 0.009999999999999997 0.009999999999999997 0.009999999999999997 0.009999999999999997 0.009999999999999997 0.009999999999999997 0.009999999999999997 0.009999999999999997 0.009999999999999997 0.009999999999999997 0.009999999999999997 0.009999999999999997 0.009999999999999997 0.009999999999999997 0.009999999999999997 0.009999999999999997 0.009999999999999997 0.009999999999999997 0.009999999999999997 0.009999999999999997 0.009999999999999997 0.009999999999999997 0.009999999999999997 0.009999999999999997 0.009999999999999997 0.009999999999999997 0.009999999999999997 0.009999999999999997 0.009999999999999997 0.009999999999999997 0.009999999999999997
-----
100
1076
0.4
1.723704750332002 -1.6751063134980386 -1.840505136755382 2.3596688778152664
-1.2397309493541129 -0.20131503749294652 -2.7150229970157604 3.7885013445969324
-1.4482116735223283 -2.246944131627907 -1.7929704456806703 2.725459414946302
2.267915504022629 1.5564475652628027 -2.3202683855534243 0.997006765258834
-1.3425954553889263 -2.4418077551539383 -2.793505699582154 0.30463525846341316
2.582487379543038 2.8925815718993864 -2.180761432474704 2.9109562498747423
-2.504609968651509 -2.8605725334322836 -2.303739684861997 0.8436058559722125
2.205517274713382 -0.9775665466999042 -1.7388390923409516 4.02369309859017
0.15544251544174426 -1.3887155770348296 -1.5735686581624362 3.7277501396890664
-0.4322555215452429 -2.824762604564669 -1.4733256133124404 4.092647824464512
2.925419353052008 0.8620053084652095 -1.7418021574724911 2.873037479784398
0.6855629346350813 1.2966919210697698 -2.4301363799598343 3.266472315787647
-0.1478271963775981 -0.16157431517784682 -1.9784974924807592 2.6094970972197196
2.5008356328590575 1.8131122337652066 -1.901926280318877 2.6662419609886854
1.1783283416233568 -0.2087119910901435 -2.1246871793558793 1.527819698612447
-1.4377511372389038 -2.7609554267953738 -1.6631103868564245 3.7275499372406125
2.924983503834012 -2.1076675856861864 -1.9920976820088578 2.0345440212815253
-2.845442559146554 -2.964006447177839 -2.1026811725027694 3.4656634001397015
2.639990614111635 -2.9708610336030103 -1.8668727799567217 2.9312358313386895
2.7403395281916314 -0.7407418249145381 -1.7286239961099041 2.9677052393040717
-0.6338447146777177 -2.897098874787458 -1.6192690682829254 3.3492437625571685
1.1738667778016816 -2.97268680142776 -1.4726969416565254 4.596300627252155
-1.9197670073642366 -1.9805715196691946 -2.4701437309085157 1.210714711990349
0.8874070299095573 -0.4750998483020761 -1.5423192436164683 3.7300990771083975
-2.9692068286189643 -2.664177951053581 -2.1829557908872794 4.933171076206594
1.5474290593499176 -0.26397400707338614 -2.0568297490380445 1.3312348942324237
0.25637567497976976 0.4097400435381853 -1.9505153910997057 3.5239500467810947
1.5881152256584978 -1.2426032356401535 -1.664654431080004 4.443245775179193
-0.46035772278212184 -0.5074262358051493 -1.8715507576785049 3.2759157658898372
0.5887224844519601 -1.787289465234624 -1.4116563400007722 4.9324965534691625
-0.6396415388896148 -2.5509044630429734 -1.5817594003107938 3.7723446771441003
-1.046172148959305 -0.9372489208668422 -2.483336967195169 1.623446644497875
2.4047213092442794 1.5364108281888698 -1.7089774620761902 3.2623981553825994
1.757451283583644 -1.4393655710360407 -1.5017927757934557 4.021164065076185
2.2459640145020767 -2.874796265834602 -1.817991794321842 3.035029633139161
0.22479984323169955 -1.5446906426607825 -1.8379310523740637 2.8938135603022865
1.373763470348511 -0.23146362419112765 -1.8791382374523984 1.829720345653448
2.649105566248236 1.5971329184794283 -1.6819565129690819 4.676220576498522
-2.5247341431398556 -2.5789375789950246 -1.9835735302390873 2.4599233362211
-1.067602612109634 -2.8831396165998946 -1.9731709689944172 2.295054006898055
2.239383306813885 -1.434393496813073 -1.6157245699258744 4.0229032045865
0.6724224690896066 -0.5732142578660064 -1.4702540372865578 4.752182244929518
-0.6355291245287523 -1.7398020244734589 -1.8635872033589007 2.8151010149561357
1.5996345045204032 -1.0435711565880854 -1.4351204361032266 4.735079179239396
1.0605573755471271 1.611220493118015 -2.4094037259641117 3.3603935547505395
0.8848380382029919 -2.9382477383520937 -2.2223295194449975 1.1149036330384285
-2.8063327071666295 -2.6946225428949884 -1.8292641009196686 3.593318727906913
1.235742301410731 1.0655659187274407 -2.170852259005086 2.183100354321561
2.1985363422929103 -0.2786113734069362 -2.185109351800722 1.2695678632617404
2.519561503294077 0.23660723241557413 -1.7438920060556193 3.0880800909328148
-1.733480323155492 -2.9975629989800794 -1.4786777415419814 4.740689465134684
1.270774139439979 1.5674677956857355 -2.5711121514454853 1.3470182097535415
1.1898143530239746 -0.9606498440368634 -1.7247577346480474 3.2186941407588723
-2.0735253179290734 -2.7871649900379536 -2.5461027721246343 0.48888840295627006
1.17214364012082 -0.8633114858073436 -2.1910619809887235 0.9215473002105181
0.08065481155679083 -0.6204216654547725 -1.968472171914038 2.5590249043079227
1.2754390549213865 -0.7563884270147851 -1.8336744815716775 3.050090887034371
2.3896926267376744 -1.9216150079067433 -1.8669431066747852 2.4252505471574315
2.386585244492241 1.410987742594977 -1.5850426186407691 4.692818439969124
2.2879668852236508 -0.03353745270198094 -1.8194395228191476 3.353879173550337
-1.7708055696734002 -1.128964562303571 -2.38012130384188 3.404821439595345
0.9395803700585863 -2.9791212184778115 -1.6842613803437625 4.601547380647154
-0.9552935093581749 -1.56026765406408 -1.524128555148214 4.411053659076961
2.409018492256494 -0.7719433876283144 -2.1760132198047124 1.2704947321458877
0.20960751593770688 -1.1770316896047728 -1.8445910004313868 2.86798431601201
-0.3835052043179791 -0.8947722519903939 -1.6734659531352845 3.431152281820247
-0.3970020408076447 -1.979592619918165 -1.771102474051824 2.7975299843592247
-1.6348815106139396 -1.3905561471794137 -2.334724729927728 3.2102371624657526
1.165797603853789 -0.028265079538910887 -1.6670362448900176 3.6664075680244568
1.9072542085653108 -1.3586828518304246 -1.9723722567251407 2.2543494954202643
0.5104822476535988 -1.0491854731219545 -1.936613453065357 1.5428069621886735
-1.9726395926583065 -2.0299607290255315 -2.153653137917972 3.340264387012787
2.5594873940247016 0.6032944647031566 -2.0094667844250442 1.6455462976245938
-1.7723088058744059 -1.501929139257662 -1.9663019350645963 3.70049012052776
-1.4970288758167265 -2.6638221992989 -1.7711137777023649 3.375303536326206
-0.7604037684794653 -2.5124711794991077 -1.8460589839242232 2.07289278685219
0.3011277499682383 -1.7149479005150896 -1.5594531846718964 4.057639665791588
2.419996263060925 -0.5029740871339801 -1.5916524484293255 3.6977532519588703
2.7165418387247326 -1.7120737966601698 -1.9910741669099183 1.5580479941544816
2.951248487206578 0.3607396841637067 -1.5614532314251504 3.5116369237954452
1.1668046948958546 -0.24345114115805533 -1.733943674102774 3.0421567100539284
-0.2445488827996507 -2.4973733482030074 -1.7083258732498123 2.7235431119787927
2.4057667175137603 0.12464041504859869 -1.6168904205232246 4.166296359557967
0.28537928620975417 -0.8548323366522508 -1.7633224536210281 3.7940427751693657
0.21499435492931873 -0.16355545212937317 -2.2210274181145824 1.7051033681554653
-0.9337697047693658 -2.81580879681902 -1.5908180021340328 3.2860738897780717
0.9475490473233716 1.1123901390300033 -2.051061994193654 3.9852855943671077
1.7358626042684875 2.4636681995052134 -2.484093457338128 3.12153437164054
0.013616318707579511 -1.5571053135324602 -1.9922895402381526 1.5324864085422583
0.17536843086786458 -0.635098767861221 -1.865001229907368 2.8718309426861754
1.3894699234398002 1.8464096378302801 -2.1158314959361286 4.280692812461825
0.7916556753006141 0.5415891666520785 -1.8193497723859013 4.381753384543784
1.214958750504332 -1.7199956061250519 -1.5851215476517693 4.838405083789807
1.8470435737811997 -0.2770238862547978 -1.518252493619304 4.654618632537824
2.9976207732625433 0.523261106105818 -1.5909874449634112 3.763647803191205
1.3986146958132037 -2.9869433107033294 -1.6874237632335762 2.6620762769241284
-1.5862926372486694 -1.193124191873844 -1.94929953519793 3.9635900572783216
-0.42564291610831706 -1.8689945554419416 -2.2505652503371905 1.0623656935885237
0.7227074307537631 -2.403307864104681 -2.2055805040814787 0.8616075685537539
1.3301473646124085 0.1896278632362219 -1.84007868331736 3.0212736148917365
0.3016949152542373 0.288135593220339 0.2745762711864407 0.33220338983050846 0.35593220338983056 0.33220338983050846 0.34237288135593213 0.3898305084745763 0.31864406779661025 0.39322033898305087 0.28474576271186436 0.29491525423728815 0.3830508474576271 0.3084745762711864 0.39322033898305087 0.2474576271186441 0.36271186440677966 0.2915254237288135 0.39322033898305087 0.27796610169491526 0.3220338983050848 0.30847457627118646 0.24406779661016947 0.3830508474576271 0.2745762711864406 0.31864406779661014 0.36949152542372876 0.34576271186440677 0.3525423728813559 0.36610169491525424 0.2983050847457628 0.3728813559322034 0.29491525423728815 0.3525423728813559 0.3593220338983051 0.3389830508474576 0.34237288135593225 0.3457627118644068 0.26101694915254237 0.39322033898305087 0.2847457627118644 0.3254237288135594 0.3220338983050847 0.36610169491525424 0.33559322033898303 0.3559322033898305 0.311864406779661 0.3559322033898305 0.3525423728813559 0.2983050847457627 0.30508474576271183 0.311864406779661 0.28813559322033894 0.30847457627118646 0.34576271186440677 0.3593220338983051 0.39322033898305087 0.31864406779661014 0.27796610169491526 0.39661016949152544 0.19661016949152543 0.3864406779661017 0.3627118644067796 0.3525423728813559 0.3423728813559322 0.36949152542372876 0.29152542372881357 0.3254237288135593 0.2711864406779661 0.3898305084745763 0.37966101694915255 0.3152542372881356 0.311864406779661 0.2881355932203389 0.28474576271186436 0.3152542372881356 0.288135593220339 0.29491525423728815 0.3016949152542373 0.3627118644067796 0.2677966101694915 0.3220338983050848 0.28135593220338984 0.35593220338983056 0.376271186440678 0.3627118644067797 0.30847457627118646 0.30847457627118646 0.3254237288135593 0.3220338983050847 0.3016949152542373 0.31864406779661014 0.3084745762711864 0.2677966101694915 0.29491525423728815 0.3627118644067796 0.37627118644067803 0.34576271186440677 0.3525423728813559 0.3525423728813559
0.007778803965705291 0.014257447288527807 0.009485632583728141 0.011687910565842117 0.018840357724803313 0.014885395673971796 0.017186027965137865 0.008595953226696486 0.00787165846773442 0.010356492513966723 0.009490178716910526 0.010778891269457245 0.007829839324795024 0.01030253159964463 0.0077804966787036614 0.010661204696488083 0.010722043392775094 0.015126044324441998 0.01205196337318541 0.008594219794628611 0.009592873374677 0.011494617675033727 0.013116171682579761 0.007823736772767641 0.01983887773240765 0.008012399735640599 0.008275860634662343 0.008721848903897997 0.007970430558463975 0.010295849331425773 0.009360179701686984 0.010343302282711558 0.009876952419192614 0.008583077030829354 0.010647374413314564 0.0072416522605113645 0.0075830853527248466 0.012593587977505448 0.012788883450860138 0.009811881591163677 0.008980039849868447 0.009517584000588842 0.007885152527904522 0.009660611666507205 0.01127732325384072 0.010724127300615418 0.01446047902250034 0.008657158002494522 0.008612521955387082 0.008332909755315353 0.014848248541621058 0.012217276390362226 0.0071822368756975985 0.01816118762655806 0.00847667933404665 0.0073466600488795815 0.007083950574058769 0.00892567329929317 0.012016263068728966 0.007997293989868533 0.010997393529524382 0.011088984125560183 0.01006737084484688 0.008904222378370791 0.0071664468090819845 0.007976858177976552 0.007892569264545363 0.010246513217892762 0.007716185649469782 0.007734858408366681 0.00775033756875017 0.0106087316044173 0.00904804280804025 0.01000489242818662 0.010132011312009985 0.009104485567818354 0.008252831679488551 0.008562272973375796 0.00985384947442299 0.009715320704680385 0.007254126799476614 0.008424068493984666 0.009198734831009598 0.007587060348966877 0.008175509159784801 0.009891022656156932 0.009518136237656186 0.014495346104738044 0.008080240853154532 0.007263659778934131 0.011800592489138126 0.009152853261190225 0.009709934401996632 0.009516690803890084 0.01005824343337819 0.00964678526158486 0.009975808232162982 0.009511428034461072 0.009888922322832618 0.007407544855338495
-----
100
204016
0.1
-2.469044019361926 -1.9822252665163398 -2.33489919710088 3.6035663036601013
-2.80946033920213 -2.388632153531272 -2.298290093659339 3.292656183645768
-2.774524277288049 -2.35151176029128 -2.1189001091256343 3.8173141796022136
-2.8358195523935543 -2.224626251222718 -2.5461686626721862 2.675153668327459
-2.6171876642547636 -2.4613099404486274 -2.0960281542866457 3.4440918820915782
-2.4268886291026543 -2.214920999412382 -2.2950480328210388 2.20544433416993
-2.6185854674221045 -2.540529519263624 -1.950365975864497 3.9955448643337235
-2.8746210496441655 -1.7167333623596739 -2.7044222484201716 4.886759814667295
-2.3065394948117346 -1.7850098540463633 -2.2911850057198597 3.99869598816149
-2.938711243459259 -2.298786162919739 -2.3994532191765012 3.6599119349966163
-2.8743839765235273 -2.098749959776432 -2.511237750944694 3.321851389821885
-2.879219575945807 -2.173751915133932 -2.547108439559172 2.678902765434614
-2.9533007885679496 -2.453326377613099 -2.5323638552870142 1.9871299568340497
-2.5740134627350613 -2.2039534095837 -2.1995710923001517 3.6918135562167915
-2.380360429279032 -1.8389374744779123 -2.227690298695943 4.900403023015192
-2.8618329880481532 -2.879427458625771 -2.093003089087417 2.6539753262778416
-2.692388819793819 -1.956451077170768 -2.421678575366694 4.543254577731552
-2.728901199932836 -2.21552921485225 -2.290633480866592 4.564240538748605
-2.7153942889758804 -1.8423278995912777 -2.5299214266954237 4.163344725741003
-2.2573805936849176 -2.144205101745711 -2.088593317629571 3.326695933240613
-2.78738074427871 -2.163988280463918 -2.626406037435447 2.1655124809285478
-2.6860538019681 -2.1509174560223285 -2.409669009391275 3.7934401758137453
-2.8188974338684902 -1.9242737245975778 -2.7374331180058666 3.1202046423833494
-2.874095271662216 -2.1024776214593737 -2.4504549982353065 4.34490741196411
-2.3878550603525204 -2.238459465040798 -2.0891703043197416 3.258974104723481
-2.06223654357831 -1.8335206155217498 -2.1228322859676187 3.62779318329759
-2.9149237183307295 -2.1397184402291836 -2.657437728530799 3.1361752672301084
-2.563481570059979 -1.9345531313793278 -2.421992096495915 3.665446886504748
-2.9187117949194956 -2.649716078872384 -2.2161618206430647 3.7967499278000956
-2.3103645128402475 -1.5683257751090247 -2.4647725100533187 3.628127498534663
-2.7862004928482333 -2.479805467722149 -2.203123192787025 4.19578742635871
-2.356542257838609 -2.3860646419920855 -1.9922898679998613 3.2997199188354287
-2.5025798774298798 -2.387380106923219 -1.8858750874231363 4.970789781574056
-2.4669847042428135 -2.312749977364267 -2.0019499358154684 4.290706095374071
-2.33574130126023 -2.313492691168576 -2.022161018695269 3.3592044303633752
-2.9459991412916655 -2.9871090569758936 -2.0559243097315387 2.8743905509251664
-2.555692770978079 -1.8541770676837204 -2.3793084922799155 4.614575137608897
-2.6515649819645777 -2.205702277996225 -2.142900279437336 4.653316529224642
-2.4614449890952588 -2.3149304328519875 -1.9524340926045558 4.4775136461124685
-2.5722750058151567 -1.7639652342407515 -2.398512975541174 4.656260510921161
-2.389420060552274 -2.021206414220577 -2.027865046216385 4.50845770874049
-2.5434798640098273 -2.479542062583308 -1.921253344967081 4.078247821457577
-2.318394888136938 -1.6529847322460258 -2.308224270959175 4.340794146268298
-2.822802182593434 -2.2095759782700695 -2.4737036782110073 3.098556416173361
-2.932822433836533 -2.4284708505651236 -2.731878428691976 1.7300539506823636
-2.9715060334902854 -2.7896720274580207 -1.980040581293448 3.873036551443625
-2.7456396611665896 -1.9347213110114934 -2.4838843472613217 4.3750871023614835
-2.81287849607716 -2.378042730962293 -2.2993643112833055 3.155775221240167
-2.424848781846322 -2.4168919430077374 -2.0103194896833756 3.9274467084497506
-2.910777820906544 -2.6179966832381076 -2.6301605882198826 1.2279316835895335
-2.5495129180070717 -2.3081102361219044 -1.9793109201768126 4.454789651335322
-2.792461383719049 -2.3382208811734424 -2.505549107392855 2.4984729179803153
-2.5493956838750105 -1.9938331511476308 -2.2862248974723935 4.236416289566695
-2.787177607426168 -2.17200610943222 -2.4221574656275253 3.691320133769847
-2.813300629283695 -2.2205899300158514 -2.2374331148557225 4.749895799481013
-2.2881087572807157 -1.7639081100738285 -2.2025054190347526 4.312191069911077
-2.600302542420166 -2.45924878125024 -2.1242100258045884 3.0849809196453606
-2.528653953838224 -2.2832977999586164 -2.0628722312257075 3.490598517646588
-2.7208231589622183 -2.23741728495774 -2.4084872680624843 2.9295104489254764
-2.850640646801657 -2.2034140755833223 -2.649955592774716 2.3443310427144697
-2.816279445070851 -2.4010083524058627 -2.2180852120101497 4.62715478051029
-2.8043173869190228 -2.7849574656824805 -1.9735360653162832 3.465960687582896
-2.1101486506114657 -1.801729489718885 -1.9912023001098877 4.915322559294767
-2.6566917217597155 -2.6230236421280715 -1.9471021950830998 4.03068169254559
-2.11972111462974 -2.1218160166491433 -1.8709149382554402 4.720666567870369
-2.918909956238459 -2.727036192917202 -2.4430238611504618 1.6981161616357472
-2.6062028190554445 -2.335235881476114 -2.092053977214349 3.6228031579075224
-2.657561101877595 -1.9502475403516597 -2.3704893026493288 4.548648087535151
-2.3889836328893828 -2.378098229069314 -1.9575066355221435 3.7649691741986673
-2.922391067603975 -2.093793232864502 -2.520741160982583 3.9375879306428683
-2.252417371188743 -1.9301251248277058 -2.0246211795039706 4.706452616386066
-2.7301018346393455 -1.60555631150304 -2.6731970736087876 4.669968117055779
-2.9074683321058106 -2.397825851121804 -2.4399896923377304 3.1405247116584714
-2.332097620424923 -2.351989449881493 -1.8966680176291872 4.247050792516062
-2.704003554050475 -2.0140822423592932 -2.5779675291602606 2.2529362508762896
-2.5998462811369327 -2.0192891589787907 -2.280285063856544 4.854515511370837
-2.9105444475548348 -2.704626603461895 -2.2257535792835577 2.715082814747413
-2.8094932915925614 -2.3570574182820194 -2.2801966323695613 4.004223562331835
-2.9781696243094147 -2.5272012904315253 -2.955809157169518 0.8403163558522935
-2.8844332557224273 -2.515951789822493 -2.351051142550543 2.3504298972260287
-2.7569562556927236 -1.7991632732651148 -2.6098092501469994 4.822250647484598
-2.5073487234929765 -2.279007181966023 -2.1791097712854253 3.4615719683382933
-2.8536741051348518 -1.8611021118254796 -2.6765738030893473 4.439086345902293
-2.6829409307348593 -2.5666913000314646 -2.070828988852904 3.437297530253614
-2.6747754326220394 -2.4341169323114835 -2.0676898009160953 3.5916481610871767
-2.632620648154466 -2.4428331474048663 -1.9351483670619998 4.85876216820053
-2.6096296969690562 -2.35783507206158 -1.97056074536119 4.666525575789051
-2.7716608553012847 -2.514825365583439 -2.092642460123309 4.138536043678372
-2.323835535998152 -2.1137614354021217 -1.9842305971256782 4.897693897703792
-2.545203876352098 -2.1440215066287363 -2.0254456306324196 4.800643484986049
-2.127277449172755 -1.8495652720755336 -2.0195850673202793 4.464554284797857
-2.7056656923291476 -2.3891350926653914 -2.032348078686086 4.571129000405548
-2.6717741172127965 -2.3572931182031436 -2.0795226003820946 3.8149973705960054
-2.758676468244661 -2.438237723233159 -2.207836486059556 3.520382988376934
-2.6226776118967736 -2.3036461140208733 -2.2986955563786275 2.635685728930898
-2.821765402299355 -2.600857714899889 -2.205303741033219 3.1746206028479627
-2.7045744306433805 -2.3490989424126303 -2.5118865505710155 2.223277814562655
-2.7573123385196006 -2.444455475989505 -2.356900251686709 2.489541030324026
-2.6361497500285935 -2.6714818001058562 -1.97433953896771 3.922745554408092
-2.925507992932989 -2.1462846653441114 -2.5907686575686735 4.373434334980551
0.06440677966101696 0.06101694915254241 0.09491525423728812 0.08813559322033898 0.07457627118644072 0.07796610169491536 0.09830508474576272 0.08135593220338977 0.08135593220338984 0.0745762711864407 0.07457627118644061 0.050847457627118675 0.088135593220339 0.0847457627118644 0.0847457627118644 0.09830508474576272 0.08813559322033898 0.06101694915254241 0.06779661016949151 0.0949152542372882 0.09491525423728814 0.08135593220338977 0.06101694915254238 0.030508474576271205 0.07796610169491525 0.09830508474576272 0.04745762711864404 0.07796610169491525 0.07457627118644072 0.07118644067796609 0.07118644067796609 0.09491525423728808 0.08135593220338988 0.08135593220338985 0.0779661016949153 0.09830508474576272 0.07118644067796609 0.06779661016949157 0.0847457627118644 0.07457627118644072 0.09491525423728808 0.09491525423728817 0.09152542372881356 0.09491525423728808 0.09152542372881356 0.09152542372881356 0.0847457627118644 0.09152542372881356 0.09152542372881356 0.08474576271186446 0.0983050847457626 0.07796610169491526 0.06440677966101693 0.08135593220338988 0.09152542372881357 0.0847457627118644 0.09152542372881356 0.0949152542372882 0.057627118644067776 0.06101694915254241 0.09152542372881356 0.09152542372881359 0.08813559322033904 0.08813559322033898 0.0949152542372882 0.054237288135593226 0.08813559322033904 0.09830508474576272 0.09491525423728808 0.06101694915254241 0.08135593220338988 0.07796610169491525 0.06779661016949151 0.06101694915254241 0.09830508474576272 0.07796610169491525 0.07796610169491525 0.09152542372881356 0.08813559322033893 0.07118644067796615 0.05084745762711873 0.09491525423728814 0.08813559322033893 0.0779661016949153 0.08474576271186451 0.08135593220338982 0.07796610169491525 0.09152542372881356 0.06101694915254241 0.08135593220338982 0.09830508474576272 0.09152542372881356 0.08135593220338988 0.06779661016949153 0.09830508474576272 0.07118644067796615 0.09152542372881356 0.09491525423728817 0.08813559322033893 0.05084745762711865
0.008597153751979073 0.008564871763867598 0.007511419027038176 0.01168650674871788 0.006962533436923205 0.007907196978061422 0.006938477518420068 0.027294689949287642 0.00848992956453722 0.010431193546122333 0.011828177859137083 0.011814369093909182 0.011444514909999114 0.007566656349438074 0.010336429728386802 0.007851110363812794 0.012549217113831314 0.010370826554502888 0.01392593361767947 0.006354491813886252 0.01263007662069278 0.010261342997345135 0.018120027465869434 0.012819529945854662 0.006518272004516643 0.006448902845599595 0.015507355990313824 0.010045903308586155 0.008548912538832432 0.010471041820716759 0.00867303313165593 0.006252285906639739 0.008638756355283649 0.0071496637577796686 0.006273175293394993 0.00789080041243584 0.011772098322807885 0.008959734453976196 0.007349166437850243 0.012415025051934387 0.007552449845741915 0.006849908039504414 0.009529732676115284 0.010731535997037195 0.015072165901494433 0.007648547074127647 0.013488767698504338 0.008517943077529531 0.006680084133749157 0.012850694959448735 0.007502414365935759 0.010777700856418685 0.009171737982378097 0.010500461427640492 0.010472274006929792 0.008200648573722987 0.007016931242351518 0.0066736477796803355 0.009423643288275158 0.013565392949270323 0.009880596660388001 0.007124449039987353 0.008197174934071216 0.007072886547489934 0.007266229331217032 0.010567117291195421 0.0069695956024512775 0.011495201099081906 0.006375198752630433 0.013432810907047012 0.007856765945347751 0.02281856362845646 0.010478674246021218 0.006698764967839607 0.011577653748403232 0.011094083353818868 0.00833606009803805 0.009101200702589832 0.022364333368983323 0.009215880316446053 0.020576530760305075 0.0071865738917532415 0.021452635474563816 0.00701257424047362 0.006988347700676181 0.008594742425647233 0.008066456651806704 0.00781027961426643 0.008314635155159721 0.008520324998828294 0.007131799106612223 0.008209312424217437 0.007158324578762788 0.007846101372637682 0.008107196620504718 0.007895872195422305 0.010545628768179527 0.008929468122610485 0.007009732707029451 0.017322736421559803
