4
100 100 100
380 1211 287041
0.8 0.4 0.1
-----
100
380
0.8
-0.8258456919744983 -0.25356305109700283 -2.063217912517404 4.039793433459659
-1.8457061539556636 -1.0708465191411958 -2.716593118292371 0.625271424491114
-0.6110809351955382 -0.1953061038617725 -1.5828514576268953 3.0441087200615815
1.9782863456487814 -2.034712510946847 -1.8652804740989843 3.063538468932162
2.344376890372671 1.3868250542070637 -2.462826446405957 0.46921870331694704
-0.5901534264296053 0.6098747909825613 -2.842327591250032 2.6406638850869477
2.4550657344583655 -2.8659310986115867 -1.6599554673037322 1.6409914942892356
-0.14053020697343177 -2.529385984685267 -2.979606183560399 0.23741692553149063
2.9619338666276995 -0.5397410615898335 -0.5089927238334888 4.461504554459289
2.22354326911778 -0.8588242660640009 -0.8548721700993784 3.0032971832983266
-2.008006349671787 -2.661714805831103 -1.2611889202708442 3.9924442600114673
2.431683982798149 -1.1371986263166503 -1.9726605751180788 0.7060623780795039
-0.6815804344590135 -0.4479178900809746 -2.4883025437336395 0.3517256135385416
2.7621314732684237 -1.4147530324136 -1.4474569739131162 0.8837863980423721
2.3112564080899887 -0.20171474560983427 -2.608432771006587 0.1267193478801465
1.4318432874336304 -1.1964056983865534 -1.6943426122672016 2.264318532356956
-0.014591181943029774 -0.5270656662668167 -1.1883781692655502 3.532257211250016
1.9791726877584317 1.979225258910998 -1.4872829117254205 4.432303810675135
-1.3920510635801375 -0.44365601902088514 -2.3068231980199805 4.338267928316766
1.0621093761221285 1.2127011387250715 -2.236144281915422 0.26291038024367164
0.8113505517072608 -1.5748670905573414 -1.1799930271734398 4.325888097964508
1.9410102215069482 0.382343807335463 -1.0047755241367877 3.5786015772874116
-2.6981383726009094 -1.5137132106732278 -1.742249941380484 3.4790158481989772
-2.5744196491398235 -1.8484629432737347 -2.5363571323324265 0.7261007994964752
-2.110518797844264 -1.294407928287581 -1.4032999118410376 3.9356315557749353
-0.42555082041127035 -0.33017115515723194 -2.1996439882061516 0.7078737570752391
2.5043909218002547 -2.8844299077810405 -0.5934084377545212 4.982615340208481
1.5486945947262836 1.042007282973624 -1.498087733556103 1.5949353747659045
1.6411799294832639 0.6932838770641125 -1.7887902473095112 1.3062964230125218
1.3630756307980327 -2.6843668281556288 -1.5131825521103774 2.2514314252973024
1.3205566275358507 -0.10363175956056203 -2.23951971990729 1.113848835655954
0.054435370627955226 0.10787414712640153 -2.405898651549264 0.6317525375633137
1.419235593296424 -0.6913825293322913 -1.6010304668302848 3.464425451365006
2.1194077050130176 0.34879132635361243 -1.1532228287176505 1.8140152163565093
-2.80930524303043 -1.9759656298339836 -2.119373283626451 3.8065389657478788
1.5281914828847158 1.310225070101792 -1.596143442464782 2.2456297046596188
0.7699899701569923 -0.4560822637194901 -1.1156654956061947 3.4912300626438606
0.2919584752001678 -0.22217441544536198 -1.0651221619986597 3.2911649032789447
-1.8326783542597904 -1.8937961012036948 -1.2689158330832706 4.73839712544279
-2.2025902790782044 -2.422614235425322 -1.0776487852709127 4.559674091322944
1.0644468795999131 0.7378814771770399 -1.6880807308197396 4.4123303003660475
2.5432708137808815 -0.8823267016409684 -1.5653709542843268 4.874289106460115
-2.797225682145101 -2.697905837285562 -1.550233146076742 1.0163821123423689
-1.8359451385016827 -2.3005631671881592 -1.295093680334836 3.8444950842853585
-0.627398428109124 -0.03204673723920859 -1.924579081291499 1.7576129825288866
2.3876859010419302 -1.3404108138096613 -0.9567617579382093 1.9518298956184532
-0.70943232562656 -1.460068556129948 -1.5579764906011921 3.949555761240171
-0.3425859712528676 -1.3137953950640426 -1.1601457315335315 4.120122852567595
-0.9386014092242445 -0.20566779755254938 -1.2627836778083692 4.172184920953655
0.7165908562712242 -0.7817860902789815 -1.486449979596262 4.901775194320074
-0.05628107810841554 0.371469928161122 -2.594873410795436 2.4000175004438153
2.09289543064442 -2.3564727724114345 -1.1883844345814936 3.401456839435043
2.746831070865298 0.0947825524306043 -1.2683289427352065 1.2296735681930604
-0.1771144870554351 -2.3619535983804743 -1.4117469050546756 3.329586500809457
1.7575728921341902 1.7664291547846762 -2.355249219137039 0.4420672483568533
2.3335187987048887 0.20429498395365586 -1.4187793260081887 4.411130741752371
-1.3396000940058794 -2.9662775899512197 -0.8330479116937082 3.5881901765319646
0.9511840731781525 -0.455870936152587 -1.0314660992398377 4.889382198555243
0.3573162834122039 0.9349093866120306 -2.614879793262622 1.6382499990968014
0.7458991291545374 0.376550828482221 -1.1022701330399398 2.0086567180299495
0.7432642102866365 -0.7266374976481265 -1.5442011270655764 3.0246363835976284
1.2769196236271778 -1.7854816491963073 -1.844889807984071 0.9139391349007708
-2.299193343703394 -2.053565450128398 -2.15457288320549 2.055302740177015
1.2495429984228181 2.685294766161409 -2.8035090081967833 1.207300963553617
1.3868206679864699 1.7241639458259383 -2.072097689786116 1.7773387821649
-1.5316589951389905 -1.2184322201715672 -2.300906935607132 4.868808221623371
1.0068789775016391 -1.5277404269188302 -2.300443326559247 0.5462724433871124
-0.32543558414088736 -0.8071685158921675 -1.2564734682473606 1.8401016286696281
1.3538251275415902 -1.8043735968523849 -0.9849191260908889 3.4670138848617995
-2.5528544383203102 -2.1836952904725466 -1.5543198677214904 4.426618462813801
-1.2174473328455329 -1.656234507249791 -1.5224060795541359 4.553968700469005
0.9189840275749122 2.8736016057174476 -2.456826025579442 4.492666437897279
-0.9197265514867605 -0.052828966396708754 -2.016632253004272 2.1511550864173534
2.4596322891280007 -2.238447742425281 -0.6522195697670394 4.452772902613754
1.2498331983885498 1.2337134863743557 -2.251066301096622 1.6782524759254192
-2.87061087036063 -0.8369652528750557 -2.3460853648120925 4.824109701305085
-0.15109253487946095 0.7632656892651846 -2.4953505353764935 0.595644738463178
1.776230978967579 -2.8959409682735897 -0.6808297298984094 4.951539918882839
-1.2211524812000691 -0.7121844359451592 -2.449249981516417 0.9506959803617709
1.0471224970968809 1.0348761874585755 -1.3703145421863927 2.661733227205103
2.069790412580101 -2.1744119343016473 -1.6111442795551398 1.22106787867719
-1.3361966872106978 -1.8041270803547604 -0.8478044998300538 4.670970421437226
1.6451489884054329 2.6171813744625094 -2.9374411329302785 0.2773693270466637
1.009493332983574 2.606040783023907 -2.110792003218612 4.254425917566236
2.0237618682301868 -1.0448167808675497 -1.3407604139938285 1.959221547672042
-2.055359417537146 -1.3400034068419102 -1.675319629705883 4.1229962507651905
-0.03658669957169858 0.565372604616468 -1.9998008813437724 0.855917321319315
2.3963996596523405 1.908382726901105 -1.193557238354291 1.6957171540216598
0.16086230511680277 -0.12216150764931566 -1.627052733371542 2.9777640199698374
-0.12098199672525967 -0.6923540286966343 -1.5335700806741497 4.299872307391517
1.904774579080323 -2.5325020155468163 -1.2458967109914534 1.306276544902495
-0.19820259805049956 -2.7822089022698107 -2.1061783070503655 0.7668795163655318
1.3154572026575 2.2996495105649597 -2.2467704060317355 1.1739182281080252
-1.908023956586339 -1.7028870778115497 -2.0076540805661733 0.41303335945304887
1.3903728243316298 0.24170175829571372 -1.9683086566801598 0.6842843748683325
2.60644758169535 -2.1856081606720132 -0.7245228528126515 4.500253970031833
-2.0777187261571552 -2.536834434018782 -1.240341048493351 1.472012399507262
-0.8654608295940172 -1.3386960773857797 -1.5902813759756653 3.159965289403941
2.5239848396225364 2.788930103207292 -2.0784158734222467 1.2667078814186383
-1.830913899545744 -1.6939656856709364 -1.2089442303633677 2.2771564563964497
0.352542372881356 0.47796610169491527 0.5694915254237289 0.6983050847457628 0.5084745762711864 0.43728813559322033 0.3389830508474577 0.7796610169491526 0.7728813559322034 0.6915254237288135 0.34237288135593213 0.40338983050847466 0.5627118644067797 0.6915254237288135 0.5152542372881356 0.423728813559322 0.5152542372881356 0.34237288135593225 0.3016949152542373 0.7830508474576272 0.3593220338983051 0.5525423728813559 0.7084745762711864 0.4576271186440678 0.6542372881355932 0.4915254237288136 0.7084745762711865 0.5627118644067797 0.36949152542372876 0.33220338983050846 0.6203389830508474 0.3593220338983051 0.48813559322033895 0.6711864406779662 0.28135593220338984 0.4305084745762713 0.5050847457627119 0.6101694915254237 0.35593220338983056 0.49830508474576274 0.4915254237288135 0.5796610169491526 0.6677966101694915 0.3525423728813559 0.6372881355932204 0.7661016949152543 0.41694915254237286 0.41694915254237297 0.7728813559322034 0.5016949152542374 0.7830508474576272 0.43728813559322044 0.7016949152542373 0.3220338983050847 0.511864406779661 0.40338983050847455 0.6711864406779662 0.4338983050847458 0.5389830508474577 0.776271186440678 0.3864406779661017 0.40338983050847455 0.17288135593220338 0.6813559322033899 0.38983050847457623 0.6983050847457628 0.44745762711864406 0.6576271186440679 0.5694915254237289 0.3322033898305084 0.34237288135593225 0.7864406779661017 0.6305084745762712 0.6983050847457627 0.5627118644067797 0.711864406779661 0.776271186440678 0.6440677966101696 0.38983050847457623 0.5864406779661018 0.48813559322033895 0.623728813559322 0.7661016949152543 0.7966101694915254 0.5152542372881357 0.4576271186440678 0.7898305084745763 0.7322033898305085 0.29491525423728815 0.3966101694915254 0.7084745762711865 0.4067796610169492 0.7694915254237289 0.7491525423728814 0.4474576271186441 0.6711864406779661 0.6915254237288135 0.34576271186440677 0.4847457627118644 0.711864406779661
0.009999999999999997 0.009999999999999997 0.009999999999999997 0.009999999999999997 0.009999999999999997 0.009999999999999997 0.009999999999999997 0.009999999999999997 0.009999999999999997 0.009999999999999997 0.009999999999999997 0.009999999999999997 0.009999999999999997 0.009999999999999997 0.009999999999999997 0.009999999999999997 0.009999999999999997 0.009999999999999997 0.009999999999999997 0.009999999999999997 0.009999999999999997 0.009999999999999997 0.009999999999999997 0.009999999999999997 0.009999999999999997 0.009999999999999997 0.009999999999999997 0.009999999999999997 0.009999999999999997 0.009999999999999997 0.009999999999999997 0.009999999999999997 0.009999999999999997 0.009999999999999997 0.009999999999999997 0.009999999999999997 0.009999999999999997 0.009999999999999997 0.009999999999999997 0.009999999999999997 0.009999999999999997 0.009999999999999997 0.009999999999999997 0.009999999999999997 0.009999999999999997 0.009999999999999997 0.009999999999999997 0.009999999999999997 0.009999999999999997 0.009999999999999997 0.009999999999999997 0.009999999999999997 0.009999999999999997 0.009999999999999997 0.009999999999999997 0.009999999999999997 0.009999999999999997 0.009999999999999997 0.009999999999999997 0.009999999999999997 0.009999999999999997 0.009999999999999997 0.009999999999999997 0.009999999999999997 0.009999999999999997 0.009999999999999997 0.009999999999999997 0.009999999999999997 0.009999999999999997 0.009999999999999997 0.009999999999999997 0.009999999999999997 0.009999999999999997 0.009999999999999997 0.009999999999999997 0.009999999999999997 0.009999999999999997 0.009999999999999997 0.009999999999999997 0.009999999999999997 0.009999999999999997 0.009999999999999997 0.009999999999999997 0.009999999999999997 0.009999999999999997 0.009999999999999997 0.009999999999999997 0.009999999999999997 0.009999999999999997 0.009999999999999997 0.009999999999999997 0.009999999999999997 0.009999999999999997 0.009999999999999997 0.009999999999999997 0.009999999999999997 0.009999999999999997 0.009999999999999997 0.009999999999999997 0.009999999999999997
-----
100
1211
0.4
1.1842234229492072 -1.1715147161597634 -1.5386856038726884 2.555155742140956
-2.336052986748973 -2.9630006299121443 -1.4279060893450843 3.7409776505418955
2.7479435918425668 -2.7484158636874296 -1.2937890188339742 4.885207848651757
2.7123494294690884 -2.3235070608068966 -2.4473761166156853 0.2922561951205922
-1.2631775220250225 -1.629076337512915 -1.5517315002757968 3.896668094735534
2.1405647482803194 -2.3703050251332094 -1.4657256923364643 3.2068571922712232
1.9141885092909967 -0.7499030506762552 -1.3853824572797817 4.269848380099933
-0.9711759117240735 -1.792285071643675 -1.2760340652831736 4.697299072733196
-1.1624446212397959 -1.8329139723250119 -1.475386733122024 3.0893579502835324
1.7048412779613031 -2.8563913063982853 -1.1891619757591831 4.55709978944483
1.9779283533643763 1.2562826680879544 -1.2740971151214437 4.8314389289849045
0.0726506858421394 -2.2197324011809223 -1.4168823986345864 4.192307950866136
0.009223448515460086 -2.6680999738504974 -1.1201267697777504 4.868329001067095
0.29254853863287933 0.9767534963902862 -1.9764724829011575 4.819639296783566
1.9186287362251684 -2.757617294582635 -1.5168923056962 1.9503693462076412
1.3593023354675178 -2.6899879209799704 -1.9348261470368948 1.0005307692399366
1.7362795437674534 -1.6312409536341912 -2.1778537305364054 0.4676711612798702
-0.858446061723789 -0.5609020952322519 -2.1063323411023713 2.183688502058401
-2.7282157142378245 -1.9436705096504912 -2.372486217071332 2.024507916970675
1.9865245531776683 0.7808407732794614 -1.5939062333874583 1.7726998445645583
2.5336616098845006 2.7864901589654143 -1.8672512501046492 2.930677429951688
-1.3257449547945646 -1.491496457566482 -1.6442757991829713 4.5509647835945
0.2462471455191535 1.0549381620296132 -2.201210574319064 4.43418653936195
1.710140602641272 1.5794157113516154 -1.4131842730411932 4.056249732785064
1.7578487323509806 2.065112272572243 -1.7940717108452846 3.245795735798383
1.2657925525681426 0.3331910489954677 -1.2846904016604483 4.797721451030857
0.16014769001825524 -0.4071582024352205 -1.3725840831623666 4.848189261196473
1.4235624868017478 -1.8280651952728568 -1.4544710078106051 3.1536555759851135
0.12742037655140304 -0.8288576354619632 -1.2782542194192967 3.600933717068616
0.12703632265671083 -0.48360875742183085 -1.3775820575553621 3.33754416765855
-0.5571915835917878 -1.7870030990938077 -1.3831009085771693 4.691998692920223
1.0752003522882068 -0.22186869373280693 -1.822602159889956 1.139624357552715
-1.4255176243033112 -0.2974749117151321 -2.7344979593553442 2.7447307462941737
1.4178196782701815 1.971709867928345 -2.4948498316532772 1.2171871497987354
-0.742001667173614 -1.5022866100252565 -1.890549796253734 1.0619958964845784
2.8124613833266023 1.0521584235135975 -1.9021626485251744 1.0659873882316002
-1.325670511373339 -2.40199370783628 -1.2598351104817531 3.9920973211973276
0.9705520822031226 -1.7171687004671927 -1.6259006752856635 2.0826194665812823
-2.5436196133167996 -2.2462708241346525 -2.50878739391825 0.6178518511018253
2.837201723558001 1.062738458825317 -1.2174769545097661 4.138830680328381
0.3168428396728433 -2.699039356923552 -1.5880660089523881 1.720552612178315
2.7562889798583594 -2.25642190615401 -1.417990704673421 2.689377243515262
-1.2243158385272468 -1.3488915469321514 -1.4969018001105834 3.536492904373974
-2.4360833855322395 -2.5599348538490148 -1.9192247840748649 2.947827906405524
-0.18595791093590464 -1.3063529603954303 -1.4944578428380384 2.479231089536495
0.26135507624187015 0.34606666185144186 -2.1821886575775293 1.29146441120682
-2.3056558871095145 -1.2372823523075747 -2.5267197690785146 1.8935097302957509
0.7738537614244803 0.3659139992158721 -1.5078340626453426 3.6439900310493054
-0.8924708139055175 -1.9153555708511678 -1.581944713390209 2.6175763291333976
1.7770068468660036 -0.48710315920335034 -1.3573256999517815 3.661591870100799
1.2347787452825965 -1.0510806543343938 -1.4341189196801858 2.759052630602624
2.525085685499892 -1.0405767362582732 -1.6130725406089002 2.03011557190703
1.719125167293612 0.2530191297446671 -1.4993661057594614 3.3333930155772187
2.0748727500401145 0.7012229887901538 -1.3956787134373232 3.05783552517221
-2.1877688055860323 -1.8550288970104705 -1.9076572016968931 2.6117205618477106
-0.3799527508128579 -2.046104100790242 -1.4129687491592016 3.735884636847047
0.10455542648273061 0.3281674751752434 -1.8182032817881741 3.2275465446610934
0.18033676501749563 -2.463090660471795 -1.405613092019215 3.2820596188120437
2.260912718895154 -0.8984887952140883 -1.9847502986406949 0.8072002132013939
-1.34016193566059 -0.6869467800100089 -1.9519441869801126 4.585180162046844
-2.978802850154748 -2.585059950564827 -1.767362090862305 4.0160402871036815
1.4504136731804556 -2.7638789667424715 -1.2840335071303683 4.539745776651018
2.0273106461606516 -0.8713159899764089 -1.3137485495969876 4.007283511049284
-1.496780572504115 -1.3043739206135392 -1.732672394320095 4.805256776275149
1.2501714243710493 1.2609704268777864 -1.7627370858329434 3.1718967474052526
0.42298126824427085 -2.5709930278210282 -1.4589614381421943 2.459708613627071
1.7580374776506091 0.14824366745114448 -1.3185208348672315 4.786157235168275
1.5854687654011999 -0.5399773469219651 -1.3888732536402673 3.232272052286398
-2.911042927078772 -2.460410275665824 -1.7311865777963646 4.876162680921975
-2.4071997421310076 -1.7031812206536967 -2.3851341444020835 3.648251789451045
0.91478273664317 -1.2603006607328755 -1.3809717176888223 3.0102800881693152
0.5490272699113948 -0.21990181560437283 -1.7877013783168803 1.4931780157143062
-2.2304525130893103 -2.4784211603870436 -1.290616993224862 3.757321595037663
2.3913564377683567 -2.860458771326036 -1.5236701160418695 2.5902651476560843
0.7391819092500344 -2.4332451851482646 -2.00625199826622 0.7669079109989597
-0.864467456263257 -2.469005609754255 -1.267203222116395 4.162190375805485
2.386307356302979 1.4400763284142433 -1.6642445711367282 1.8402242188363411
2.2569637239056974 2.4282172215964977 -2.33150617438072 0.9178396678557216
1.2381398574485274 1.765623378559634 -2.2515808727090496 2.2429990528979333
-2.4585640123866934 -2.7191478472470725 -1.6162424437590936 4.440467508896681
-2.165898525186811 -1.8862732109034375 -1.608553727011083 3.1783523507927818
0.08190889402457335 0.8974697994280674 -2.5794966972773232 1.3347249102150158
1.3416191237963324 0.3231484789744623 -1.5921087641317664 2.2298156602597787
-0.2581712359703614 -1.9432427440396927 -1.3674457623786955 4.074727661720659
-0.26851240941996535 -0.5375917850795722 -1.321223183474739 4.284889522936226
2.2281788744859012 0.8516976994344685 -1.9240022257527534 1.0310302854056974
-1.348518898853226 -1.182845969056289 -1.8784366085589177 2.4372138356674475
-2.044788522180409 -2.44002932388537 -1.1917697671981262 4.777384678908901
1.0708541004802863 0.004894582224883148 -1.5959515296649698 2.368249381571
-0.3232833641723003 -2.160243440631542 -1.2237721178075016 4.47670940411485
2.1269914333097573 0.6247230615357701 -1.65324912580599 1.4911641383863317
-0.9052191566760233 0.20728001228636006 -2.6706676024696785 2.8547144161955122
1.0940606121291483 0.6042681915766185 -2.164905693091708 0.7817856282894583
1.0156031566500292 -1.418651646335538 -1.5752066155251248 1.8780692799548049
-0.5106057761898954 -1.4042381804623483 -1.3139323582058249 3.8495437886258816
-2.685638388828094 -2.5398356677727665 -1.66999892781995 3.3895424588187435
1.5095617283620983 0.22540357096685526 -2.691311899179536 0.1768654764852292
2.187729014393507 2.7762172408533754 -2.1113318700566985 2.460017281263202
0.7596645258048347 0.7330999276333234 -1.6378673801187826 2.748630365419698
2.3034749620075905 -2.1764004814852624 -1.396002809552212 4.437790180123294
0.3355932203389831 0.21016949152542375 0.34237288135593225 0.3728813559322034 0.288135593220339 0.3491525423728814 0.36610169491525424 0.2745762711864407 0.25762711864406784 0.3389830508474576 0.28135593220338984 0.3932203389830508 0.3593220338983051 0.2745762711864407 0.37627118644067803 0.3898305084745763 0.38983050847457634 0.3593220338983051 0.19661016949152543 0.38983050847457634 0.34237288135593213 0.3152542372881356 0.3288135593220339 0.39322033898305087 0.3627118644067796 0.29152542372881357 0.3050847457627119 0.34576271186440677 0.3728813559322034 0.3694915254237289 0.3898305084745763 0.36949152542372876 0.36610169491525424 0.3728813559322034 0.3627118644067796 0.3322033898305085 0.3389830508474576 0.3355932203389831 0.26101694915254237 0.3593220338983051 0.3864406779661017 0.3525423728813559 0.30508474576271194 0.29152542372881357 0.3593220338983051 0.3694915254237288 0.3491525423728813 0.30169491525423725 0.311864406779661 0.29491525423728815 0.3355932203389831 0.3220338983050847 0.3864406779661017 0.3389830508474577 0.24745762711864416 0.3525423728813559 0.2983050847457627 0.3050847457627119 0.3491525423728814 0.23389830508474585 0.1694915254237288 0.30169491525423725 0.2915254237288135 0.22711864406779664 0.33898305084745767 0.3627118644067797 0.3559322033898305 0.3016949152542373 0.23389830508474577 0.29152542372881357 0.3525423728813559 0.311864406779661 0.3966101694915255 0.31864406779661014 0.35254237288135604 0.2915254237288136 0.33220338983050857 0.3389830508474577 0.38305084745762713 0.34237288135593225 0.3525423728813559 0.38983050847457634 0.31525423728813556 0.34237288135593225 0.3762711864406779 0.33220338983050846 0.23050847457627122 0.36610169491525424 0.31864406779661014 0.31864406779661025 0.3966101694915254 0.38305084745762713 0.3864406779661017 0.3694915254237289 0.34237288135593225 0.240677966101695 0.39661016949152544 0.3864406779661017 0.3864406779661017 0.39322033898305087
0.0070457222557466365 0.01177544432365473 0.014887143805731022 0.018859286800864374 0.007985992052465474 0.009560967542728682 0.00888492976577418 0.009121956496012669 0.0077625019798323106 0.011578923411282891 0.014765734962767806 0.008322319125162328 0.010713223609352252 0.012440076537384761 0.01056695055485064 0.011381611148386336 0.010866202606187576 0.00776340550083885 0.01334572398943111 0.00883115787443323 0.01671855970620033 0.008875741565139629 0.0123694991397205 0.01257537945729599 0.012102847041066421 0.010611874390221005 0.009077923331221307 0.007735934396314562 0.00727276056782233 0.007142172025857229 0.008719954204474748 0.0076576693921705016 0.012486189577816812 0.011175104446436376 0.008631452528450245 0.011048775209838813 0.009243856860398724 0.007471530831398441 0.016999506041906278 0.014331830933880792 0.009344207664016672 0.010624361512328281 0.007656241310909115 0.01116596614081635 0.00700837036675909 0.007952846774119074 0.012386227765314733 0.008022088318649439 0.007657988804563308 0.008053384769190125 0.007086093172646836 0.00877632359493631 0.008200919634937109 0.00926593397142203 0.009470025480562356 0.0077315383395947885 0.007649100914361953 0.008092261929173807 0.009667509849051134 0.00978961472249515 0.013033735125173931 0.010883478198717673 0.008670512058516447 0.009677954280764836 0.009189859355713767 0.008450459648046409 0.010737474524487658 0.00751739046785652 0.014364301633111944 0.012700970291434051 0.0070410713768458075 0.007251838627150979 0.010601883351360784 0.011452550832094198 0.010619197423841861 0.009099727590094317 0.01050964450376289 0.013358119336300165 0.010010866302614604 0.012266983928572702 0.009087476321330343 0.009836738509744522 0.007559312309028571 0.00789914916133433 0.008111015815143497 0.009499635857242719 0.007816318180757967 0.011908921737909549 0.0071527344970502196 0.008850838164961312 0.008915965263262294 0.011537933964905408 0.008571708939413385 0.007382115646818923 0.007540051669446857 0.011318153233431263 0.011791719846122227 0.014693945306229937 0.00785529791165741 0.01092410778138109
-----
100
287041
0.1
-2.4987225573076732 -1.6785229301573836 -2.3786303280598933 3.1863953291738594
-2.222456672246992 -1.64752105206186 -2.039067727031412 3.973925356164921
-2.579154035745434 -2.1430472706439705 -2.05815198802514 3.236155414187583
-2.4418848813097043 -1.965803548080201 -2.054059821061802 3.7478323484838385
-2.6196861391703514 -2.4382233592517495 -1.9385242816516755 2.8244409729962148
-2.318508886190311 -1.8106791378719853 -1.9224249382610914 4.483959049719474
-2.865605759198317 -2.55609410876758 -2.4804130222029146 1.0618105668309665
-2.7507109230381745 -2.052640483938557 -2.064684911245654 4.561317603578879
-2.923191422553283 -2.084606136282024 -2.3992429646926334 2.6171334892777964
-2.865266656842538 -2.6076334539506574 -2.1577445328041027 1.8638335975560005
-2.691064434627268 -2.0577561036495426 -2.018922293892175 4.314366053902449
-2.6518157717364876 -2.3680019171818962 -1.8298843416270731 3.8416131266787503
-2.634986307508723 -1.8183392133658738 -2.108462889526619 4.996103091014027
-2.6296979337998514 -1.9416854727009136 -2.2633877806273204 3.4681264264143747
-2.605850439246369 -2.006111852755341 -2.1742450386613092 3.261847432605183
-2.8328753837184846 -2.415114620241581 -2.4460954786459146 1.2057166298515312
-2.4925714083671737 -2.110251573737501 -2.095019922469912 3.114916105082156
-2.685325566585023 -2.2783028934198204 -2.1176694423020797 2.2773077230366967
-2.967182596986108 -1.6931636263095218 -2.6846945174397767 4.876432052137116
-2.7425526638061637 -2.311829488821303 -1.950828979239628 4.519212475806924
-2.8580394578132595 -2.2801394067940732 -2.1807548421015905 3.315408223700274
-2.7993254099017264 -2.469459181174213 -2.4340715334732126 1.2049312169491935
-2.7208597314625718 -1.7213086139290623 -2.447383780054836 3.237578203302286
-2.707895643925308 -2.22978946773361 -2.1036008279878504 2.7459178910882795
-2.9901128964961945 -2.6335054969254967 -2.1328158511568254 2.7759096518010566
-2.6203197532490607 -2.276910083028355 -2.0985796312952876 2.2761956876550595
-2.2464978277505563 -1.6081878050337386 -2.0643176963736534 4.1877723183515645
-2.3660875112288364 -2.07641190183759 -1.7827823925257043 4.275026685848779
-2.607188831252395 -2.1572427587739442 -2.0896185396169082 2.9792058493537494
-2.3979346525750556 -2.149990471739847 -1.8277162281694315 3.834388941225081
-2.7891745407539847 -2.164026875501904 -2.1840954755132964 2.5793370137638103
-2.988357058855307 -1.7418237877364653 -2.756207294442383 4.177508486019795
-2.7662111614135583 -2.2245585416234115 -1.989270444239708 3.976977891095065
-2.6262898827554446 -2.3158881326952985 -1.8273590500324226 3.673766569082127
-2.839011207649359 -2.1035064621538897 -2.3068016675735663 3.720692781530006
-2.5283535449712344 -2.1518723736483847 -2.2397817526442134 1.6992224954755795
-2.5294933881825115 -1.9826466793590198 -2.108617816339031 2.987387030444372
-2.6090252292875173 -2.3055230550593553 -1.9292585060326803 3.9919132868882747
-2.8080815506118846 -2.322379664555801 -2.449988427997562 1.7008529107513026
-2.823181008395343 -2.148797582594967 -2.2694796944433886 2.992212670717992
-2.841204250528796 -2.3013238865699712 -1.9655579199769657 3.911626998371208
-2.4151944854437417 -1.8453998739514152 -2.029289420916403 3.9677224722925803
-2.5543182943295233 -1.821612644287745 -2.1943580401539444 3.856122812844753
-2.6022878586429963 -1.8631991553262597 -2.20211472748593 3.591657587598712
-2.961664750888178 -2.546277798535793 -2.1840695874798515 2.3902904372473417
-2.6317774019633893 -2.499516265372447 -1.7585250343231802 3.4708159634961993
-2.8089119501995587 -1.8064682681932627 -2.491738043823902 3.752512465294826
-2.623168179219011 -1.4492033817664307 -2.4497319613676365 4.503812105427898
-2.922532822137872 -1.9852269381406162 -2.6307462699678585 1.8904534784995488
-2.667057443216433 -2.2937783897924864 -1.883684835675282 3.4326081664904002
-2.8106723904464586 -1.8904660132364368 -2.2258240820275246 4.055130252746316
-2.9075908470194443 -2.3517952855538073 -2.4065379648574554 1.8335189149583122
-2.486114387153285 -1.808658800028871 -2.136394977741201 4.077967485417535
-2.655973544748971 -2.26258885820043 -2.1772659802726926 2.0255853570924978
-2.630023226107494 -2.2747309144470744 -2.1026613233889666 3.699301177841685
-2.4108347455788763 -1.4353065388359394 -2.2715263299190194 4.796884447014611
-2.666277991362503 -1.7733163274262937 -2.2831852414325287 4.2904010803459816
-2.761417707678895 -1.950777295864262 -2.34531255973688 2.549648977330945
-2.187462729213172 -1.7384369339169052 -1.8982562731782324 4.461249848809649
-2.7232915338926063 -1.617376368818332 -2.489246477364958 4.93438440698218
-2.854947034677752 -2.2944796372377434 -2.2044310443807795 2.1874801492381057
-2.6118396809404443 -2.067018189233059 -1.9797643491664951 4.593864110525265
-2.304811067910232 -1.6118557744281974 -2.0849816176190563 4.416295918226171
-2.565062448478003 -1.6464336977638339 -2.234781206497567 4.893036628285064
-2.5910472934974993 -2.333437475117195 -2.1122686603990433 2.335812481369574
-2.876090580305789 -1.753369259302588 -2.5886292330881675 3.7103348921175816
-2.473767534197401 -1.9143829726000918 -2.164936151489101 3.573975476093323
-2.748235560306894 -2.2040578987025863 -2.4084159667041543 1.3672525580747528
-2.7383169762522845 -1.8240166198505086 -2.3910091708940304 4.01912807948814
-2.623616894748072 -2.0307961170320437 -2.0298279260072563 3.9789296724378187
-2.679249471537182 -2.21153790278212 -1.9729676083636436 3.6310502827466284
-2.7004971290074593 -2.016806571958888 -2.3329940902302373 2.1390193837388307
-2.5479088261969425 -1.7556743391082037 -2.198854215122257 4.555390245106511
-2.6065165918523547 -1.9158235446984853 -2.0672832373799466 4.942287860069946
-2.6446930394999484 -1.800616875066584 -2.183001116772984 4.232511688576759
-2.2557243890863483 -1.9552157357117776 -1.9743948621163951 3.1687692490599284
-2.3587330034823952 -1.9123091738734606 -1.98397208914493 3.888935101277666
-2.71114534429085 -2.053606136314213 -2.2469543192773322 2.6535599554488813
-2.745189852357724 -2.4008905036754573 -2.1681133292455748 2.429873099289214
-2.8148408394710445 -1.9649994456226918 -2.414829518291238 2.6750488167036353
-2.6069735109695853 -2.1715935186072803 -1.9795602979802085 3.6997104498306452
-2.701919836696772 -1.86965252411606 -2.270230807839249 4.386080812920726
-2.364755505685354 -2.0022229285972912 -1.7902981910927398 4.657180496534468
-2.6627117936258116 -2.065825935799081 -2.2701992244059674 2.7235546192158155
-2.3771018257921273 -2.2090580453460267 -1.7762130433597487 3.921806138632516
-2.4437469911307774 -2.0339351693772696 -1.87278957546726 4.578033864062526
-2.9570284112174985 -2.4035462974250814 -2.488454933359007 1.5950748312302068
-2.4785427753640437 -1.5622811488157835 -2.31191544189617 3.820044090624119
-2.857348332436442 -2.1165104563827297 -2.473718373013856 1.9217973038717826
-2.8767214543452724 -2.0880983201904444 -2.3380245653100027 3.97627992412795
-2.929252722484321 -2.0031595137274807 -2.341772881024914 4.5827059990746175
-2.800673567192247 -2.181914791043824 -2.243845441107077 2.85122521693967
-2.632831186885796 -1.9707504900023576 -2.0915601641371864 4.183255724199876
-2.3518921649655926 -2.1041898479433714 -1.8895813358714606 3.3431693026214093
-2.596804579647012 -1.8930643387657977 -2.073769569389159 4.122714600965408
-2.877607369213864 -1.815084585368459 -2.522080519230534 3.764100868454164
-2.953177826748882 -2.0704417915621938 -2.443042740088327 2.7615948602141773
-2.3262544342061187 -1.8937960774749152 -2.1292180349667005 2.513985738603603
-2.4485854617888614 -2.2802839635603793 -1.705243720377754 4.304133045740014
-2.477457182692507 -1.544694525836494 -2.3027546075514342 3.6507627966986758
0.06779661016949153 0.09830508474576272 0.07118644067796615 0.0847457627118644 0.09491525423728812 0.0949152542372882 0.0779661016949153 0.09830508474576269 0.07796610169491525 0.07796610169491526 0.09152542372881359 0.09152542372881356 0.07796610169491525 0.0474576271186441 0.09152542372881356 0.09830508474576272 0.09491525423728808 0.09830508474576272 0.06101694915254241 0.09152542372881356 0.08135593220338988 0.07118644067796609 0.0711864406779662 0.07796610169491525 0.0983050847457627 0.06779661016949157 0.09152542372881356 0.08474576271186446 0.0610169491525423 0.09152542372881356 0.06440677966101696 0.05423728813559325 0.09152542372881356 0.09152542372881356 0.057627118644067804 0.08813559322033898 0.08135593220338988 0.08813559322033898 0.06440677966101693 0.09152542372881359 0.09830508474576272 0.07118644067796612 0.06440677966101693 0.08135593220338988 0.088135593220339 0.09830508474576272 0.07118644067796609 0.09830508474576272 0.05084745762711865 0.09152542372881357 0.07796610169491525 0.06779661016949151 0.044067796610169505 0.09491525423728814 0.054237288135593226 0.09152542372881356 0.054237288135593226 0.08813559322033893 0.07796610169491525 0.09491525423728814 0.09830508474576272 0.08135593220338984 0.08474576271186442 0.06101694915254241 0.09830508474576272 0.06440677966101693 0.0711864406779661 0.09152542372881356 0.09491525423728814 0.04406779661016952 0.09830508474576272 0.0610169491525423 0.08135593220338977 0.0847457627118644 0.06440677966101699 0.09491525423728814 0.07118644067796615 0.08813559322033904 0.06440677966101704 0.05423728813559325 0.08135593220338984 0.04745762711864407 0.09152542372881356 0.07457627118644061 0.09830508474576272 0.08135593220338982 0.08135593220338988 0.08813559322033898 0.07796610169491525 0.09830508474576272 0.07118644067796609 0.04067796610169492 0.057627118644067804 0.07457627118644072 0.05762711864406783 0.09152542372881356 0.09152542372881356 0.09152542372881359 0.09830508474576272 0.08813559322033898
0.010307919275876267 0.007170773598066458 0.007605809124302227 0.00738717436395083 0.007505042669769839 0.007064737144989411 0.016666433675971048 0.008869742805257173 0.011642414874188732 0.011052631033109382 0.007983967507495832 0.006681466313559278 0.010257040010390205 0.009363944862686274 0.00843555858114007 0.01517797778861939 0.007744673118510719 0.009116439469281068 0.027312040962414533 0.0079606879061828 0.009080184582283917 0.01505259707629497 0.011752329674481603 0.008436007294721583 0.00958672627041573 0.008884599262517522 0.007596494116810825 0.006301339050899418 0.00796269553541256 0.006271064275748605 0.009272692133027368 0.024706305162413563 0.0076176547761244665 0.006592950301575685 0.01057391778393633 0.010617905397100195 0.007892962813364063 0.007086568329957817 0.013517218653535414 0.009821944831855717 0.007588642464316345 0.00730541897353172 0.008782715622050248 0.008735533544922871 0.010296516169206781 0.006554204961440416 0.01355559767636987 0.01457882902521601 0.015893842877983802 0.006869814934959711 0.009827028514727554 0.013026055146245257 0.008356602521251007 0.009867727054628853 0.00810857053466796 0.011687364216068447 0.010750796014379803 0.010578971633291568 0.0067710434065998614 0.01827090243065706 0.010222247013534878 0.007998751980155318 0.00815832682653359 0.011612872825680081 0.008869108771413942 0.01587908158619165 0.008203411644131537 0.013561976929876856 0.012048417066933242 0.0076150150030148194 0.0072497906907952915 0.010803235570148093 0.009993943798174164 0.009556385770548268 0.009298948326484917 0.006707511354411877 0.006908767687668565 0.009498644796402325 0.00946185556389023 0.011467565106891136 0.007180697034701436 0.010857306469050062 0.006739009930583374 0.009579491704470056 0.006133780739098603 0.007082824418948657 0.014899673490926933 0.010002485702454642 0.013225886284625121 0.0114886509127907 0.013262968516836055 0.009601766542032316 0.008305342018175347 0.0064402855295064105 0.008022176982311035 0.01443259641584121 0.012266003900140019 0.008064906170728678 0.006272450443418251 0.00968902834972614
