5
100 100 100
100 100 986
5.0 1.5 0.8
-----
100
100
5.0
-0.8598239920805102 2.600221495516295 1.170460267669652 0.40651442944381566 4.054751418082341
1.6358251321453219 0.7942801429929758 0.8440015230719462 -1.3640951756908295 2.418674123844382
-2.71056777264503 2.542757791133049 -1.2575695048592528 0.4947522299923146 3.4564430536243593
-0.809284598073897 -0.4864680524229419 1.997213427300034 -1.0069063479685023 1.2006256012247496
1.0611252482038829 1.3457878954600382 1.5718286794124747 0.13471608986824846 4.999202917190314
-0.04160622359434463 -0.8472884403113663 0.14294830348174736 -1.6006811401070642 2.637030381904515
2.744932492745148 -0.6060114794355154 -1.0855851317096215 -2.4920155662086265 0.7881189292786406
-1.6204259485633288 -1.8788687064429852 1.590960495192828 -0.3515562104766521 4.7463433993625355
0.5341597960765654 -0.6821544928085324 -2.066739716877284 -1.6455462351594603 4.0249174559803755
2.474967363078445 2.154421119056834 -1.0971922550282565 -2.4241516340947475 4.588563687879329
2.462882402106355 1.4705844933801258 -1.2258576078627277 0.21364548874647893 4.3190900083327275
0.7115488543294641 -0.12365266351741333 2.705172976595186 0.4723544298247151 2.739712448215946
2.8217070962950075 2.6081276786396153 -0.9145485292295681 -0.27565615530055476 0.05296742212518191
-2.761437717965127 2.193682746425142 -1.4939667664884713 -2.033950890614264 1.4948902237645345
-0.49229431759639874 -1.7575722143865202 0.7113493658029877 0.2152791873796227 1.3359529628751698
-2.8771746167873524 -2.8065297614676763 2.5800534484040085 -0.2525698957052698 0.8443860699713535
-0.010303307591732036 -1.062700321660338 1.645328294096192 -0.13497336634349288 3.7302787655675864
1.164688675359403 2.6749753896729054 -2.299033270087714 0.28272152648013993 0.3293517782010136
2.0010298419433 2.9875167178807036 1.9755772868331487 -1.5890905747214292 1.4848659122917518
2.7919354537312824 -1.3417004216167783 -1.0169244820675098 -1.7707544544820688 2.9235333338450764
-2.138206881041237 1.914589502073719 -1.9689287608875339 -1.760072809792839 0.6849098079711669
-0.4504917895752256 2.4005146889146287 -1.6262883258376606 -1.453305848001336 1.1073568533729194
2.7657248346155106 0.9886471549915332 -2.7648215733737254 -1.5389751523085509 1.501183725823969
1.2057187367913063 2.2013884477650967 2.927988538628303 0.4399354950526715 1.9665947866391653
1.9471966971530241 1.3109775684817766 0.33798950515829107 -0.2854998976209533 2.361537522995233
2.716700080579983 0.8495009659603308 -0.9786775011156679 -1.2361601514527396 2.2722062078079377
-2.6401763833273675 0.15183527054025303 2.5621567556328113 -1.1699610291636118 2.678758188190921
0.2775357909064553 1.43955575687146 -2.320403963011968 -2.4803723533371205 3.656641693553482
-0.056557833667096435 1.840007981131608 2.116974819280122 -2.6775620903739137 3.6984816679370858
2.8731873358839435 0.20321397621121928 -0.847693512819284 -0.1128319783634315 3.802317846252233
-1.8489975883773067 1.8658657366186375 -2.1613863829180437 -2.003137098547918 2.321928005944134
-2.943265371254545 0.8385390555566836 -1.785285850808319 -0.36959890531104156 4.44122250322875
2.7402355842686514 -0.6494863845509715 2.937446508717893 -0.9030530851270138 4.732864472530746
0.5708837468690753 0.18429990469040813 0.16298440715608598 0.3914251978793484 2.009244638039125
2.1228817117530703 -2.9118174951023126 1.7694519303543448 -1.3140821222128705 0.49071946167722813
-1.9911716221288636 -2.5012905382414763 -1.1489720113707058 -0.42904956266475036 3.7127818111845845
-0.3157088617899544 -1.0551552023871738 -2.305807730466602 -2.4499875152893154 3.7568731443489254
-2.7356362497916042 2.425197712007825 2.3908783357074324 -0.8577741192858235 0.5575390871206432
1.989428941675067 -2.2509133050030212 2.2343555381479057 -1.8937333446508724 0.19575416915233235
0.47944602540888326 -0.4606002955721453 0.6995547536830524 -0.6250452511091429 2.1608846308509078
2.2202037494508318 1.9098405516131995 1.15369514595346 -2.60374219201181 3.2178015221616207
-0.8807350446762365 1.9348472382215913 -1.2109803665626186 -1.26813911995333 0.9388991823685722
2.7508362575510983 2.88151469881835 0.5421766019922569 0.01874085286109839 3.300562363004299
-0.8817764702385529 1.452300363339063 -2.9088218721593884 -1.353475672947638 4.705573679589218
0.9459702235514502 -1.5845035017742086 -0.5623742783245258 -1.8158691136729765 3.5626671073909066
2.1616345516767357 0.9607373294112009 1.92457447154983 0.3839043931535078 2.2427705448468593
0.882071370714236 1.7666486283821268 1.0701150344656885 -2.00769037612319 1.1715018034696811
-0.6885455886052476 -2.795193423400066 -2.2727203563752196 -0.18010639223132685 4.159222515019907
2.9498969722762887 -0.5055277500125195 -1.6426048940206197 -0.9852109038785666 2.2223901974091964
0.2385460297593398 0.8667530446444793 -0.875289705092988 0.022042598823134973 4.725313797870281
-2.7865713842787736 -0.5214716146045637 -1.5450574539908613 -1.475271245507673 2.9579896923409486
-1.4249120089995944 1.8128184256079516 -0.04553992128018125 -0.36427003398202196 3.5943340537655457
-1.8864792569406932 -2.7961609113812274 -0.9548761088733837 -1.7710681796934893 1.317147283878426
1.0285302526833 2.9232687373061355 0.07547704533769073 -0.17240764405651987 4.663387400282664
-1.201585869710621 2.1280055293694478 -2.760127964898352 -1.8282183755074444 3.5198738386005655
1.104724804591453 1.7779424763453289 0.26587389565391195 -1.1168091311613189 2.3540225149297256
2.2154058456565906 -2.6463003379346786 -1.7179718063916174 -1.2982927786949698 4.83929788216326
2.5477746825755396 -1.7624118567126428 -1.5660153358557687 -1.9008619428773275 1.3922827037387053
-2.6372918435960258 -1.7926027270619787 -2.893882411901439 0.2602256059879884 0.549917100299594
1.998611741409368 0.8819840883052223 0.05465807189354788 -2.812222990427125 0.13850314725397994
1.640094117346096 -1.3728907482985564 -1.5153617396783554 -1.4179956510914415 3.053423231452185
-1.7208020831118334 -0.7119192539736217 0.10255798481395972 -0.1619043629291559 4.626187262889872
-2.1815703416358256 -0.35686157858745515 -1.9094710055806634 -0.9012356345933417 0.2935474031257901
-2.957086511079942 -1.1808414819769273 1.9202291461707208 -2.438303120047498 2.5838089537331363
-2.7648288226884765 0.8870932040336039 1.5064278703579888 -1.6321856981855367 2.1782053938404733
1.7642397642794005 0.41155256227004244 1.5962957151782398 0.156323983954048 1.6551956104272503
2.7330934709290453 1.7869051767078128 1.814726331098301 -2.0564267737112805 0.6419334789004716
0.8298920836256798 -0.8136346940561023 0.3541356480056317 -0.8509831968778054 0.6104492449440524
2.824454179499675 -1.9563777631381298 1.8266232923354204 -1.5333121870887239 4.3997112533884035
-1.7110308859726748 0.7839958196461345 2.6912878904255084 -0.7876190885877867 4.422946137955432
1.623295845317224 2.275979463938027 1.5970513919705809 0.15989781519145918 3.6992902924686666
-0.20359356654982497 0.44665654556126144 -0.3371896023089813 -1.4709201488992047 4.404014989830687
0.14589426878598655 -0.9309246820846782 1.2195344106490458 -0.13975051065649735 3.2262597352139455
-2.768518469866317 -1.7354369790704318 2.4843873794885623 -2.6900097006484263 3.200943319788414
2.895636849499848 2.4450219920972263 2.649572623351019 -1.323642794596665 4.816404332057955
-0.1210171197652894 -1.71946052362788 2.7260108305288293 -1.6472468373169158 0.9904849849578901
2.1683442879545973 -1.3166598852740772 1.6339115858480255 -2.7522886692833723 2.365573436352686
-2.6399862946586152 2.4454710813755263 2.2746431372280824 -1.6978195527997682 3.753052311690549
1.8593159618024968 0.25649798339317353 -0.3414346981921965 -4.591217926641633e-5 4.05731512519428
1.430209544214473 1.2540060506507267 0.40143053481575697 -2.0361160940928213 3.9197079860329365
2.890214874231015 -2.572831678129993 -0.5345466089915893 -0.1288070489022144 2.6644567229320315
0.9135872743192888 1.757456365572044 2.7387977578327405 -2.520258348647469 1.1344104726612525
1.1842754645326927 -2.689347824287974 1.2125882224094182 -2.965743345789368 1.014764962182666
-1.9499533598162446 -0.8247850076248877 2.1012448734714493 -0.16941228660555074 0.2343125111228661
-1.3514936649449125 -1.258765412046111 -2.6933986232441085 -2.782966355190764 4.318277449857027
0.6084735546695068 1.5673991371627132 -2.2999019729147747 -1.9701295403942631 2.8279797524562875
0.6534350663315092 -2.498207642304045 2.4937269336181753 -0.7552531706467693 4.115490626637958
-0.9222484740145087 1.6672450984739395 2.753894910153938 -1.077658234272024 4.047192633544673
1.5833456719686492 0.49557876969402015 -2.96370983528303 -0.9841538528147233 1.4106999768427064
2.4487751655433003 1.2670348247183263 0.7906738024169533 -2.6176218045040183 0.22291853559491925
2.3036771701186343 -0.6527136736609402 2.018425209970829 -1.6879334541300564 4.075943281887218
-2.3574255848050854 -1.801702534170658 2.183337774790349 -2.067368510465799 3.947420457728837
2.4809893172505912 -0.4681056782529436 2.370652688687189 -0.36729003739980026 3.902457206959713
-2.2150127698267132 -0.8438445903060039 -0.7765824014251024 -2.852022269810904 2.897281894544954
-2.8653849303255026 -1.710907406072983 -0.0640648801501813 -0.28742789951687975 3.2945255959137434
-1.6318158106702225 -1.1387483854511782 1.7442889249664315 -1.6689970167223276 3.98394049540161
-2.4638780523372565 -2.4056107983359123 0.8290794964329731 -1.3706419179240763 0.9820946888398041
-1.260064613625266 -2.76761693003422 -0.6310702724647523 0.1731592273956375 0.11197002770163222
2.514438766583786 -2.9198906169869763 0.8574244843934715 -0.37694117715712494 3.07550906659832
-2.209036621378325 -1.8600447317807811 -1.978944849705139 -0.43715281103853787 4.102258077347534
0.9796610169491525 0.9593220338983051 0.976271186440678 0.976271186440678 0.9593220338983051 0.9355932203389831 0.9186440677966101 0.9593220338983051 0.7559322033898306 0.9457627118644067 0.7661016949152543 0.9796610169491525 0.976271186440678 0.976271186440678 0.9627118644067797 0.976271186440678 0.9627118644067797 0.9661016949152543 0.9796610169491525 0.776271186440678 0.976271186440678 0.9728813559322034 0.7864406779661017 0.9796610169491525 0.9559322033898305 0.8949152542372882 0.9796610169491525 0.9457627118644069 0.9796610169491525 0.7796610169491526 0.9694915254237289 0.9627118644067797 0.976271186440678 0.9457627118644069 0.976271186440678 0.7627118644067796 0.752542372881356 0.9796610169491525 0.9796610169491525 0.9593220338983051 0.9627118644067797 0.9728813559322034 0.9559322033898305 0.9457627118644067 0.8338983050847457 0.9694915254237289 0.9728813559322034 0.23389830508474577 0.711864406779661 0.8949152542372882 0.9322033898305084 0.9796610169491525 0.9050847457627119 0.9593220338983051 0.9559322033898305 0.9694915254237289 0.47457627118644075 0.7559322033898306 0.7694915254237289 0.976271186440678 0.7084745762711864 0.9491525423728814 0.9661016949152543 0.9796610169491525 0.9796610169491525 0.9694915254237289 0.976271186440678 0.9661016949152542 0.9593220338983052 0.9796610169491525 0.9694915254237289 0.9457627118644067 0.9593220338983052 0.9796610169491525 0.9796610169491525 0.976271186440678 0.9694915254237289 0.9796610169491525 0.8576271186440678 0.952542372881356 0.8610169491525423 0.9796610169491525 0.9694915254237289 0.9796610169491525 0.728813559322034 0.9525423728813559 0.9728813559322034 0.9796610169491525 0.7864406779661017 0.976271186440678 0.9728813559322034 0.976271186440678 0.976271186440678 0.9288135593220339 0.9525423728813559 0.9661016949152542 0.9694915254237289 0.9694915254237289 0.9593220338983051 0.6644067796610169
0.010000000000000004 0.010000000000000004 0.010000000000000004 0.010000000000000004 0.010000000000000004 0.010000000000000004 0.010000000000000004 0.010000000000000004 0.010000000000000004 0.010000000000000004 0.010000000000000004 0.010000000000000004 0.010000000000000004 0.010000000000000004 0.010000000000000004 0.010000000000000004 0.010000000000000004 0.010000000000000004 0.010000000000000004 0.010000000000000004 0.010000000000000004 0.010000000000000004 0.010000000000000004 0.010000000000000004 0.010000000000000004 0.010000000000000004 0.010000000000000004 0.010000000000000004 0.010000000000000004 0.010000000000000004 0.010000000000000004 0.010000000000000004 0.010000000000000004 0.010000000000000004 0.010000000000000004 0.010000000000000004 0.010000000000000004 0.010000000000000004 0.010000000000000004 0.010000000000000004 0.010000000000000004 0.010000000000000004 0.010000000000000004 0.010000000000000004 0.010000000000000004 0.010000000000000004 0.010000000000000004 0.010000000000000004 0.010000000000000004 0.010000000000000004 0.010000000000000004 0.010000000000000004 0.010000000000000004 0.010000000000000004 0.010000000000000004 0.010000000000000004 0.010000000000000004 0.010000000000000004 0.010000000000000004 0.010000000000000004 0.010000000000000004 0.010000000000000004 0.010000000000000004 0.010000000000000004 0.010000000000000004 0.010000000000000004 0.010000000000000004 0.010000000000000004 0.010000000000000004 0.010000000000000004 0.010000000000000004 0.010000000000000004 0.010000000000000004 0.010000000000000004 0.010000000000000004 0.010000000000000004 0.010000000000000004 0.010000000000000004 0.010000000000000004 0.010000000000000004 0.010000000000000004 0.010000000000000004 0.010000000000000004 0.010000000000000004 0.010000000000000004 0.010000000000000004 0.010000000000000004 0.010000000000000004 0.010000000000000004 0.010000000000000004 0.010000000000000004 0.010000000000000004 0.010000000000000004 0.010000000000000004 0.010000000000000004 0.010000000000000004 0.010000000000000004 0.010000000000000004 0.010000000000000004 0.010000000000000004
-----
100
100
1.5
-2.186784971164229 1.9890008472816532 -0.5065097704580308 -0.5316174670747504 0.5647307487243807
1.9914270977300474 0.6137406537394532 -1.97719595352642 0.4639171600630374 4.055530869318154
-1.0167235331021494 1.704851037149988 -0.13527281558923843 -0.9254128784530156 3.0855404753617206
-2.4673014748629596 -1.2181365074883255 2.6741260103348727 -1.2838106616270903 3.591832070759433
-0.6633175577288836 -0.5996930512757004 -1.6345935614321148 -0.33993370157821584 1.6463597659714266
-0.10928223186704344 0.9799289341940001 0.3915535258925278 -1.3623079429810105 1.4806469234189792
-2.7690359995876217 -1.0232126741621017 -2.107402264016677 -0.8511540437930766 0.20341437858391023
0.38595307871863005 1.8907066463742774 -2.4040940532530444 -2.227063948183326 3.4208857240933135
-1.053494049345029 -1.5066684183094687 -0.9289604283201267 -2.6269980376393627 3.0696632363648995
-1.2962287896663338 -0.8462757935864049 0.5947520694138704 -0.43122687075480665 1.8700353647951071
2.3770367665454035 -0.620740482296384 -1.9635905634939768 -2.2787373226501058 3.8978448352629536
-1.8575920705137134 1.1928805014175459 0.3170123101392033 -0.11029456962892215 2.329481217309058
0.3777126650809768 1.533734239386384 0.5027160686641159 -2.228782844932574 3.031781819773923
1.9768190192412298 1.3428665249972132 -0.7436584649708498 -0.9916600941168455 2.3962162214815295
-1.9120868955655475 1.807646005567798 0.26079728530928836 -1.4844644365440498 4.305084643366228
-2.3217625279597405 -1.2034747313870495 1.6795805631798844 -2.3691107635775794 4.886447636219141
1.25729951420788 -1.6969776679925415 2.8924911440873684 -0.277219184396891 3.2508048233390197
-1.3814500110390588 2.494102305916811 -2.4638195663354807 -0.20300224009420464 3.0896570302149122
0.42941048346674826 -0.46128571242029115 -2.0371842371683995 -0.11220160598692458 2.865400917670501
-1.1757107923276946 -2.3899045162761983 -1.9591690121587932 -1.0765966664804356 0.9317422842205061
-1.0652360193691686 1.1080962147167732 -1.8286695310818883 0.22459893798414526 2.756237898595561
-1.3301417538003006 -1.9671133728295844 2.130260923477332 -0.38916705310983024 1.0443414592435754
1.4890018001698477 1.318692011444595 2.638029397551187 -2.8643161386887983 1.827056189559558
-0.24103748981689455 1.5007948199832213 1.1484089499553822 -0.44685428046275244 3.9257929262194398
0.0905341886648735 -2.808116182378928 -1.2734126923965106 -2.540416004416538 2.7995344834137237
-1.6100228274013668 -1.523371726863438 1.6446518506628642 -0.8938518267393714 1.520965688451592
2.1109021309676295 1.171491339082288 -1.644407710736755 0.050249226365421375 1.9819112396172822
2.5657389801128767 1.9633357083978544 -1.351047689384902 -0.7925689196302105 4.445194517941918
-1.3085759379818995 1.9168465100244854 -1.6338812540871985 -1.0723497254291892 2.1565451437617877
-1.2954746804098523 2.6683496700748073 -1.1110688768611199 -0.36270619469062915 2.090385524738137
0.41755999509057906 0.5891797389714064 -1.444726810181504 -1.2422339698385856 2.7020273705250597
0.7603232679925789 0.3443569402089756 -1.7470705061347434 -0.09599443756916992 4.901750131515614
-0.05363383877050687 -1.6210724878207978 -0.6726669932651586 -1.2986330252063742 2.4200078914565077
0.8744650241467853 -2.2879797771728483 -1.1415646515032947 0.3814473646861647 1.9158272479498626
2.6873757399363893 2.769636355956185 -0.12915925744250312 -0.1869943876465827 3.7931262612417984
2.085877385788619 0.6217122895865701 0.7358321128764631 -1.2606205216753537 3.817695661733113
-1.8672843910588681 -1.3603072400922138 0.36831209355838834 -1.868730973732845 3.8680848098914646
-0.10833089810225094 0.6079451045000697 0.9940582544540496 -0.5132013715500463 2.631079496065767
-2.65567279687972 -1.6049060402626094 -0.11388566082830298 -0.5416693952977046 2.295368504964162
2.82635939954271 0.2519332611600975 -0.32422042201200096 -1.4420122836205296 2.0003134996301695
-1.4526237829540456 -0.6405647707450104 -0.5267127994956436 -0.0940979292985662 4.25986114592421
-0.6279786403749874 -1.9109678326688186 -0.4294045166986904 -0.7766385845659475 3.0675285866632493
2.644776408992855 0.319547231542739 -2.64405672539493 -2.65127669830816 3.8148946960617818
2.602984698448465 0.12051360731902294 0.3441596161409999 -2.220293588058113 1.9198798464202937
0.9134433042092913 1.8820718739996174 -0.8002288825635082 -2.8053350069479803 2.77060790199815
-2.3233039171718657 -1.1019748328034367 0.23389188665222194 -2.249780694531946 2.943480696527477
-0.7625821191606263 -1.5292901668871774 -0.7438184146045479 0.39388137802156975 4.992467644709026
0.11134392424916673 -1.9872972423891686 0.9096038086867884 -0.40435706329832977 3.278700864386069
2.624844885300981 -2.945862127675709 0.39856636928571954 -1.273660628114714 4.123912030403466
0.30671954884925956 -0.6176495057287583 -0.8027567547635021 -0.596340076694936 2.553319310031059
2.481106949161564 2.3681320710026603 -2.173440637296359 -1.9676850139459394 2.0062039790690394
-0.8325924448493542 -2.0100879032027903 -2.0479366417572695 -1.2001255997867035 0.12108491540087707
-0.047605560410436856 -2.120501501043802 -0.5176571564686103 -1.0382583684208961 1.5330269657812954
-1.4812632759779658 -2.93821493295146 1.7319562984346828 -1.3522013634390015 0.17870030779079804
-1.5662778829686772 2.9773252164606903 0.4630107762934039 -0.16145419015571094 1.5363051290788179
2.6587615578694788 2.1369742818296324 -1.3575011868175482 -2.115432408329951 0.31643062366290386
-2.3910401497745384 -1.5374553265805466 2.5925127533476497 -1.3950480456425987 3.857055521727119
-1.997830877792297 -0.6220619925857572 1.2883804095837645 -0.3340614509180875 3.8004247644517326
-1.2065571426807447 2.7028980331747814 -0.4111216912194888 -0.2274695456423852 0.021847963023916894
0.04571339672129193 2.3289066683390516 1.4532607388564887 -1.0276538562140474 3.746686556506222
-0.9989129116714153 2.8765864386951954 -2.186993167628963 -2.130356850947491 1.4168644924810903
1.9906051870617145 0.9347893797703093 0.6713977591668465 -0.41958274361073566 2.2762271465490906
-0.9865489480602503 -0.9453548395188625 -1.1079281253019597 -0.923543162639654 1.1945544696180979
-1.3185613043588351 -1.374782443157132 0.6104563857456557 0.34182640042291323 1.1707398563933418
-1.3788689288434104 -1.1177160350027204 -1.4921986351255045 -0.7581233434893727 3.5064079964655073
1.9867157750503224 0.9492385248135506 -1.199940545106746 0.19268081217986302 3.8836257991582217
1.7476658651043615 1.4066407441090338 2.2422438818292925 -2.291196248234395 2.1472576068676474
-1.379605802204495 -0.5871071505098588 -1.2895927951695167 -2.9463015342782035 4.491071206778605
-2.7519246954887233 -1.3743527944207856 -1.1586465399571453 -0.4992408837221777 1.8202794147721617
0.9204915086662813 0.5983468388708705 -1.426341142892277 -2.1488864699117705 1.156723355873687
2.476966452308172 0.6966393162583795 -0.9303206126244834 -2.1126444211377597 4.64149383517622
2.3902668906424958 0.6123257434609108 -0.1763800353173675 -2.7828851837382893 1.2959849741074827
1.0044956592798058 1.1008983884835342 0.07550147696233478 -1.4860364320489678 4.870632332339901
0.8139894810099149 -1.4459259916738942 2.5867772229301367 -1.3069413141065853 4.518026947994551
2.2350928535569303 -1.9029016888091472 -0.48030928371153203 0.36516277999381164 1.478884885741327
-2.402508945750547 1.1791416861262607 0.41339306746383553 -2.0071569339216504 3.8265188792804725
2.2115221244958834 0.43963685052027857 2.9068108358651417 0.46378027985265635 0.4248491187349248
0.48597456656500515 -1.3394680431849135 -1.27766218102086 -0.20510655572308956 4.94919232329775
0.881591001200086 1.5721430289073979 1.7007206906952523 -0.7211470001867453 3.3327660830552577
-0.5943023992976704 1.349907111595871 0.027521855918925198 -0.47356558207990657 1.3091578043526875
-1.106698311275314 -1.588752869579633 1.3537619547774775 -2.224679227716875 1.1775968947336455
2.1611967400946095 1.0368405539932768 0.9993583117998653 -1.188446010309796 4.299376052465657
0.9483475597863182 -0.9047718636199762 2.306958682358468 -0.9175432413633051 3.3193784585827295
0.7914402237058884 -2.8959649744153215 -0.16998364743838734 0.4476682709573401 3.207537192638868
-0.7322315243985982 2.6950776233608114 2.0101306218509962 -1.6952323896782246 1.9790919293876748
-0.39191865111877977 -0.9263670809325057 1.530241363066313 -1.302580194106326 3.345277776275897
1.7057575504648763 0.2592172843885418 -2.1221526577167493 -0.06608014902436957 4.152008156538942
-0.8981063848901725 -2.472705830308113 -0.7492283473532488 0.00015502919583962327 3.271142385880389
2.1142232784868105 -2.042458126418729 0.9573405493662048 -2.1391183511676326 2.8856151812372888
-0.6440046038427456 1.8090653016804608 -2.622502364580553 -2.674917986489101 2.7140765758146275
2.8069061244307845 2.2227059044884188 0.5257737331792596 -1.7884407820623318 1.7545281001604929
-2.814628630825462 1.4149974337036144 0.3269696671197524 -2.0364710879527816 3.940017610797199
0.05193499517920186 0.18973875261453754 -0.9693455635357537 -1.914360397917379 1.171744915290078
-1.2921825544395615 2.51515984639048 -1.981017994531634 0.18974655664497586 3.409123476209807
1.0647213504138429 -2.2191973519523414 1.1561267258661037 -1.3684573047626905 0.10306844277500338
2.186987913478154 -2.5415406400385328 0.08864660949466385 -1.8171640610439512 4.745683314619752
2.7225929879503643 -2.696545698536479 -0.25770648743828106 -1.543902781257867 3.3145175019074387
1.9732356256940202 2.0527810667612334 -1.9227935093231414 -0.293034390791457 0.12197336444654416
-0.5778067912646634 -0.7748359399335487 -1.595960393640367 0.23815510290376873 1.9702797578770634
0.8615485373903713 2.747664528742825 -0.7086084525800098 -0.9786660267357845 4.567623261564858
0.9796610169491525 0.5830508474576271 0.9661016949152542 0.9796610169491525 0.8813559322033898 0.9694915254237289 0.9593220338983051 0.9457627118644069 0.8305084745762712 0.9593220338983052 0.7220338983050848 0.9796610169491525 0.9661016949152542 0.9322033898305085 0.9796610169491525 0.976271186440678 0.976271186440678 0.9593220338983052 0.7389830508474576 0.7627118644067797 0.9491525423728814 0.9728813559322034 0.9796610169491525 0.976271186440678 0.7457627118644068 0.9694915254237289 0.8101694915254238 0.840677966101695 0.9694915254237289 0.9796610169491525 0.9322033898305084 0.7559322033898306 0.8745762711864407 0.7898305084745763 0.9457627118644069 0.952542372881356 0.952542372881356 0.9694915254237289 0.952542372881356 0.9254237288135593 0.8983050847457628 0.8813559322033898 0.7559322033898306 0.9559322033898305 0.9661016949152543 0.9559322033898305 0.776271186440678 0.9559322033898305 0.9254237288135594 0.8745762711864407 0.9457627118644069 0.9288135593220339 0.9084745762711864 0.9796610169491525 0.9796610169491525 0.9728813559322034 0.9796610169491525 0.976271186440678 0.9796610169491525 0.9796610169491525 0.9728813559322034 0.9559322033898305 0.9084745762711866 0.9627118644067797 0.7864406779661017 0.7864406779661017 0.976271186440678 0.8338983050847457 0.8983050847457628 0.9593220338983051 0.8779661016949153 0.9593220338983051 0.9491525423728814 0.9796610169491525 0.9118644067796611 0.9796610169491525 0.9796610169491525 0.7084745762711865 0.9694915254237289 0.9728813559322034 0.9694915254237289 0.9491525423728814 0.9627118644067797 0.8949152542372882 0.9796610169491525 0.9627118644067797 0.6305084745762712 0.8203389830508474 0.9593220338983051 0.9593220338983052 0.9627118644067797 0.976271186440678 0.9559322033898305 0.9627118644067797 0.9796610169491525 0.8949152542372881 0.8847457627118644 0.9694915254237289 0.8101694915254238 0.9593220338983051
0.012592010009735985 0.01220132267649272 0.006708014666906193 0.01029753282030949 0.008223867781740666 0.006478487182674483 0.01565575966398042 0.01064009338831163 0.010136086904297797 0.006996795801179033 0.011225395679009263 0.008144832758576907 0.007444540110437221 0.006707765850934502 0.009261050768873569 0.014643579310176931 0.009547494637731458 0.01258641183855349 0.00833403537708855 0.012279629857990807 0.009832723047174023 0.010400075257671887 0.012903818749767497 0.006802025150767038 0.012699094491476296 0.008191222489895745 0.009601752351123186 0.010325991777972518 0.008493765244481102 0.010106655349924429 0.006324813348354181 0.01012593144063675 0.006684989173856345 0.011910253391346545 0.010116267488956398 0.006531783421180002 0.008478466038022317 0.005855749599822139 0.008884740175298538 0.007277470736567546 0.0083364508604166 0.006999295041914001 0.015499842007241445 0.0080830973222952 0.010473846203233607 0.009159921181986051 0.012562070921674185 0.007193700530230623 0.01162686713035905 0.00615160216912723 0.01221701954014788 0.014389764722203177 0.007853318256682455 0.014389328918300552 0.012025482000473908 0.014285795369225737 0.01083817209332056 0.008031899886913423 0.01594806357852011 0.007558111025748533 0.013879785711363082 0.006517354140001399 0.007943530759401367 0.0104213221937144 0.007722997515954192 0.009048612850498218 0.009374963607589201 0.01432600192907686 0.010099609676653902 0.008664637854284781 0.01071299646329033 0.010626461737181615 0.007997455521503735 0.00945556001682465 0.01254356058050541 0.009608357872357563 0.018060757469102073 0.010129863808132166 0.006526515165707688 0.0075370808413083015 0.009777166755690413 0.007321994327144872 0.006912804905688065 0.012219521007967143 0.010104452302667133 0.006364214217111946 0.010080285974604768 0.009680477404545874 0.009166411891613883 0.013123588810585972 0.009251036454401482 0.011156765710056546 0.0076492721317196625 0.012775398887593917 0.011267125643891786 0.01249970549060051 0.010457514108729566 0.0145863942931959 0.00950123736040973 0.00963126203801999
-----
100
986
0.8
1.3796275405385985 -2.9269337134832183 -1.711048991815564 0.4527368341000957 4.794167487567262
0.5206789895716035 -0.8131774168490014 -2.3824505509216767 -1.5991673925253804 4.065739039353284
-0.7055886159320143 -2.3331092283349113 -1.0891411135480542 0.2902800459421973 3.883344021856067
0.1409578896996655 -1.8022906421046785 -2.1629367309888554 -0.031786677820946574 1.9389582779299783
-2.87009776367033 -2.5102774120599096 -2.740073820874424 -0.6025052441851326 2.333747139367341
-2.2926730801483224 -2.626318647426205 -1.4103511001021696 -1.6795219663421879 2.8647110660092086
0.23798061874619458 -1.2116413089767804 -1.3279960861128846 -0.7778621033243399 4.823392856855988
0.16492816136688226 -1.672042884944973 -2.758558928792837 -0.8400640342014982 1.4582337254019497
2.9378667691989926 1.035422921892987 -2.8284408278761974 -1.8412053208624926 2.152264301261121
2.6107750134354504 1.6157482445885036 -1.8643631833956942 -0.4435732620704619 2.8476107231855363
0.26188496058385635 -1.287725374054097 -1.832840948448158 0.21694443579277456 4.780791922391261
-0.4940449766240187 -2.735452233844847 -1.176864678435745 -2.1454476054119582 4.2716966753337156
0.685364006625002 -2.8396872128575548 -2.419044697333577 -1.0521076146980266 2.765421875578962
-0.6334386348185193 -1.974317334025181 -2.896478037235764 -2.5819571863051167 4.212125779725733
1.6526912858283977 -0.26427081196110325 -2.3651285497430052 -0.15119196648860078 1.94023718923342
-0.6347111275265602 -1.8437868724098019 -1.5122801836461774 0.38142454760713473 3.063077550742792
-0.33119959615007244 -1.7395627363321697 -1.9962675947732271 -0.034262684667159204 1.3849142642002144
2.3398267442219036 -1.4804606271577496 -0.885765093033927 -1.0714088946391245 3.638349813218161
2.6352752388314737 -0.020738712693081918 -1.6800684020690202 -0.6805643958055487 4.447178354749392
1.3150416388991788 -1.8368611999704263 -1.4540639385040637 0.17996508305040282 3.551776268151695
-0.1442938764123851 -2.5652136229285527 -2.9064835131381517 -0.4062322517942896 0.8572423309812074
0.8180497503522004 -2.436645177881007 -1.3402640147711664 -0.6280323074911224 2.4202798546246127
2.093714782657517 0.15952147478393774 -1.0901931818036208 0.2666263369629991 4.5941308842459865
-1.4889986497125363 -0.9964055894387637 -1.4204906803945194 -0.3397892208973138 4.150431197806526
1.8645671783085507 0.24843535496706637 -2.8301036378171793 0.3092503331970859 3.292213039059308
2.1887860808020534 0.14667813671969107 -2.9035713977266155 -1.8772594233665787 3.0138202195025547
2.2879359348561135 -2.141883601645721 -1.9521846662551807 -1.2663541990770186 2.6370359347930252
2.6627470976061587 -1.4195384709010206 -2.1048904067197665 -1.0153400370239953 4.08521594807769
0.5232249604211412 -2.3324095973822017 -1.2880518147586089 -0.7184089409919989 1.991458176204901
-0.7930159697554908 -0.9415697986070257 -1.919941985957178 -1.515647193241107 4.080078813059031
0.683866166586075 -2.525529269940319 -2.9928567323463895 -1.7260660285733822 3.6202252674708806
2.346898637382047 -0.19753174725211609 -2.4700192901166984 -1.6389086419127312 2.856020628506452
0.9479820176042543 -0.8653666292809277 -2.074988764038861 -2.758140342771175 4.033300977263734
0.7627760296063618 -1.694856997521294 -1.1473283842215252 -1.675390147274337 3.656383256881857
0.8800748246393137 -1.2050594620745303 -1.8656997611745079 -0.6405597322188783 3.9063527167229077
-1.0776745989932337 -2.814481318082086 -2.9446253341067368 -2.9762901557342287 2.62384184008675
-2.03703001874862 -2.7706919871703066 -1.5589036179432592 -0.11862845569435487 1.9788113554885818
-0.06896090224900053 -0.13822029479892084 -2.705170581540001 -0.33951576678679474 3.5188214832344853
2.8306104505087837 1.9061687993914846 -1.3157716599621505 0.24420537468128112 4.059815015995761
-0.4607494898501311 -2.5529146866028145 -2.9385018442971855 -2.6562609829027277 0.6330703239991831
-1.4434221182618985 -2.3601565051296323 -2.8207117509745965 -1.5510477092633592 2.3291286549996837
-1.422189417414226 -1.8085210418486648 -2.072605022322355 -1.1867095752385741 4.162244394319259
-0.8028408760863424 -2.178787448686113 -2.4796967088626247 -0.8137085919688256 3.836569432480588
1.345828702236667 -2.3937283512220002 -1.623714794259153 -0.9548768522917832 4.326720074057149
0.10806051773152059 -1.4510213618177075 -1.1003208734387986 -1.5037564807643071 3.8490801325526487
-0.5133618431538274 -2.6229048336110505 -2.1663280711583432 -1.6632003039527057 2.6436741469924683
2.9334428374666386 -0.8809122555997666 -1.2812013844604488 0.35851213295841955 3.0028986482637645
-0.24641974229891028 -1.138838190107361 -2.341795292713527 -1.628450675913815 3.018700771062341
2.056041200199501 -2.390745854662095 -2.290707072879213 -2.5904972573380105 3.3768054606332734
2.444745878949479 1.2897873757827087 -2.9165735193895213 -0.022098951648566574 3.74740122004863
-2.3899856920939704 -1.7959805911972038 -2.504477170960218 -0.16226063012391578 1.3864553123410532
-2.0563619951366716 -2.1861012909306656 -1.1369716586200918 -0.06771467239829199 4.259811089914648
1.0755471240816614 0.12143302714122584 -1.9500756979591665 0.3105753195605533 4.257249698534375
-0.8874937430285526 -1.1277813890738164 -1.2849307351551567 -2.384161279814535 3.96732395093957
-1.8433317107290712 -2.0186850772914573 -2.4099769030438756 -1.9541245561059921 2.527192513448265
2.317860686793591 -0.7098495518133754 -2.6680809134487387 -1.5972362706872127 4.836784049010153
-0.45473048769396074 -0.9069938936657865 -1.503759834139487 0.2892169172104752 2.3494154444263016
-0.23725530990025878 -1.8202741596009653 -2.695427473089637 -2.5924212851543667 0.6043343392455167
1.1559638347524592 -0.9620201748878032 -2.173419414518349 -1.3581428885552211 1.759766074260832
-1.9752668245032645 -2.87130859473403 -1.2657608993506289 -0.8763053646653792 3.678931446635709
1.8526828367937342 0.47748439546475474 -2.3354515146421058 -0.681009332650957 3.804373251909248
1.2302265950019846 -1.6935796969081145 -2.5688465633061917 -2.1272427068147035 2.738459809648773
1.1483434662773466 -0.590979273616474 -1.5754725725801404 0.20866945690218996 2.917536944474399
2.995483698365657 -0.6031702840622897 -1.799335726596059 -0.876512266648472 4.206023607709313
2.5037982093439113 -2.5202892442265026 -1.7524942192481447 0.22135125999017663 2.7168103539275115
1.0099994530811136 -2.006110870719529 -1.9567486521227244 0.49230108776219483 4.981854457707621
-0.034395869917643984 0.013121063328212834 -2.4067493441479466 -0.6705570287432627 4.652849647435109
2.147495769656699 -0.7021263442012693 -1.819022064042981 0.19208769395136405 3.8133173835331293
1.5839017102577881 -0.9895605170941759 -1.3858325666688043 -2.2906605146517727 2.9854777073207956
2.5855312996212785 1.7340442093789625 -2.21659230496575 -0.4979772788501443 3.708884510539232
1.0603931599537741 -1.9122679913452716 -1.758248946677583 -1.8483154824057144 3.41400897547182
2.090560063879513 -1.0542969743005224 -1.5730866211071968 -1.991117382102465 2.7488683196571397
-0.8348462975146631 -2.5762002809544886 -2.540384584505993 -0.8802684174139892 2.9919394549615266
0.6411901652788381 -2.0280160005533903 -2.7737204688109114 -1.083198281999155 3.280644852446852
2.1838725901690186 0.033318498156922116 -2.3872025338139142 -0.12926187011745727 2.1207506224129102
-1.4304239084022323 -2.849066052441692 -1.5172412967616666 -2.2971781455896663 3.201924957287005
1.8572285061933513 -1.224506679126276 -2.959721504096374 -2.029423639699183 1.4223181736405934
0.8100416452481476 -2.090459384131659 -1.9494522469107969 -2.0601646596512837 2.9034301008503904
2.37457624804312 -0.4234884508152398 -2.577799682730088 -1.6884753303466513 1.3687706021837749
0.9707407541111113 -0.9149391586679312 -2.2054109861531392 0.34249818148250355 4.964040189949837
0.710400304439877 -1.9078081240119944 -1.2862748526526424 -1.4881531707536706 2.025018245220427
1.696107870911781 0.8502514352655655 -2.066687243220855 -0.06314267679004626 4.746687941468451
2.6649401529305785 -1.2395929569579414 -1.9049779683729304 -1.3724559907184366 2.733942275532321
-0.26286194803438256 -2.8593817587782366 -2.192419692465278 -1.8094527155893627 2.7539943285788877
1.4680371731234907 -1.334468703805892 -2.532358666599152 -1.0103874454821746 3.7053614201776908
1.8064391174554584 -1.5872748253185838 -1.742014439013337 0.04952435777145503 0.8825313894850249
-1.4665698023592904 -1.002891594356665 -2.9115091535385647 -1.8148297031724694 4.733868149017934
-2.412611125207944 -1.5760074922926086 -2.8891928521532053 -2.9507918105758417 3.313425702538958
1.9101334877501706 -2.0914812580027773 -2.801490449107397 -2.906117355127493 4.805998589312545
2.839816376381879 -0.4254818079022721 -2.037621628551228 -1.633356903282917 1.3985648439280998
2.4225199799231767 -1.1464644275285183 -1.391472882498895 -1.0005449524711525 3.6515054144025174
2.982497515148591 -2.2189089890630616 -2.118748075808597 0.0036976651616549283 2.9898784539432564
-1.8846141158406762 -2.7489984632931654 -2.488242385178053 -0.45659324476003793 2.7743077388120576
0.6172660497645035 -2.1237307139556414 -2.365310492701015 -0.4377760798260648 3.80973817053295
1.0323236830243951 -2.730592173176356 -2.546102440055571 -1.5248360054422652 2.8041510600699517
0.8903057570296014 -2.0180992668038535 -1.9681525322146354 -2.085094825324268 1.3462396974849213
1.120703709285429 0.037764838204597195 -1.7682909881467974 0.2187241355624679 2.5767233768597055
1.3560878195980721 -2.5609924280922867 -1.0604553794056948 -1.8997021941405055 2.999377283347202
2.720228902535637 -2.249858533645844 -2.8469076009894048 -1.033405823602274 0.810172973064228
2.2331579066392777 -0.505965615062252 -2.1898413543927533 -2.0631493562210097 3.4904963414750316
0.4813559322033899 0.7254237288135593 0.7457627118644068 0.5864406779661018 0.5288135593220339 0.7627118644067797 0.7355932203389831 0.664406779661017 0.7661016949152543 0.7864406779661017 0.5389830508474577 0.7457627118644068 0.36271186440677966 0.6033898305084746 0.6576271186440679 0.6983050847457628 0.7254237288135593 0.7796610169491526 0.6644067796610169 0.6847457627118645 0.4101694915254237 0.7457627118644068 0.7389830508474576 0.7898305084745763 0.6372881355932203 0.7220338983050848 0.5186440677966102 0.5593220338983051 0.7627118644067796 0.7864406779661017 0.24745762711864408 0.6915254237288135 0.7627118644067797 0.7559322033898306 0.6305084745762712 0.4338983050847458 0.7559322033898306 0.7491525423728814 0.7627118644067797 0.6949152542372882 0.5694915254237289 0.6237288135593221 0.38644067796610165 0.5864406779661018 0.7728813559322034 0.5728813559322035 0.7389830508474576 0.7559322033898306 0.26101694915254237 0.47796610169491527 0.711864406779661 0.7559322033898306 0.6847457627118644 0.7830508474576271 0.6440677966101696 0.45084745762711864 0.7864406779661017 0.7830508474576272 0.7457627118644068 0.752542372881356 0.7016949152542373 0.5593220338983051 0.7118644067796611 0.5220338983050847 0.6135593220338984 0.5559322033898305 0.7864406779661017 0.5254237288135594 0.7864406779661017 0.7491525423728814 0.6576271186440679 0.7423728813559323 0.30847457627118635 0.2983050847457627 0.5796610169491526 0.7389830508474576 0.6474576271186441 0.6440677966101696 0.7322033898305085 0.5016949152542374 0.7728813559322034 0.7016949152542373 0.5898305084745763 0.5084745762711864 0.39999999999999997 0.7559322033898306 0.7627118644067796 0.7457627118644068 0.2745762711864407 0.7457627118644068 0.7050847457627119 0.528813559322034 0.3627118644067796 0.4033898305084746 0.2508474576271187 0.7322033898305085 0.7423728813559323 0.7661016949152543 0.6406779661016949 0.7084745762711865
0.015124798825958855 0.007617099069693062 0.008601284819120746 0.007744479744798952 0.014846419817096803 0.01029523943964054 0.007251175858669458 0.008827323354906406 0.010299387553043184 0.0076589572193616 0.0091365835862238 0.010584508112681391 0.009860500412327233 0.01653100044715186 0.007755762186315569 0.007683453676405949 0.007857726918605434 0.0067902262115630595 0.007961328006383077 0.007660179175176053 0.012865890023036175 0.006822059372012681 0.008536226526555274 0.007343779529797575 0.009676761966218014 0.008833062883809424 0.009076309979054084 0.009352169413726104 0.006628674050979883 0.007347523109848714 0.01304548740640495 0.007849016578775441 0.009858195005090822 0.00636199739442473 0.006471144061998769 0.02358930501170661 0.009868406009321836 0.007180050052989271 0.010344952213181612 0.02332514185362254 0.011567390494090451 0.009463333077865371 0.00968676820293318 0.008681817324367227 0.006037644489208965 0.00926270369635836 0.009693759451544097 0.007106112923332127 0.013586915740694526 0.010740350101284492 0.011190723035297515 0.010488702508447776 0.007736924790027448 0.008189253548202937 0.011106631241612345 0.011392122277432387 0.006441001756799056 0.017363337326686046 0.007042604218123694 0.010045066765299307 0.006974334777353758 0.00969017094438734 0.00638392685678381 0.008709828839285633 0.011872381809197552 0.01289739387197887 0.007994949815684698 0.008205522559459494 0.007045677971867073 0.008537465050740227 0.007567102359268367 0.007225436260563205 0.009762736490782896 0.009244647305206351 0.008370799635591513 0.011706583143242308 0.012814386160251231 0.008424342135076469 0.010209972376634879 0.010632869947679579 0.00648640453540201 0.008628301274039664 0.008154748799728365 0.01027568679671292 0.008091398953961585 0.010579913638820614 0.014924117576591331 0.02270384117931048 0.021079843119385665 0.009717416212812191 0.006954407386757872 0.012996808941497745 0.011729234946434283 0.008734532453180531 0.010829651852876192 0.010038179581469511 0.00647138099762872 0.008030241098176561 0.020013527887439306 0.008003084609454293
