5
100 100 100
100 100 4063
5.0 1.5 0.8
-----
100
100
5.0
-2.0239377366502915 1.0273283881729958 1.9600876321569274 -0.6406942417529065 0.9580489609027665
2.1813171509765183 -0.5390643272178504 -2.7762409316296823 -2.653455685940509 4.098228967102546
1.1430892885344743 0.7191069888170252 2.6222884120601737 -2.561376237799678 0.3122522096036995
2.0782776094314697 -0.3826421684000523 1.1954293600542982 -2.4729562025008103 2.7383984027135355
-2.368098344789583 -2.317454484917373 -2.1070926902589906 -0.5268357146514298 4.031630109278709
2.875663319627723 1.3466290999766084 0.2078196911295227 -1.0289312127871266 2.1277901572443336
2.852235847126493 -0.012971518120620917 -2.4820037167365716 -1.491276183271627 2.287919191196617
2.67332568711217 -0.9778677203789847 0.6274825120968712 -1.5635905814453588 0.4453015629900825
2.1436856112846687 2.5773650198800446 1.743609220234184 -1.9851013378848998 3.1630686679644517
0.2004517327609916 0.6123758396636529 0.8934049472428862 -1.842778204119345 3.791945680175245
-0.3314104829549196 -0.7475718703816789 0.9647621064773659 -2.7272143336775905 2.736483801750509
1.4199650402245112 -1.5577843186192437 -0.4923602879118065 -2.025941821030591 4.541594483473928
-0.6979576540571495 -1.2510940842550196 -2.4928220677650432 -0.269293025242789 4.921677010449264
-1.1221113211349572 -1.78641391735612 2.9874445304884434 -2.702603116619355 0.4871099393671552
-0.1478000749573547 -1.1656617457258491 -2.894958359639199 -0.10665433425747395 0.5133393330737901
2.1875374135880836 1.6016329085840102 -1.9763773119748569 -0.6880940812402985 0.10709444318986572
0.7948777816880828 0.29265279771305064 2.8125486733070737 -1.8397568308653713 0.41556366576178116
-0.5828779107577171 1.1730349846957395 1.4447532775105527 -2.96986754171016 3.3674533456472
0.04667715396440819 -2.233854252024472 -1.0396546828125754 -1.5363706604566567 1.312719551610222
-1.121189902129442 1.076846391503798 -2.927867719670586 -1.3095629476102633 3.2851333634801874
0.9357696067249495 -1.518935353550824 0.6562367323466081 -2.2006122991496304 3.6018951878802197
-0.28068610789176196 -2.161368630286251 -2.7158245594715864 -1.7167228164350379 2.5577247801200222
2.3787063862739117 -0.8541797725181137 -2.3413396892614613 -2.31087688507509 1.494271466777245
-1.1348237506398817 2.967327046481561 0.14908982525031478 0.24727042265848942 2.456760897647261
-0.04270475828811682 -1.2501644972116024 -1.356043105288148 -0.8638437182244507 1.3624614443787808
-0.7454039227609632 -1.0276537909708843 2.5544087502028567 -2.751066532853792 3.0353712548120693
-2.574463100079102 1.3112137006494358 -1.6984248399149124 -1.541730892318533 3.542954630005841
2.8184513489728937 2.9843927474520413 -1.4102069966517332 -1.0095763606026622 3.306679784245654
-1.8585879358826394 -1.9386740494753365 2.1483205535827476 -1.6533071078940025 1.9496323471885801
1.8113167384663988 2.4515473026139443 1.1638334520219589 -1.1952829398363993 3.0124948655353934
2.866965619271351 -0.21861715349964328 -1.2497045524108192 -1.9619949846810458 2.1096924254144622
-2.559090583152189 -2.4115375450377643 -0.4270615126995403 0.41051461613509455 3.510802685180079
-0.8041971995163797 -1.8307553553343552 -0.7292764260697018 -1.694467571552973 3.3482754852650642
-0.6967616585429792 0.9578509522252148 2.585004929594734 -1.0202527521783809 1.4754688668589033
-1.736940032565773 1.2464227551030271 0.11233660788903777 -1.1377143165317694 2.378102423366386
-2.775632087109481 -1.3691702078684167 -2.2427735995909566 -0.3777129370623231 0.5798945803158417
-0.9974169268130626 -1.117194498320401 1.5880696020044311 -0.9821636640915905 3.721711494911145
0.6032655391155521 2.025406705743131 -0.5752385972033047 -2.6934803624375285 2.9299568899271433
-0.16390473279144135 -1.5436376730483254 0.9739533285077497 0.21105648140142064 0.9941334545425917
1.958009016079572 1.0030994065691283 -2.8111781165162597 -1.8926406580968562 3.718520596021846
0.46946820786952737 -1.1921800014730035 2.609794237583589 -0.49335487784289267 3.8121404879382204
0.5900203173602958 0.11702247474866256 -2.625745144461094 -0.3089657013856755 4.390448994464498
-0.311672494507119 0.6761795570831368 1.443482557392815 -1.1210068357951766 1.9334899040045694
-1.9668079738917874 0.5801043604032992 -1.619449311717828 -1.0693712185101887 3.132048408480018
-1.2132827541456583 -1.3102940030004406 1.9622397288925768 -1.6217865739021553 0.4996627397249609
2.4251077447539595 0.41001109567077565 2.943107481509303 -0.6495056860265684 3.8336131502103132
1.6943874654999167 -2.2415851449392834 -2.8188254094381655 -1.0356714975739691 4.408826552668864
0.12219760184199302 1.3277524398742475 -0.883496377870844 -2.972975878937421 4.358767353526871
0.10338697754191939 -1.2549694345764428 1.8140197236277524 -2.8625773713855116 2.487272798674508
-1.3835664001353782 0.7545593226223053 -1.1749961859623808 -0.45710457012477246 4.543885172654731
1.7389896848266595 -1.0015726093881057 -2.2235132526932837 0.2550435768025725 3.351722947365289
1.8339195864410094 1.047795851026045 0.07225589102414887 -0.8074971794615431 4.28486370620659
-1.5963879333188644 1.5007389149592054 -1.0244606495904462 -1.8673888251028266 0.7440851134495818
2.4564070194655647 -0.9585313439550638 1.0004758069186375 -2.857177087709042 0.959296537178489
2.8964866939057963 -2.3885110716803433 0.6565108560864035 -0.6875831245438002 2.017388780354692
2.8792442095057122 0.44123885439371247 1.8523873429241053 0.32692205972130006 1.924800562432576
0.5205516312224514 2.294863278071487 0.3571121629155867 -0.4269091996224783 2.8809983205185796
0.4353651393366893 1.0853081592788527 -2.995389025550398 -1.1515921321611955 2.8295806610097776
2.3090040928322013 -0.37275589175970936 -1.7467103073751162 0.29693364539229217 2.1022110030170085
0.3377475066081854 1.990352920257621 -1.8814187751080143 -1.5484049913522193 1.8552381424898146
1.561850734514227 -2.478076856545664 -1.2421632063165604 0.11970876357907212 4.931180134802812
-0.610839125625251 1.962836436803288 -0.3626854531923289 -0.0008263277477484898 1.394592956192261
-0.8726107133557557 2.4402917476296118 0.29962704679869434 -0.7387973086165838 1.2986885712774077
-1.6025563959685445 2.2071615489796645 1.6629303548656793 -2.6817488189824465 1.3071749551345202
-1.1817233574569497 2.5266032117418717 0.23986464010816366 -1.4356124738303095 0.36915621403135424
-0.17132752449921895 2.7265152569738618 -2.5191461464966043 0.4539998963193863 1.2701602450171556
1.2457917956240738 -1.2007899843587206 2.4825825983878858 -0.04401390788084791 1.6678843733323445
1.4036820462262156 0.8798496798690203 -2.053590068527624 -0.3391636427065352 3.276676902553104
2.7078671426796364 0.32082536640404724 1.7223658034861664 -2.6746828693945415 1.343754154927369
0.7277955186627452 -1.235401705567667 -1.5783235020117328 -2.922538892733923 0.08241682044477061
-2.574455001298256 2.666489128635993 -2.1796608469697265 -2.4650453617035772 0.021076464792062488
-2.20479526804134 0.6653748917947224 0.8714886353608948 0.4594838469019904 1.3231143748665475
-0.04937110662992339 2.795883885859247 -1.8829048070713328 -2.0538819928940257 1.1017961744856608
0.9892828768997366 -1.186741190890868 0.07721622593534416 -1.4269559802293166 1.6096157840384429
-0.14554544323495566 -1.5323472925427604 -1.4495619098188497 -0.06324614518679761 0.37218225151365636
-0.7918564290958141 2.6743743018747903 1.8194460641212995 -2.875544662946207 1.3095380972538584
0.7998006858886204 -1.999973281010793 -1.3069664976036268 -1.6145155829712141 4.4711200934059745
0.8835427660372961 -0.5269237724595115 1.6659054473837278 -1.2260447794119396 0.1818473435542045
1.301338827256938 2.691108176645857 2.7340730530063375 -1.4473610036306188 0.0664343299622061
-2.4105696212242687 0.36381457424854924 -2.6004088195276536 0.29835088248890296 1.7058988991877477
2.7833632320161596 -2.6561416471561463 2.0771550788260402 -2.464554731656156 3.362294816613829
-1.677465979211235 2.6136624969570574 2.4789265560563365 0.41957363988892293 1.6254055137141699
-0.19947842177357433 -1.0311657014342668 -0.40415502612526977 -1.3634876169099912 3.256640037712064
-0.3237612804062411 0.08657190455833064 -2.8555342174814755 -2.536891824458857 2.5244213912234006
0.39680181265400716 -0.8433302034539203 -1.2411386476479098 -1.2993643704683475 3.1416767448714165
-2.8305648316831054 2.3978028057699934 0.670640374139182 -1.0762221751794927 3.1864671127229496
-1.030458690372419 -2.5384141506694897 0.5082464635811785 -2.747933739361136 4.778242692750283
2.3098781494588234 2.807243502857835 0.6972257415828005 -2.003941523906094 0.46947967950245695
2.9186391416942374 2.512435185363538 1.7259335695516498 -2.279029174536098 3.230404848713863
2.170197940320813 -1.769498520507561 1.2454755142175742 -2.3208904739947815 0.8913599738502964
1.7475068735220471 -1.3999905295594632 -0.027391671103873527 -1.8879803919762508 4.3471777174922375
0.6282955557097969 0.19647731809220303 0.33402254077357485 -1.0990841484077092 3.9071923416410295
1.0865501254093317 0.3376854536422784 -1.6790144471097528 -1.2301153794547002 2.0769121166197566
-2.2359577406157096 -0.7346010938697392 2.9593476278567348 -0.831600215321771 1.3427541909888596
2.507197396165644 2.6623856719471464 1.033148964748813 -2.836051802842065 1.0294013845572048
0.27028600330692365 2.425374698781148 -0.2454999977281589 -2.5656590448407703 4.23804617980233
-1.2887907260125853 -1.1963753688806027 2.4074602666987737 -1.1587098537221698 2.185202358158229
-0.5187054987802093 -0.09884829914360971 -0.9413333877517363 -0.4863072836586353 2.0222158632806297
-0.503731243482104 0.8628979716616536 1.7493942559717652 -0.29070341778603215 1.433057684913942
0.08783409942590792 1.5585505721228206 -2.8260541898518836 -2.7084435941086262 0.4716141173816568
0.9966101694915255 0.9525423728813559 0.9966101694915255 0.9966101694915255 0.8372881355932204 0.9966101694915255 0.9423728813559322 0.9966101694915255 0.9966101694915255 0.9966101694915255 0.9966101694915255 0.993220338983051 0.8847457627118644 0.9966101694915255 0.9864406779661017 0.9966101694915255 0.9966101694915255 0.9966101694915255 0.9966101694915255 0.9966101694915255 0.9966101694915255 0.8169491525423729 0.9796610169491525 0.9966101694915255 0.9966101694915255 0.9966101694915255 0.9966101694915255 0.9966101694915255 0.9966101694915255 0.9966101694915255 0.9898305084745763 0.9966101694915255 0.993220338983051 0.9966101694915255 0.9966101694915255 0.993220338983051 0.9966101694915255 0.9966101694915255 0.9966101694915255 0.9898305084745763 0.9966101694915255 0.9694915254237289 0.9966101694915255 0.9966101694915255 0.9966101694915255 0.9966101694915255 0.840677966101695 0.9966101694915255 0.9966101694915255 0.9966101694915255 0.5084745762711864 0.9966101694915255 0.9966101694915255 0.9966101694915255 0.9966101694915255 0.9966101694915255 0.9966101694915255 0.9966101694915255 0.9593220338983051 0.9966101694915255 0.9627118644067797 0.9966101694915255 0.9966101694915255 0.9966101694915255 0.9966101694915255 0.9966101694915255 0.9966101694915255 0.9898305084745763 0.9966101694915255 0.9966101694915255 0.9966101694915255 0.9966101694915255 0.9966101694915255 0.9966101694915255 0.9966101694915255 0.9966101694915255 0.9627118644067797 0.9966101694915255 0.9966101694915255 0.9966101694915255 0.9966101694915255 0.9966101694915255 0.9966101694915255 0.9966101694915255 0.9864406779661018 0.9966101694915255 0.9966101694915255 0.9966101694915255 0.9966101694915255 0.9966101694915255 0.9966101694915255 0.9966101694915255 0.9966101694915255 0.9966101694915255 0.9966101694915255 0.9966101694915255 0.9966101694915255 0.9966101694915255 0.9966101694915255 0.9966101694915255
0.010000000000000004 0.010000000000000004 0.010000000000000004 0.010000000000000004 0.010000000000000004 0.010000000000000004 0.010000000000000004 0.010000000000000004 0.010000000000000004 0.010000000000000004 0.010000000000000004 0.010000000000000004 0.010000000000000004 0.010000000000000004 0.010000000000000004 0.010000000000000004 0.010000000000000004 0.010000000000000004 0.010000000000000004 0.010000000000000004 0.010000000000000004 0.010000000000000004 0.010000000000000004 0.010000000000000004 0.010000000000000004 0.010000000000000004 0.010000000000000004 0.010000000000000004 0.010000000000000004 0.010000000000000004 0.010000000000000004 0.010000000000000004 0.010000000000000004 0.010000000000000004 0.010000000000000004 0.010000000000000004 0.010000000000000004 0.010000000000000004 0.010000000000000004 0.010000000000000004 0.010000000000000004 0.010000000000000004 0.010000000000000004 0.010000000000000004 0.010000000000000004 0.010000000000000004 0.010000000000000004 0.010000000000000004 0.010000000000000004 0.010000000000000004 0.010000000000000004 0.010000000000000004 0.010000000000000004 0.010000000000000004 0.010000000000000004 0.010000000000000004 0.010000000000000004 0.010000000000000004 0.010000000000000004 0.010000000000000004 0.010000000000000004 0.010000000000000004 0.010000000000000004 0.010000000000000004 0.010000000000000004 0.010000000000000004 0.010000000000000004 0.010000000000000004 0.010000000000000004 0.010000000000000004 0.010000000000000004 0.010000000000000004 0.010000000000000004 0.010000000000000004 0.010000000000000004 0.010000000000000004 0.010000000000000004 0.010000000000000004 0.010000000000000004 0.010000000000000004 0.010000000000000004 0.010000000000000004 0.010000000000000004 0.010000000000000004 0.010000000000000004 0.010000000000000004 0.010000000000000004 0.010000000000000004 0.010000000000000004 0.010000000000000004 0.010000000000000004 0.010000000000000004 0.010000000000000004 0.010000000000000004 0.010000000000000004 0.010000000000000004 0.010000000000000004 0.010000000000000004 0.010000000000000004 0.010000000000000004
-----
100
100
1.5
2.6600066334855934 0.5237129361387618 2.1899802828898873 -1.5721568090056757 3.5875437840542475
0.03999368059242747 -1.2874312355516953 0.6921394107229986 -0.8645102824595013 0.9041851972460142
1.538196296587125 0.46301435326611884 -1.8656253540199712 0.280309739400755 1.233339574391247
0.4349321833227443 -1.302535877328975 1.1326230280623988 -1.6758949716683065 0.10106709087103294
-2.0180449560379654 2.192046034538107 -2.573285009412863 -1.5449338957201144 3.614356533903302
1.3497597350645039 1.3237050652334086 -0.7048343740503529 0.026006801594855578 1.954390598629176
2.4125777460225706 2.998724333466571 0.046180301681223175 -0.40840375791702543 4.7495640678056885
-0.288834918761662 2.2906677252062217 -2.9923189174718856 -1.0202834721694845 4.021018439278658
-1.2077180192222885 -2.3187497102087056 1.4807948902065826 -1.2601138620558858 2.543893028309614
-0.7263522845019006 -0.10304011775986255 -1.0293116876631934 -0.8973286415850498 1.681056714525636
-0.5721386536408843 -2.224481815928349 -0.7578884228031291 -1.9244849674068971 3.7574856763482285
-0.6039739468429752 -0.04047117856034699 -0.16758668832414844 0.42744202794324027 3.180796199491237
-2.5824110507566695 -1.9945447426734746 -1.2585252880047246 -0.38902890215766905 0.9921009607499137
-0.3309343905786146 2.173821160525161 -1.7685839066270286 -0.9909124254596177 3.75319311542898
1.2129603869486736 1.3486020603595572 -2.000325832629563 -1.5847357094957595 2.627042633646622
-1.0031526083836946 -0.3550993623375699 -0.4139340101633384 -2.70230306120181 4.861681035012062
-2.7793645384839065 2.839898510411359 0.6856301733234509 -1.6736896350789183 1.9574184602000426
2.2366452245555197 -2.515125438961582 1.7369847489225168 -1.3868832492256973 3.065527441119775
1.5054800441775211 -0.9884474170496738 0.06813628917912395 -2.5966047672856822 0.42202377741625996
-2.358913018846777 1.1649847213964057 -1.416756862469858 -1.680311745406262 3.819215641952918
-1.81788615031585 -2.5042718625550253 -1.8994895261300389 -1.2297445516623418 2.899744317775002
-0.483556741646443 -0.1716215101381855 -2.3457166335540576 -1.8958907008363817 4.0687117046398775
-2.5972982749762767 1.4049999203334527 0.9283651390448839 -0.2108642249873769 4.338166597015059
2.460776785167395 0.8904335241476897 0.43502973976683346 -2.5271597930558016 1.4528882239636154
-1.9039760151878364 -0.7918804876565981 0.952792594761247 -2.234124872519086 1.507128538973297
1.3748325421665792 -1.0444356342081582 -0.9129726309410938 -0.5795370079002233 3.360537073959578
1.7668534964172184 -2.0519630430756663 -0.8137118381112414 -2.012657033720681 4.413236489508501
1.8248108136058523 -2.041080890843465 1.9933245491426477 -2.5047169135965888 0.9518233633810279
-1.943234104818703 -2.134650866876574 -0.8881921997726825 -0.9985738578938732 2.202265022456632
-2.9844894445887933 -2.6853616553653095 1.60435831616806 -2.4526852344554864 3.1462271959908072
-2.971651925057432 2.0227706480126093 -2.264091466125234 -0.8251771293310548 0.8956865295548014
-2.6174003454797004 -2.986275645276443 -1.7789640136291522 -0.9901407992840447 2.457533024000119
-0.3382025505923413 1.635416614757276 2.712546321729908 -2.177778132348842 2.89662685398719
-2.027287282513472 -0.34618742150063353 2.4087159413837944 -0.14825683798296796 1.719843780825102
-0.609688645024936 1.3449206244598262 -0.705947113419032 -0.9985804672917737 3.689621867368673
-0.9107249992225523 1.5488338654925382 0.6275644685217234 -1.88872638807901 2.2216092268335346
-0.032123304294940924 -0.4413907806873927 -2.2653285204616465 -2.205039143992894 1.394810447018282
1.1397259770192028 2.6735899601981084 2.6310165920269193 -0.9667471878161489 3.478229093099481
-0.6210830908558231 -0.1149404522632409 -2.721384012363112 -2.8734727098682282 3.590681606929639
-1.790714812224862 -2.1893981205845585 -2.9061250112210555 -0.914613156786102 2.7726169979196307
-1.7079576376077676 0.6472690037048563 -2.683591522979439 -1.5824247353871255 4.968520207880424
-1.6767590980414813 -0.11243471946473527 -1.1500813315912206 -1.8441789639414417 2.314368350117978
2.6587307174441834 1.3401131228037597 2.815168106507013 -1.5237495369940697 0.5738150481978124
1.5944116868473035 0.9040875021461947 -0.20914955115871292 -2.8418057417180322 4.95118742113095
-1.283185103019787 -0.4954673474908512 -1.0240675501131977 -2.3387154016164926 4.477702708844836
2.7365472820534564 -1.7434189259422102 1.9646518942063202 -0.3325506805634558 0.09840840836212239
-1.7149790970630712 -1.5328639330878147 2.175121131638056 -1.2440725641362014 1.2816958353075312
-0.7151833104136166 -1.1120404907822676 -0.16593756883784794 -2.82747582539953 4.2574125023008556
1.5548036450721958 0.23590985557435173 -1.4192710162588913 -1.0504795413992511 4.239321921998655
-2.806953330261564 -1.2786742871711292 -0.5905132012102764 -0.2745092062542984 3.0922402361986645
-1.8423597809426626 1.8720764019527338 -2.6175210695279474 -0.05194928929865872 0.1807335469636342
2.221231686337929 -2.6839241681743475 -1.1371577452760506 -0.7157361871676847 2.521590235934441
0.4427800279041023 1.0613155742324523 -2.434029230845174 -1.4363873947649557 2.7518527911801214
0.17625608632443202 1.4744731634801362 -1.4377800410626609 -0.45306038176760605 0.39221267683891314
1.6147527605571759 2.3937514313375616 -1.8151623218576614 -2.6952672390015713 2.8933103578035237
-0.46549631843287576 -1.6292711239290365 1.5101315057947515 -2.0579841144568674 1.2136523891962545
2.075130933859719 2.2034082606180263 0.5641360684783001 0.4245794615176388 0.7117300099787713
2.7473512389848302 2.6531394169679974 -0.8937163773097367 -2.9571978200752884 2.1427043087526525
2.3048799550851315 -1.668542190520681 1.3129699450383723 -0.863259750969883 2.2157013562115058
1.2140704577858261 0.15605215412974305 2.2065010750612206 -2.0926770429186616 2.7863449151056683
0.778371920718526 0.5877971473789695 0.660090037670493 -0.5725787076907387 1.632012335689455
1.211069593089115 -0.5073979889382354 -2.482675175393518 -2.651898073862059 4.37082684597495
2.7499418448186597 2.757157350274447 -1.3158279652611433 -1.5336919416064319 1.6471379223235716
-1.9706562182251977 -1.7242310626554649 -2.4344525935902097 -0.8918154997989169 1.9542350932420463
1.070510346816611 1.582926640735828 0.5578762361080261 -1.4216588997824866 2.837937289548655
-0.14594841778072132 -0.8733824720656906 0.3713276560682701 -0.28812719054248437 0.028689069706824055
2.685880740448561 0.8148362988635891 -0.27221291952062443 -1.7351596657755226 0.6980915918782653
-1.1870643704007495 -0.654276333564796 -2.5711804113409853 -1.0368188552714914 1.383346443736063
2.1837759932957823 0.7145488532601034 0.9110833846220139 -0.8832878065719443 1.2858129787848884
1.7177786392207408 1.7705127969738164 2.1504855655821786 -1.8538854984488768 0.33452553511002836
2.0468148289138215 0.45585907586314045 0.7644442802095348 -1.2992285852775325 1.8090125435767117
2.285759604746821 -2.2000295078186665 1.6337792926001466 -1.3228179334109593 2.82548531027345
-0.771763601580218 -2.1897354357976817 -0.8481364097556299 0.4156003044830855 0.4505540640330685
0.9510498331434243 -2.37275945257591 -2.031327926965544 0.24026168726652208 3.6200826806206527
2.753777386885669 1.3455351441599785 2.577691294466106 -1.144038743569303 4.38507009399819
-0.5942008353343057 -2.2364973762295555 -2.0886141788044705 -2.0786306014717804 1.6068345694499913
2.4302886296324844 1.8695330199992006 -2.687767886378637 -1.8157012427263408 0.482391657510822
-2.226921168985111 2.9635817404424607 0.09624818458204587 -2.138114128531947 1.8067924682264531
1.8589079483732058 0.33803749380142656 -2.6822892687683497 0.43094452754914925 2.962671643305338
-0.7901437192725083 -2.941683944220696 -0.5535037252465731 -2.651499102705011 3.389851335320448
-1.870415908635029 -0.8861900112924039 -1.7613349094770636 -1.373350588355818 3.1105281929476503
-0.8940432500593849 2.7940043224682993 -1.1240936457314978 -1.823222210475139 1.4136072230100538
-0.031042740172540606 -2.1068669031147174 -0.23282800748137356 -2.266812704629598 1.4160583564737668
2.8585387895653502 -0.8060496785261106 1.4375656999662945 0.39121305153479347 1.920735242266284
-2.540470319755375 -0.6026554707796126 0.7979380378083485 -1.9143177671844342 1.3377229750056276
1.6864798408840451 0.16079477271717382 -2.141075667361658 -1.384500333400693 4.464770505557256
-0.9789286180678602 1.8228225980031765 -1.96761292593207 -1.6521927068501912 3.3779491149360026
1.3068551850072272 0.6868074354734359 -1.3451325635261269 -1.4879808155150993 0.46758715989921207
1.911512443982242 2.1979072935719106 2.1498161384032155 -1.6823079806012788 1.4915436324753137
-2.221110773003954 -1.3111367702772985 -1.2049529632772351 -0.08325842818052831 1.7312237734471443
-1.9471460267257559 1.2386506913254092 -2.7032380618028804 -2.304451675538095 0.44799770300279396
2.1627332294271806 -2.7889412381176317 1.21230493542178 -2.8994656385505824 2.683429548072891
-1.5593832587075234 -0.6069002337324299 0.760187240888434 -1.354102413439344 2.080178863843511
-1.2488477795301598 -0.5893418310912786 0.8665851173970787 -2.1431732689717458 3.6002354727980257
2.636006650410671 -1.7316615372905972 -1.9165934696131726 -0.6984547876370348 3.6523622028478053
-0.1019981326454591 -1.5272080192375157 -2.46056615099155 -2.5413688752527617 2.5294962780716954
-2.6979779406689595 -0.773065199339166 -0.41315753840901515 0.18139772510558227 1.070069977793245
-0.7860114512292498 -2.496960552054189 -1.603438441416161 -1.3590398643071222 4.883537792756926
0.4582363216645051 -2.523607395834631 -1.005675608877302 0.27851630606324285 4.321765562501182
1.144389115072706 2.0115142767738288 2.7765901916813434 -2.998520010295024 1.4928575902690575
0.9966101694915255 0.9966101694915255 0.9898305084745763 0.9966101694915255 0.9966101694915255 0.9966101694915255 0.9966101694915255 0.9966101694915255 0.9966101694915255 0.9966101694915255 0.9898305084745763 0.9966101694915255 0.9966101694915255 0.9966101694915255 0.9966101694915255 0.9966101694915255 0.9966101694915255 0.9966101694915255 0.9966101694915255 0.9966101694915255 0.9525423728813559 0.9966101694915255 0.9966101694915255 0.9966101694915255 0.9966101694915255 0.9898305084745763 0.9864406779661018 0.9966101694915255 0.9966101694915255 0.9966101694915255 0.9966101694915255 0.976271186440678 0.9966101694915255 0.9966101694915255 0.9966101694915255 0.9966101694915255 0.9966101694915255 0.9966101694915255 0.9966101694915255 0.8372881355932204 0.9966101694915255 0.9966101694915255 0.9966101694915255 0.9966101694915255 0.9966101694915255 0.9966101694915255 0.9966101694915255 0.9966101694915255 0.9898305084745763 0.9966101694915255 0.9966101694915255 0.9864406779661017 0.9966101694915255 0.9966101694915255 0.9966101694915255 0.9966101694915255 0.9966101694915255 0.9966101694915255 0.9966101694915255 0.9966101694915255 0.9966101694915255 0.9796610169491526 0.9966101694915255 0.9728813559322034 0.9966101694915255 0.9966101694915255 0.9966101694915255 0.9966101694915255 0.9966101694915255 0.9966101694915255 0.9966101694915255 0.9966101694915255 0.9966101694915255 0.6067796610169491 0.9966101694915255 0.9627118644067797 0.9966101694915255 0.9966101694915255 0.6474576271186441 0.9966101694915255 0.9898305084745763 0.9966101694915255 0.9966101694915255 0.9966101694915255 0.9966101694915255 0.9830508474576272 0.9966101694915255 0.9966101694915255 0.9966101694915255 0.9966101694915255 0.9966101694915255 0.9966101694915255 0.9966101694915255 0.9966101694915255 0.7457627118644068 0.9491525423728814 0.9966101694915255 0.9186440677966102 0.9830508474576272 0.9966101694915255
0.009086581242422767 0.006818770868181142 0.00987727393279056 0.008181847000793488 0.012438974105161154 0.007505034658292811 0.018328505348350427 0.011511782048067788 0.008816780890562858 0.005689082499028977 0.008308055097526804 0.008593032824030167 0.013293395079311966 0.008299520945270939 0.006228552392209089 0.011756734313196413 0.011643460757364579 0.010169935438138433 0.008394561552311048 0.010317686970206635 0.010805142604712544 0.0079887229632533 0.015892994440871232 0.007110294011254995 0.008322111290902198 0.006501611255527716 0.00931412083430243 0.010202895497457233 0.00915681521812948 0.021019755821106663 0.013816270278863679 0.015495699224017865 0.008661719729157162 0.010445276602762973 0.0066146384144216966 0.006012101713425199 0.007437954119303396 0.011475443963627468 0.011261397203857137 0.011775488510093763 0.014204770336884592 0.006843340392132693 0.010594778328467551 0.012043373739210314 0.009891119039744583 0.017386410666388418 0.009300334431821603 0.010093797168898152 0.00711453716797207 0.011072505614395255 0.015235296696216132 0.0100461648592671 0.006337289765148769 0.008292593212452895 0.009792697450964033 0.007504405088847431 0.014518709433128706 0.011989269384158775 0.008148519421985908 0.006565152257827555 0.005713297657001313 0.010522374023180164 0.009803650650233189 0.010298748376877574 0.0056176367401295415 0.00937638085982178 0.007666419947598169 0.008115229375418611 0.006729829167820017 0.008567891037673114 0.005744437595608464 0.009107724747791191 0.01466154291030793 0.011813440962235943 0.014239787686098092 0.010033296213904069 0.012427904528832396 0.010658868100994633 0.011634034847338432 0.012352274292097731 0.007977791333086483 0.007937734561715318 0.007891963629733776 0.013636881099737113 0.009329533315064566 0.008215347455478708 0.007931487910714193 0.007067551543018206 0.007811972395433819 0.0099765914538884 0.012743000359541568 0.012449382334988449 0.0063683727198689056 0.007605858037852308 0.009865007967774295 0.009265678029342701 0.012093855463418384 0.011913785622868414 0.012865477966413331 0.01042287096291986
-----
100
4063
0.8
2.2301488182415725 -2.6093173385621573 -2.2773702800890967 -1.570803139216268 2.863593078239652
-2.618397853015825 -2.8111433836028676 -2.1550468213667036 -2.9462724133036837 3.7153580680521126
2.443442178562178 -2.476954139809216 -2.4900352068116574 -1.8457691258169715 1.4793382862808344
1.178410918359357 -2.5278286153541303 -2.402144507178483 -1.4438114380361662 2.828507227098588
-0.22001926829610252 -2.303924960874746 -2.0342409873864056 -1.532809465345561 4.687637047659399
2.2951406847739255 -2.5028197954894997 -2.617319540901872 -2.8029423526799206 3.389962381041234
2.756991201987076 0.6447679431942688 -2.892955698005035 -0.1449009989969925 3.3198669138988177
0.7361960632654205 -2.577122044366198 -2.4744337915079235 -1.3036167282343714 2.3323897421553443
2.7319207920076853 -0.4952257024047061 -2.183134476109529 0.010312075227469075 3.92326122263756
-0.5226338296967383 -2.283971873227065 -2.575450892702605 -0.13861367279314812 3.311740260580801
-1.503088536164901 -2.735088670227137 -2.6308960165505972 -1.0373084177945628 2.0692967146402186
1.0315472622690511 -1.9974413215432738 -2.375533136294642 -0.33020726265782985 3.3543327714067948
1.1705591256154493 -2.3469954462097533 -2.4892837001565074 -1.5319425217070852 1.7303030802901327
2.8506323348846054 -2.6367473552353538 -2.683565068177694 -2.4903026260651524 4.004851830459232
-1.8926275473451715 -2.99529831049571 -2.6758215759893083 -0.6709478311140691 1.7927451076924008
-1.4164435830551454 -2.7847838512957375 -2.414390835415963 -2.031460481834817 3.853161297997754
-1.1115672988329295 -2.655643904347316 -2.3575291816032418 -0.24274131951017908 2.3824655967320423
-0.48140641563977793 -2.5746103951340484 -2.663210975830442 -2.0617360405851155 2.9430842735775693
2.9567033980512423 -2.8063888503162024 -2.4161386509496143 -1.8580105607376307 1.3672817824006953
0.6226884648120811 -2.904384731166682 -2.475292968766367 -0.34134019852330033 1.4227532986123412
0.6762634042358717 -1.6357958049026342 -2.8151109310987463 -0.9352450934150802 4.154682917572073
1.4891893989427287 -2.88521500223409 -2.199699381405296 -1.3875093853673213 2.5012133749913046
-2.8114151607075364 -2.4428743757547364 -2.4731066287464487 -2.4448923164917877 3.907612586511168
0.8109861383878777 -2.9308209135589616 -2.243856093543133 -1.5353473481648792 3.03730027019843
-0.951892922584044 -2.51820355035456 -2.6308215252949845 -0.7497029149711903 4.109458986064007
-2.6745981380180437 -2.6104712240432524 -2.938483718836239 -1.6029451761000773 2.8029869443387483
0.5342178779266703 -2.182463564647757 -2.2467772706606697 -0.24869013111680693 2.139260674834665
0.8996193561334949 -2.5237112400238297 -2.6741837397487234 -0.010447945968696581 3.349894561134188
-0.00042861301610852554 -2.540563261084673 -2.3021510055202548 -0.11355222670063525 4.202280162806831
-0.3994189123623184 -2.932645400224456 -2.0590032844391435 -2.3115990063321137 4.975986059375144
2.2718205882865288 -1.5300002987921033 -1.8435299716102336 -0.9136155302710043 4.925996506480502
0.7462898488214438 -1.9543455269920451 -2.535859123862714 -1.5082001016230042 2.6155730554639534
1.8795366383060603 -2.7700613422536007 -2.8394888533339753 -1.3190700326432112 2.8513098947655315
-1.6375493797522551 -2.5628027703618588 -2.6185610953765486 -0.04284496489706768 4.177373292298173
-0.694155874247512 -2.2804975080523966 -2.8613430345182453 -0.30459138098029187 2.5079788559983176
-0.3190669833700899 -2.9639229083464467 -2.7857496020467982 -2.21300841931667 1.660540000361666
0.2139120144538994 -2.4998781669490926 -2.616190969742508 -2.520684171271066 3.3735085379868126
-1.1334038806907643 -2.534400927370303 -2.933197925354548 -2.16154077971186 2.6514615142733096
-2.740707657405392 -2.669516178314099 -2.5182376260921386 -0.5775797186659386 2.4734230578450713
1.6027147326688187 -2.1613853586689817 -2.116857837477979 -1.7067064539489327 2.9867240426983352
-0.7592590512124844 -2.2659811187955867 -2.874806628666053 -2.5549022434367092 3.6961078831627385
1.6401330634738684 -1.7689644129226183 -2.451733464582592 -2.6005608714759023 4.569565632901608
2.342658138088056 0.22849524522513198 -2.9533849392513143 -1.1985653322971361 4.523986850501582
2.667788922842843 0.3656093054317884 -2.7082152263912196 -0.2056363105458605 2.3599422507290075
2.1755073056070904 -1.1067841339000755 -2.7771941977495405 -0.9666082363020378 2.135152366913697
2.6145356502636563 -2.9779165119269457 -2.0246576227165614 -2.885768277888266 4.048065141197613
0.24082191260250296 -1.765677316275362 -2.6603549901918804 0.07784110515894882 4.235936171551796
2.9091294514315233 -2.2807404670519555 -2.195933379379216 -0.09614822450828253 2.46520295873562
1.6959960560701473 -1.7784779198994092 -2.7510280174956683 -0.29593675571592537 1.0714259111984452
-2.1569997356361723 -2.433394301633439 -2.310171458500323 -2.842516475581969 4.652002146512244
-0.677161306410504 -2.356335722514647 -2.4972446747106702 -0.2120089992721917 3.7523033389948695
0.050510540263738246 -2.4643689778179225 -2.709511789513671 -0.9307478751197116 2.221738063002065
2.7761073134780196 -1.7986195020726756 -1.9204171450461442 -0.5667004270483853 4.724150141129386
1.801524255581899 -2.137773774496369 -1.946327074081811 -1.6856977904239772 4.4104535621731635
2.657746608305124 -2.20383058902081 -2.009856463952092 -2.710306434224344 3.785714059017267
2.0368150034465193 -0.37905387475284025 -2.937176286426424 -0.38311770399985057 4.03085797862249
2.1739562417236162 -1.46300142179397 -2.8313326500824094 -0.3101241933952704 2.140289158323091
-1.8147238048393484 -2.687360881219639 -2.613117805696206 -0.44852799842635716 3.7434363847393213
1.7504940383641818 -2.1757441426294117 -2.32847355881085 -0.8971462395170783 2.201365013999648
0.03960459302579511 -2.9614128526994175 -2.6944126154451924 -2.896406903435755 4.1776569420044165
1.7064862465544528 -2.663558712000009 -2.2946085255135755 -1.6935063595772109 2.3804623102339475
1.2617521850395677 -2.117308942544928 -2.4733462219762252 -1.826453377458052 3.1503770479073654
2.324896469324397 -2.3781902752454247 -2.889575022114735 -1.4027707303549746 1.621437312467571
1.7815587988508719 -0.1583891844430939 -2.3825006457835185 -0.20078255315049254 4.3054584798330495
-2.4558952461101153 -2.5210916368791274 -2.391335402722298 -1.8793487797699 4.57613328167448
2.034881858830527 -1.180536293724778 -2.69222242337172 -0.5615968080738375 2.358128552569587
0.03909250902767403 -2.4953625766235614 -2.2489103776906862 -1.226652065421578 4.287882377942843
1.0179443519264801 -2.9883421696464585 -2.2338425783126543 -2.4227865058505142 4.472451613797328
2.156577497798442 -2.5865094659047205 -2.157596131340248 -1.1941545973938572 2.4022712146485774
1.035183443003724 -0.5126163787684839 -2.940836182159826 -0.5598341455064055 4.668811571867712
0.45839556783313135 -2.6581262547850133 -2.9679692713751624 -0.5657237376139792 2.3348384213386053
2.209519545467315 -2.837703438645151 -2.124090978425069 -1.0531325444025692 3.352536911122837
-1.0313311803053562 -2.107887027561739 -2.4096680213326613 -1.213311393846133 4.10377495277583
2.7664262019064054 -1.975564032640927 -2.267196848550172 -0.9769764271742905 2.8045406174449545
-1.4235653617681163 -2.057778449242076 -2.9711846105734994 -0.03860325629253092 2.9638386531724024
1.910804251280317 -2.1493635538651112 -2.6318607427299394 -0.05290901640704254 2.3848650867363084
0.37324786697358836 -2.4012838726857075 -2.1754886164854823 -0.20336484745230743 3.65759683913667
1.6175155888943 -1.7147201808339325 -2.720464845243462 -1.3634060820564882 2.5973077252253147
2.749833774376217 -2.1380907910777336 -2.1408202630731012 0.16497537818500485 4.129918243810488
-1.0220899768971978 -2.3863811225815574 -2.5972763651049693 -1.6897776755322202 2.2178400466956187
2.880345579099633 -0.7804486468185186 -2.879163046173205 -0.06255679258581459 0.7314500072685124
2.1628500299054148 -0.9079048891937682 -2.68545730572148 -2.1494691690728396 4.508145968372152
2.825052064772243 -2.4283722161769212 -2.6565434562743455 -2.492641106656763 1.0085691415628175
-2.141802610978384 -2.724232888469503 -2.36486219408707 -0.3604936947689279 4.734034996652536
-1.624115408049832 -2.693178532744569 -2.421139018933874 -0.7623751589924478 3.2287989603763316
0.5907629767487705 -2.1860329989517164 -2.121309572101477 0.37006435413439615 2.469305894189456
-0.28764862825093807 -2.755553672459627 -2.9771094440209325 -2.1483269621999 1.706881834998876
-0.8620439178852133 -2.3914658556730726 -2.6645412752309476 -1.6901850419986209 4.790457945234387
1.2207041265331102 -2.215778689988883 -2.613290009784788 -1.5861495868335977 4.5148485595971
-0.06435704946259624 -2.4466124325172274 -2.1937434285178683 -2.325509917031756 4.151937574938435
1.465661028978444 -1.6259195658777394 -2.5627070937324943 -0.5474113953593169 2.5052099362688662
-1.7904167594672797 -2.38616428085108 -2.532950299449827 -0.8393442234172571 4.357312932404363
0.6492659619232526 -0.8785173011736971 -2.933201131953013 -0.6678364136594583 3.9266558248646337
2.2385774170061583 -1.2890015579908105 -2.345866586185564 -1.2053469094340594 2.406803439859594
2.7619340830050256 -2.349964090248088 -2.3995213138401144 0.07603728478944632 1.8625618702821607
0.30368564351678984 -2.774073273337982 -2.499787264082438 -2.096566661427966 3.0642756457626983
2.7981573629377308 -2.1642249230514814 -2.565554743336591 -2.6496921365721557 2.4587204409670873
-1.4845819155596849 -2.697103524038326 -2.810247671244447 -2.2196989087604404 2.1583879881077315
0.8471635420402972 -2.7274694965253232 -2.6705134675985778 -1.9280796532172826 2.332877542748075
1.7453879082576624 -2.3401811813788043 -2.8706051877094176 -1.7225867946444378 2.74538694023971
0.4542372881355933 0.7864406779661017 0.6 0.4542372881355933 0.7728813559322034 0.1559322033898305 0.4542372881355932 0.5254237288135594 0.4576271186440678 0.4372881355932204 0.688135593220339 0.3525423728813559 0.7254237288135593 0.711864406779661 0.6542372881355933 0.6067796610169491 0.7254237288135593 0.6305084745762712 0.6983050847457628 0.6067796610169491 0.4440677966101695 0.6271186440677967 0.7491525423728813 0.46440677966101696 0.5084745762711864 0.7491525423728814 0.7423728813559323 0.7830508474576271 0.2271186440677967 0.7016949152542373 0.7152542372881356 0.752542372881356 0.7593220338983051 0.6237288135593221 0.6203389830508474 0.6644067796610169 0.6338983050847458 0.7457627118644068 0.7796610169491526 0.7423728813559323 0.7016949152542373 0.7355932203389831 0.7864406779661017 0.6915254237288135 0.49491525423728816 0.5457627118644068 0.30847457627118646 0.5932203389830508 0.5423728813559323 0.752542372881356 0.4847457627118644 0.5186440677966102 0.5728813559322035 0.6915254237288135 0.6847457627118645 0.6271186440677966 0.776271186440678 0.5830508474576271 0.5796610169491525 0.4542372881355933 0.535593220338983 0.6033898305084746 0.552542372881356 0.7254237288135594 0.7627118644067797 0.44745762711864406 0.6000000000000001 0.4677966101694916 0.7016949152542373 0.6983050847457628 0.33559322033898303 0.5288135593220339 0.7694915254237288 0.47796610169491527 0.7389830508474576 0.7728813559322034 0.4915254237288135 0.48474576271186437 0.4610169491525424 0.7661016949152543 0.5694915254237289 0.7830508474576272 0.6677966101694917 0.5016949152542374 0.623728813559322 0.7423728813559323 0.6542372881355932 0.6644067796610169 0.15254237288135586 0.6949152542372881 0.44067796610169496 0.688135593220339 0.7864406779661017 0.7491525423728814 0.5254237288135594 0.5050847457627119 0.4203389830508474 0.7559322033898306 0.3728813559322034 0.3016949152542373
0.009683206498417434 0.013515743002387393 0.012836941294935565 0.00763092948855531 0.007811343000017399 0.014769260007000094 0.011986748785172955 0.007422622151534887 0.011464867137989106 0.008067536504508772 0.0073337442087772035 0.007811928290470733 0.008334355614994144 0.017369866047004107 0.008640675333787337 0.008245326571048718 0.007622946844785139 0.007515689233182696 0.016703691593274006 0.009910115233032365 0.007815063796659328 0.008563437033475655 0.011221703288057784 0.0077459076037323426 0.008315079590414231 0.008978864587953593 0.007410791215653794 0.00996404284209801 0.009733209465837913 0.01111511837738598 0.010827802461604565 0.006611312601837196 0.010416657573024896 0.011376443277217931 0.007734261284603153 0.010325322091912392 0.008860479620304264 0.008308335110723961 0.008596200551666367 0.007413812248243936 0.009069284504593005 0.011225723634657656 0.010711379260442001 0.010334361415485896 0.00857605167474859 0.01806586028405316 0.010222826309191064 0.012536611200653637 0.01105726096959966 0.01326253685342483 0.008412442303825563 0.007196494689909034 0.012883778265480046 0.008976155589808169 0.013286892071191174 0.010213727420324484 0.010066604701317365 0.009117167527054666 0.008143253145541866 0.013099691626051726 0.008973986244300965 0.00753290532534818 0.01243020905164126 0.009705349888748202 0.0104287074235403 0.008464194857960818 0.007634277905295058 0.011649931760937284 0.00920603761201679 0.009672923942343255 0.00875222156672248 0.009931895188640589 0.006937761542568472 0.009761379281136089 0.008837476233572505 0.010560442974346189 0.008160760136110147 0.007708274898734009 0.014731156424035264 0.0068214203142667185 0.01595651523819906 0.010407557207824844 0.020532209533116217 0.012848653821112502 0.007340449607573121 0.009206118630397308 0.009994190252180308 0.009249430600146522 0.009365393571404953 0.008123564465982204 0.007629326619592391 0.008958728527166596 0.007540804598551574 0.007757657542900428 0.014252720875354322 0.008051822124209919 0.014988580466744957 0.009070159978882806 0.00883540812485032 0.009519910730908956
