5
100 100 100
100 100 974
5.0 1.5 0.8
-----
100
100
5.0
0.7827669162657283 0.7944312663657516 0.30250127301821816 -1.9829342990118397 2.3102336453529726
-0.4006131138507465 1.3488942945792317 0.9626783925413176 -2.186106956312668 2.531401600544254
0.3900730907595311 -2.925821618656613 -0.6857332046643019 -2.546955323496344 1.1743335534861399
-1.55440393797917 2.2187049934117375 -0.266643701818869 -1.5089313235157251 4.324444246403965
-0.840471143790237 2.577883064526789 -1.9731496403821107 -1.2698899593741855 4.588843831107838
-2.8365698172654303 -2.9297347435603798 -2.0855136118957027 -0.7558500206926428 2.8985330527073403
0.6253488924811568 -1.4516424751338994 1.3034155877971907 -2.0809486386022984 1.9113229645354057
-0.47456605116750383 -0.04622213907793116 -0.6396541950726871 -2.033590867294498 3.692685684734953
0.5860683460991716 -0.5037813643817892 1.046254775684738 -2.289363363526476 3.5656676273710888
2.2962284399092354 -1.426493268973691 0.9792736306767917 -0.9363394284211957 2.142378694977336
-0.597143740666942 2.0833322912394063 2.423257057354938 -0.5363138519443087 3.5256084460844694
2.831875833607439 -2.4151090479328454 -1.3262952088650857 -0.8153828378810744 1.372049411277153
-1.8379274526477691 -1.1753884173027624 -1.0169427909890394 -1.1956158143507851 1.9510920986342373
-0.8091906511766846 1.2382260750737064 -2.7333249232961716 -2.3119381019308847 1.7305966709102627
-1.2853041607149702 -1.4287547294569443 -0.14617844258064094 -0.40427149454265576 3.064997905821274
0.3149751678468662 -0.22088475362406923 -0.05389915439954507 0.08719168865105154 3.044397318408402
-2.778855204597122 0.999899759925686 -0.1645926203245205 -0.7756301007898054 1.3274696126542962
-2.7580259695987674 -2.54963268034142 1.0452917606902616 -0.829634864941474 0.18404464034201484
0.22323224367859051 -1.9377185416116145 0.6300465014850958 -0.030445603878740624 0.757647623936224
-1.9183436851180948 -0.19846398051055436 -0.8665850377242528 -0.5143628693268472 0.32099563103397677
1.6245362887088177 -0.4260572023512581 -1.4828698930237065 -0.5118382769778904 3.3595775879010024
2.7388589086163364 1.7237214146501216 -2.28202592876434 -1.996684160549441 2.3554941569609933
2.5105507116911934 2.0286458379322525 2.520186753827069 -0.47781928791929795 1.630805020238052
-2.992112443658248 2.042797194536905 0.9517383288035108 -1.1902766535372145 0.10650495985547681
-2.3293727762570287 2.2379629253493096 1.9959418201031305 -0.5088721500382345 1.9735987109596675
-2.6442469718951807 -0.4590012146362916 -1.0848484185983351 -0.9386480444449425 0.5012742879046472
0.24289809266187046 -0.03921553633153829 -1.4656094667369288 0.18643522583331018 2.4423694321981495
2.8165767101934263 2.5014168771167045 -2.48587627911055 -2.0161684041468173 4.984001841088871
-1.6522119692186088 0.8168526475012086 -2.599924080299587 0.18554058494365577 2.723305288795823
-0.8195170618821295 -0.5300777740382059 1.3392556321046527 -0.10331389016159287 3.4669952578205487
2.5578411341608263 2.817551496191645 0.8154201985957727 0.02788216627676432 1.7928924919746603
1.781477598569583 -2.2835554800054894 -0.7233631376743017 0.4427070366523136 1.0511100855838762
1.2364236626849419 2.801269449992084 2.9977710850062156 -2.7307529237677803 0.9774414680478216
1.7373038555621605 -0.7910856769333501 -2.551243238125776 -2.3233239010994273 2.6701045471921403
2.1828221182557552 1.8846981710704576 0.5468564600835015 -1.8476598980302863 4.519390036771212
-2.881267727152742 -2.7206009945603022 0.9955748716903452 -1.2898594418536322 2.926869968519119
0.8531053966189104 0.4556088011295176 1.4696413305565752 -2.4018220096302776 3.469596083426226
-2.263884960300287 0.3266405122702092 0.9057271038473167 -0.6329116968020108 2.9976452998872682
0.5843033645192102 0.1791288514557534 0.7005796982264578 -1.8111033110228942 1.842341997327297
0.644648257101565 -0.035012329825578004 -2.919878027302777 -0.9634702265917472 4.048418734014194
-0.5143734031991842 1.4552594480853127 -1.3574558660124372 -1.9653930414384306 2.3114890426707646
0.7076531007056319 -1.232228435687734 0.1802135806551446 -1.440455935605225 4.193451432215856
-0.25737338481604155 0.15461405521974436 -1.9050063668042898 -2.4959669267101905 2.3492524256772427
-0.41748705087363946 2.397580818365218 0.5778237531491319 -0.04554151915679894 4.049838621843284
-2.3595011245506945 -0.5199924000233267 -0.392159991783962 -2.6149656511671013 0.40845890215944314
-1.3747057241846714 -2.959811803645119 -2.2237709012948175 0.41628176261789873 1.5012360996805985
0.19975190259925046 -1.842211632127225 2.5148779308624007 -0.8496926536501239 2.2521365207192137
-1.207032493882902 2.4364407011207705 0.2698135752488846 -0.5597542965077507 3.018349559924781
1.4730392881190788 2.053349376417356 -1.9153521645239846 -2.871619654519437 1.295828162227327
2.4411802724637575 0.9243340230781829 1.8388856170706571 -2.866322666787923 1.3950327957220776
0.8619104473006849 -0.5955512387890787 2.217239773012402 -0.5562544002758689 3.6549521194263015
-0.18636749399721397 -1.3376605086826063 0.002547089792271251 -1.2889923720742915 2.7531937155809594
2.6120091801084406 -0.2733316627227129 0.38385515510070833 -1.1870160391941622 2.5032863660868476
-1.3285490112071816 1.5883488391694902 -1.7597832815942596 0.05697958060651054 3.9799914921753987
2.145011099284778 2.033310259328962 -1.5609765993856124 -0.8326884943283446 4.520580905818695
0.6899332065047892 2.110253305821246 1.6923702335384112 0.3177708243520678 3.952009306217723
-2.74302855005789 -1.7033299899447538 0.9389248481344779 -2.0595638587949394 0.7754703245904548
-0.32383509146906286 2.374929631683022 -1.2769236385455809 -2.715068343833005 0.08169836186063817
-0.745769447125145 -2.7726376307232146 2.0259525507057035 -2.498262666265518 3.4315794299566784
2.798699602171843 -0.23866260396339634 0.3742521811564159 -1.0476465244566195 0.3535293942139295
1.6232163953301502 2.2783405741497456 0.6970393323209301 -0.5735106429687797 1.2883183082439542
2.8483540395239464 2.141923399141694 -0.02229728418774979 0.4173595795949625 2.0021679151862273
0.29501972500209384 -0.7279964221730251 0.5006444006130617 -1.1144919498570538 3.0120901449736612
2.505117776635574 -0.8537598232071786 1.2073074785221038 -1.778992640611281 1.9409864424222045
-0.08000359146756386 -0.6857214645413228 0.3802096556722212 -1.4289527613468698 4.504726624532861
2.026387339515928 2.7679755770327903 -1.4824718268649257 -0.9586668268979861 4.123557050068567
2.1950643812724078 -2.5339466006510034 -2.209113012865509 -1.2512052895951817 1.7315248388391424
1.2160967400007436 -0.8636119919229275 0.011805442912885766 -0.37181531654031375 4.7367850550652255
-2.1450371507111696 1.0329782289724445 1.7799597918906178 0.16634563149189363 2.740738025426678
2.664869794635689 -0.2727309524650776 -2.2431227867223558 -2.757694048467573 3.694131065063461
2.9206254749059575 0.5933022505118122 1.8447864318886893 -1.8435847295013406 2.839100791885806
-2.7885745164438327 0.6100427033605778 1.5650169650034202 -0.8338359437510143 2.7698899239571553
-0.7768653394309015 2.974813378655904 2.55534828057319 -2.344614442214593 3.263644679780353
-0.2032336454592456 -0.5332094856940168 2.8518024095622483 -0.8737135179934352 2.903880208928491
-0.9012275252684039 0.9549106676843713 2.1321575764207807 -0.9051372997802019 1.5234146702472173
-1.5606533364987043 0.9655139580298475 1.4385366494191665 0.07117772450671822 4.697879273679205
-1.8364019201154282 -1.7816476674050081 2.8966683387758536 -1.6380820704341175 1.294068176313895
-1.7372413897877084 -1.9122087129716268 0.318807061214466 -2.695592851602021 0.97822137114562
2.2727813081570005 0.584246024930092 -2.696409443760426 -1.1519350420621868 3.3853979954048006
2.201603316290619 -1.7015889955395256 -0.3347292351652884 -0.5300817865188527 1.3623516695143767
0.13598616070130065 -2.213417337384038 2.8797391572833178 0.03774934333429769 3.6116630244989834
-1.6080114097472111 -0.8612073752948373 -2.4121530296184526 -1.220678985939849 2.1659012442301306
1.7162852840940497 0.6698973911495352 -2.9144163490191266 -1.9637963584079248 4.150473843420739
1.5316385593147999 0.7686617812220335 2.538508232256789 -2.9625198445101213 3.8007266120725545
-2.7603687490235544 -1.9895103830838035 -2.7728429221756867 0.24654663392552312 3.930231749245535
2.054684268836752 2.491290145044842 -2.325920188538215 -2.316806350705542 1.9949579700165454
-0.8215351847919807 2.6804887117349825 -1.5676673861709451 -0.22411026326758332 0.26561062648593925
2.322125490089716 1.382918882814069 0.07410831804087392 -2.7335994425790195 2.1464864398631422
-2.0143969362079086 0.3809907053006065 -1.135459155044387 -2.7462185837892705 1.5229198080045814
2.713277753840625 -1.1682769202563277 2.0990361203341745 0.009517775826595631 1.4776480329070474
-2.9716069139679533 -0.23431773715359672 2.598386515133887 -1.7869074149435549 2.5309084707922223
-0.5710425230091363 -1.5468974010907597 2.0784063943769784 -2.70327965606205 1.884886015468149
2.4331132369628783 2.67659264757855 2.592643804852889 -2.128084052430522 3.133691737429528
-0.5645640455942451 0.0052802137852348 1.1596209290135517 0.14799493797938146 1.9428188851948869
-1.4761972041966178 1.3954426478445647 2.6557131687033753 -2.1220520423461258 1.302975804286427
1.190620598067861 1.1967255294271961 -0.31561760069579003 -1.7042671568893324 4.951652040380264
2.0456607430412994 -1.5641043136337265 0.24170551804635387 -2.2324243222007323 4.198594524143097
0.17221185713443132 1.0756328025015272 0.7778841475178653 -0.42784266773579294 2.0529735093234116
-1.5944318356776463 -2.9108918328993654 -1.764350125606489 0.11988714218976071 0.8044252946727659
-0.42868951069670214 1.8590633376008912 0.6566096378329207 -0.5154715707463815 3.9921974269002547
0.9728813559322034 0.9796610169491526 0.9423728813559322 0.9864406779661018 0.976271186440678 0.3423728813559322 0.9796610169491525 0.9559322033898305 0.9728813559322034 0.976271186440678 0.9898305084745763 0.7966101694915254 0.9288135593220339 0.9796610169491525 0.9457627118644069 0.9491525423728814 0.9864406779661018 0.9830508474576272 0.9796610169491525 0.9796610169491525 0.6169491525423729 0.9355932203389831 0.9898305084745763 0.9898305084745763 0.9898305084745763 0.976271186440678 0.8610169491525425 0.9118644067796611 0.9559322033898305 0.9796610169491525 0.9796610169491525 0.9457627118644067 0.9898305084745763 0.5898305084745763 0.976271186440678 0.976271186440678 0.9796610169491525 0.9864406779661018 0.976271186440678 0.5694915254237289 0.976271186440678 0.9423728813559322 0.9593220338983051 0.9898305084745763 0.9830508474576272 0.2305084745762711 0.9830508474576272 0.9898305084745763 0.9796610169491525 0.9796610169491525 0.9864406779661018 0.952542372881356 0.9593220338983052 0.976271186440678 0.9118644067796611 0.9898305084745763 0.9796610169491526 0.9864406779661017 0.9796610169491525 0.9796610169491525 0.9796610169491525 0.9593220338983052 0.9694915254237289 0.9796610169491525 0.9559322033898305 0.9525423728813559 0.728813559322034 0.9322033898305084 0.9898305084745763 0.6508474576271187 0.9796610169491525 0.9898305084745763 0.9898305084745763 0.9898305084745763 0.9898305084745763 0.9898305084745763 0.9898305084745763 0.9796610169491525 0.47796610169491527 0.9559322033898305 0.9830508474576272 0.8949152542372881 0.776271186440678 0.9796610169491526 0.4203389830508474 0.976271186440678 0.9830508474576272 0.976271186440678 0.976271186440678 0.9796610169491525 0.9898305084745763 0.9864406779661018 0.9898305084745763 0.9796610169491525 0.9898305084745763 0.9593220338983052 0.9457627118644069 0.9796610169491525 0.7627118644067796 0.9898305084745763
0.010000000000000004 0.010000000000000004 0.010000000000000004 0.010000000000000004 0.010000000000000004 0.010000000000000004 0.010000000000000004 0.010000000000000004 0.010000000000000004 0.010000000000000004 0.010000000000000004 0.010000000000000004 0.010000000000000004 0.010000000000000004 0.010000000000000004 0.010000000000000004 0.010000000000000004 0.010000000000000004 0.010000000000000004 0.010000000000000004 0.010000000000000004 0.010000000000000004 0.010000000000000004 0.010000000000000004 0.010000000000000004 0.010000000000000004 0.010000000000000004 0.010000000000000004 0.010000000000000004 0.010000000000000004 0.010000000000000004 0.010000000000000004 0.010000000000000004 0.010000000000000004 0.010000000000000004 0.010000000000000004 0.010000000000000004 0.010000000000000004 0.010000000000000004 0.010000000000000004 0.010000000000000004 0.010000000000000004 0.010000000000000004 0.010000000000000004 0.010000000000000004 0.010000000000000004 0.010000000000000004 0.010000000000000004 0.010000000000000004 0.010000000000000004 0.010000000000000004 0.010000000000000004 0.010000000000000004 0.010000000000000004 0.010000000000000004 0.010000000000000004 0.010000000000000004 0.010000000000000004 0.010000000000000004 0.010000000000000004 0.010000000000000004 0.010000000000000004 0.010000000000000004 0.010000000000000004 0.010000000000000004 0.010000000000000004 0.010000000000000004 0.010000000000000004 0.010000000000000004 0.010000000000000004 0.010000000000000004 0.010000000000000004 0.010000000000000004 0.010000000000000004 0.010000000000000004 0.010000000000000004 0.010000000000000004 0.010000000000000004 0.010000000000000004 0.010000000000000004 0.010000000000000004 0.010000000000000004 0.010000000000000004 0.010000000000000004 0.010000000000000004 0.010000000000000004 0.010000000000000004 0.010000000000000004 0.010000000000000004 0.010000000000000004 0.010000000000000004 0.010000000000000004 0.010000000000000004 0.010000000000000004 0.010000000000000004 0.010000000000000004 0.010000000000000004 0.010000000000000004 0.010000000000000004 0.010000000000000004
-----
100
100
1.5
1.1895781112224872 2.9584135595998697 -0.2221619816663627 -2.4364531916458776 3.918705580764419
2.5872947541635876 2.9899292800029014 -2.575732133935511 -1.1841377194449083 2.4828028385068084
0.3164049803439217 -2.8877347653905048 2.2479685784150982 -0.9213701423049643 1.688375819071548
1.6446043424043681 -1.613582827606265 0.192265350764613 -2.287060719255135 3.61815636229565
2.6378367452061124 1.6764923230221007 -0.7778889066595271 -1.2125940661471744 2.64254439402976
-1.2100132048695558 2.2637554595839386 1.347909518697763 -1.298704790451096 0.6331953549102675
-1.298569472411502 0.9858683059580091 2.679797250345169 -1.4138857994979346 4.953670557519915
0.5899866987752251 2.726035537943472 2.13584882926016 0.12672278852317487 2.206211697273618
1.7852178303391735 -2.691246878935857 -1.0103511339216817 -1.7978652226828737 1.5247234745839773
-0.06701089982504876 -2.4005502996425774 0.7554939614770522 -1.101742281324666 4.988295700605418
0.9353299383834035 1.5923788727538783 0.06401146461446228 -1.5233866695542613 2.7317874291062676
2.924553045015201 -0.41858814080806406 -0.881838873499632 0.1413899970217003 4.933391318932863
-0.964267451346938 1.7769919657363236 -1.41230173021819 -2.842875122895335 3.635060196849857
0.17534184716169054 -1.3408653811207105 2.029789232465736 -0.886051007729749 1.2806113861190056
2.303034692426163 0.2837761759289026 2.10005082099234 -1.6384544975277393 1.8607404857209864
0.8935702327928994 2.9295061567440617 -1.6612941131448142 0.28970003599360394 3.6278448332667006
-2.4544931616347134 1.603508330302477 0.010806131117552353 -2.84374191840589 3.1529963932173954
-1.6489824255473202 2.331188665499496 1.1977102384351594 0.09498913008612772 0.8496989882354213
-0.35239890133912644 2.7208307885951477 -1.7890116494673562 -1.2006904867885038 0.4080000277972091
-1.1402533839470288 0.9158319938892785 -0.7770245757405221 0.12586572890837644 3.1560409874507043
-1.1010174953009897 0.4185366298743569 -2.121237704733092 0.23207783264691617 1.5130889643869725
1.9769096006299338 2.3804492877170023 1.6919000796890302 -2.2514134494182296 3.2331458711083263
-2.7092592110038773 -1.3029396746759172 -1.186605537940224 -0.436995599011501 0.559368758978686
1.662487630796172 -0.2303208908014911 1.779542060853084 -0.8562058328746501 2.498751986761117
-0.03245185839331452 -1.6556444436737738 -2.355132155844057 0.4623740031741248 2.033240380665712
-2.588710322360737 2.0649957541355968 0.5626032860388359 -0.8436166213143496 2.6127340730918354
-1.5498094162931837 0.4965711643462585 -1.1254174014608784 0.12387979688494391 3.443779419688434
-1.7827359366422217 1.0862015854670741 -2.7573060905419537 0.24771485137839686 3.685183981662145
-0.9030731566184695 -0.41331041363140375 2.01744217901966 -1.7349313291882558 4.465436507843381
1.5234774798114357 1.8844154575128742 0.25599853827063623 -2.3792183345187707 0.6761126352600899
-1.098282954886578 -0.636162012227059 -1.273651209767546 -1.2197078419633476 0.4785699446542213
0.1107203044261289 1.0634134354774565 0.24573108888515716 -2.8094727121547893 2.8004837834334664
0.9291251681770771 -1.2389989759294031 -1.1311685359147288 -0.23579276897039947 2.9846743611088282
-0.2991052001787282 -1.1753821281284462 -0.5416077939012789 -0.05913236533780131 4.511731400318438
-0.23894705360837687 -1.4612190932812217 -1.1821070428486486 -2.650053137770061 1.319567980219734
2.883752553219541 -0.09383926403872228 -0.9759218320017875 0.1620138869383503 2.0446083536898176
1.1522907260952195 1.4999003200065337 -1.3124470133398152 -0.1997501842252256 2.456868405053895
2.151619866692722 2.9510424140466887 2.9670598451341443 -2.3351370039654284 1.5616073729014412
0.517087243993867 -0.624185707587001 2.6234181289365246 -0.7715370445706272 3.552023128177403
-0.6672982146528454 1.8076221640764452 -0.5858071549501893 -1.742256344345766 1.448954303910868
1.4789516163068022 -1.2155296230588157 1.7976231226728898 -2.2798315540719267 0.29937669697143987
-0.7560460499800001 -0.35367742465357876 -1.010697244884044 0.3152606642179778 1.085569014839468
-0.0376925240280927 -0.9966899547425965 0.44554907608995764 -2.0757183548989273 4.550634204527725
2.2163526364246087 -2.9831200329771046 0.46523382685952536 -1.0758153180902092 3.6860768810251545
-1.6428249017378855 -1.4633756322127685 -0.11832143740858703 0.31106214673379995 4.2355307759010055
0.6588931899038826 1.5587238283342848 -0.195977455719433 -1.1671716505419982 4.06919707898848
1.4967593599586069 2.5841523125183183 -0.05779595633421186 -1.3559891159536768 3.8402371700777342
-1.3548500654669116 -2.154971803943835 2.829592102961689 -0.4119307256832349 4.15060729683527
1.80978097695121 1.3159780065872027 2.2807082059260653 -2.450946589059672 1.7156775092658294
1.4080177302397767 -0.06116341618469945 -2.8881429216464243 -1.2369854002684506 4.633378608927748
-0.12513473805456599 -2.9050155725160205 -0.5864456765534256 -2.3023939873171813 3.8258730013588362
-2.3872377452161686 2.0722044413833665 -0.8366776559007554 -1.2421524430972304 0.3697141929660015
2.6216733366368477 2.744826552128619 -2.9056536970216635 -2.4965059728410286 2.3838329945112626
-1.9473999249336926 0.7703768689242185 -1.0260572638067413 0.27925409513826316 2.0766235234734163
-1.8254996614403414 2.926432397668256 -0.9267411660405884 -1.7803789106551309 2.0849001170068115
0.9725916796034917 0.22777722255973565 2.232691398259714 -0.9264678478548586 0.9222584640224585
1.499702459779432 -0.32418772173998534 1.8989088431234007 -1.725789940324489 3.539251141909893
2.1969911146987244 0.8534073375012603 -0.8435211876247731 -0.7309479913345078 2.5880688596882946
-1.7849452924582097 0.06549608690554232 -0.8076327565289801 -0.4086187813755515 3.9575356882872854
2.0626893056139832 0.2501381404415812 -0.4896324362954644 -0.22622372570380556 1.2455582537700531
-1.1221353510701748 0.793040620277031 0.5148429297157304 -2.433827677449472 0.051030824568774225
2.5309988402412493 0.6175526759810332 2.1589996220655916 -0.3067739083262131 2.2259098507292006
2.1819268884564114 1.961764540178168 2.1991824857762556 -0.5168601770642639 2.4183564371004738
2.78640372141734 2.017786028441183 -0.7751010874602364 -1.3305267274194612 4.106697769416745
2.3491293655063754 -2.426534830184154 0.7735032968771034 -2.7365059509050127 2.567563415506097
1.6954558579200016 1.985360319881155 -0.18820412992583524 -0.05159830762986295 4.991411613768717
-1.3813965154686976 0.36388712377946575 1.2591987952279378 -1.9229827251959315 1.1267118356622838
-2.854016615452637 2.5191417619516865 0.7215020458962176 -1.1175273113885986 0.8283733469555379
-0.050688628372466904 -2.260042780471963 1.6577957901967086 -1.827714734918979 2.861391586034486
0.04747652704593175 0.9333470557604594 -1.4385490443212117 -0.9343423553026025 4.288255053056149
1.030723337004909 0.5401338176611272 1.0884490242213438 -2.7576688566543384 2.3004571436991212
-1.4436062301710486 -2.0890570929658545 1.728392714625575 -0.6820929472894071 2.4561273427243693
-2.949250360091719 -2.082075568817896 1.6668090374134006 -1.3207216026186956 2.6642228780992134
-1.367039463845464 1.7233085585486672 2.0194228968256747 -2.14984804755317 3.3867103166370027
-0.2940710296400294 -1.7383809198700886 -0.10656403579362816 0.3704117162378415 2.747704939825268
1.1356596064574211 -2.227282670462529 -0.046229347752652694 -2.8606418375350873 1.594191973871267
1.1386645574082024 -0.980753869913108 -1.9515434774285043 -2.477270282753542 4.275073792296783
-2.2453116111110036 1.583676128907069 -0.11385283026211335 0.11305455857923818 3.965931426328858
2.3985709892032956 -1.2372737478423885 2.5703511107210852 -1.9468147362065173 2.5964096389158584
2.1655337499351903 2.4354741298378584 -2.2905048811748747 0.30377735856882637 3.75023824193096
2.000188595206889 -2.8916534760311245 -2.35439328252599 -2.069711580195528 1.237656123396043
-2.3046791739443386 -2.092702560459112 -1.6804196200143595 -1.6700655737952852 1.9556908692383517
2.404732358266791 2.0258151297712974 -0.44371336057503397 -0.559517416373051 2.824962286930976
-0.41302211816911827 1.0358887164533552 -0.5352021352849421 -2.1368014174105956 2.6304812394494643
-0.8364507471708953 0.3666447622800284 0.8608125854108113 -0.9206554616662577 4.921273424298256
-2.398554053569974 0.7861062682775593 -1.0157574634183812 -2.5475270358182134 1.336075782521384
-0.0968302027323954 0.7344233575442468 -1.3547190513815817 -1.5615649899764374 2.712770181309038
1.540817335226404 0.7219497144232099 2.5035938445549224 -0.014680308519302854 1.9314024190632244
1.519454846868297 0.0750914781495493 0.1432306885241279 -2.880394574094658 2.488849738964612
-0.3474916340660683 0.9075677622695075 -2.9211575966663292 -2.5661599081008912 3.4041648113794025
-0.9590859498467762 1.0044549386316426 1.1685533695468244 -0.18736533508683983 0.47354912154019757
2.3273263794492416 1.8960169846695738 -0.8629194028304112 -1.7436572338961613 4.01674561402953
2.684515176872748 -1.134669824932338 -0.5426703592619182 -0.22823363581175038 3.225713164505283
-0.22574466198954513 2.2010115102892547 -2.2728729273877226 -1.1593270306538472 2.0096255571502466
-2.0544597761240273 0.6492845874970867 2.860936328495602 0.14947725132766443 4.347681005635526
-0.6268123442128001 2.9400188689487408 0.11310537476238208 -0.0369837344573718 1.7698057214896687
-2.6933415673865686 -1.0188486704064381 -0.1810610409438541 -0.7116215510510717 0.13855336695439857
-0.22552887032364888 -1.8497376832349435 -0.6563605053075525 -2.059859819666579 2.0580884040949203
1.8281601060330934 2.325450276466356 1.2025744556151672 -0.00837064806893767 4.880197842181994
-0.7845583232030873 -0.22664965438656104 0.2925780823847055 -2.871545165607367 0.48052092001944047
0.9796610169491525 0.9423728813559322 0.9796610169491525 0.9423728813559322 0.9525423728813559 0.9898305084745763 0.9898305084745763 0.9898305084745763 0.8576271186440678 0.9559322033898305 0.9796610169491525 0.6949152542372881 0.976271186440678 0.9796610169491525 0.9796610169491525 0.9627118644067797 0.9898305084745763 0.9898305084745763 0.9830508474576272 0.976271186440678 0.9627118644067797 0.9796610169491526 0.9728813559322035 0.9796610169491525 0.4847457627118644 0.9898305084745763 0.9694915254237289 0.9559322033898305 0.9830508474576272 0.9830508474576272 0.9728813559322035 0.9796610169491525 0.7423728813559323 0.8610169491525425 0.9186440677966102 0.8203389830508475 0.9491525423728814 0.9864406779661018 0.9864406779661018 0.9796610169491525 0.9830508474576272 0.952542372881356 0.952542372881356 0.9593220338983052 0.9423728813559322 0.9728813559322034 0.976271186440678 0.9830508474576272 0.9830508474576272 0.4101694915254237 0.8440677966101695 0.9898305084745763 0.9593220338983051 0.976271186440678 0.9898305084745763 0.9830508474576272 0.976271186440678 0.9220338983050848 0.9559322033898305 0.9525423728813559 0.9864406779661018 0.9796610169491525 0.9898305084745763 0.9457627118644067 0.9728813559322034 0.952542372881356 0.9898305084745763 0.9898305084745763 0.9796610169491525 0.9491525423728814 0.976271186440678 0.976271186440678 0.9864406779661018 0.9898305084745763 0.9389830508474576 0.9661016949152542 0.7016949152542372 0.9898305084745763 0.9796610169491526 0.7593220338983051 0.42711864406779654 0.7016949152542373 0.9559322033898305 0.976271186440678 0.9728813559322035 0.9796610169491525 0.9661016949152542 0.9830508474576272 0.9627118644067797 0.9627118644067797 0.9898305084745763 0.9525423728813559 0.888135593220339 0.9796610169491525 0.9898305084745763 0.9898305084745763 0.9830508474576272 0.9220338983050848 0.976271186440678 0.9796610169491525
0.009951183504297599 0.012605773179215504 0.010556040273743381 0.008564331917125327 0.0071668363340379355 0.00984965100299709 0.013445768236596604 0.010733876422965591 0.010556248642726829 0.013474462527434646 0.005514814537514835 0.01743805318596883 0.011652745829686556 0.0076062055874548335 0.007664614047032945 0.012940111773179705 0.01315272185304269 0.012786142479530103 0.013455999109107478 0.00750320080092789 0.010413724045218842 0.008871290089682434 0.011017337579431064 0.006369455892044517 0.011493333312332456 0.008468594868158482 0.008300190740994839 0.013903702129065245 0.009471862299171956 0.009973376363584438 0.008466278199779334 0.007387215102357174 0.0072296364305915704 0.009748166714720693 0.009557921629416478 0.0104601513861495 0.007460147735624921 0.014179976114252285 0.007787511178863755 0.007068787391229922 0.012906461836783673 0.009214460933640615 0.00894569296506149 0.012494933539141516 0.01172801954912628 0.00624881617509331 0.007406773182706863 0.014588884236041922 0.008999161032219061 0.01083918896540205 0.012821382349000352 0.012324474249496314 0.01427318997652103 0.009184203821453778 0.010574698542495967 0.008237888079622372 0.0070199448739691 0.00655312999089333 0.007892666352360184 0.00828952026434829 0.011039762599494587 0.008911319380895183 0.008880967472647973 0.008551267923768782 0.013069004374927758 0.011984516193204512 0.007137475220076224 0.012430018778811508 0.00800233035316003 0.007125532521955146 0.0072704138285690405 0.008017428474875542 0.010278927797780148 0.008942535595823314 0.008526487053224924 0.011423201484925144 0.010966200458241851 0.010330788655525077 0.010074649834773108 0.015630179543248586 0.016878082121057347 0.009968913640222704 0.00771258608762406 0.0060749282742546575 0.008744938479503677 0.010526991526115862 0.005761029344014083 0.009216894680617316 0.007708521496786381 0.011233389956975617 0.00983141215710421 0.007735771675344023 0.009262729377028427 0.008825416817483785 0.014680371691649948 0.009964274091101783 0.010945301216523132 0.007196129518308531 0.013728934201057764 0.010619444738664536
-----
100
974
0.8
-1.8795891729678194 -1.6712219339386607 -1.8019027305426054 -0.8698516262279248 4.843957903497852
0.07605353605267773 -2.5465050009231387 -2.049770892873577 -2.848572562417774 2.7204435951424064
-1.1099971344120965 -2.025905603416685 -1.2675647342330314 -0.02617673753618699 2.941340511631592
1.007344000547133 -0.7504040659977964 -0.7640692259904887 0.31571279857529855 4.491270631823659
2.663682701897655 2.512278829897971 -2.670358846721118 0.20348078055900598 2.0658225485102912
2.449820565694013 -1.8188979872948483 -0.888693451869276 -2.180960076951119 3.4521106943004836
2.5396106255881583 -1.1950883001892147 -1.7865340600276225 -2.6650706995446574 1.9350559421189422
-1.8019818570169255 -2.8642655959556445 -1.2566910023383475 -1.4007176411286504 2.615403677810971
1.1983429850959326 -1.1277536269993758 -0.9476165830960552 -1.261986045111528 4.303453953482553
-1.9446716253093492 -1.945171692359924 -1.6926137833834556 -1.6482349194740527 3.796101276946107
-0.4258507346037572 -0.750998136741182 -2.7655182947413754 -1.1048289882263187 3.3638416726270237
2.8313884856344265 -0.6400823266791144 -1.764366180984429 -2.0848797535227956 2.5052167436211827
-1.0003432729258543 -2.1670654086995986 -2.3411651332410632 -1.5735527511317629 0.8005053030910269
1.9117728300389931 -0.6142999199088324 -1.3954020359765764 -0.9326627862381018 1.7631690780880327
1.984681306594372 -1.7091252859340351 -2.892519375229411 -2.211365008478584 4.0384329787808815
-1.218269582110095 -2.648743878998806 -1.665145274269565 -1.5020532241389084 1.1343999091552939
1.8497426877016852 -2.2262096341320046 -1.5229818480297792 -1.8318653859016742 2.6053031605217853
-1.8700273313232827 -1.3337364270291667 -2.705647398513457 0.3954675875659146 2.970792368934176
1.0679064828471676 -0.9094963549405268 -0.8247034780746993 0.3427295932106033 3.793236716939663
1.464527434046198 -0.4586651494297238 -2.2630551545489976 -0.5583859972926981 3.973320250830234
0.8448611458364472 -0.12029674422085201 -2.1224383227398245 -0.5877443880880466 3.509462128598636
2.606522782177224 -0.09866325556118527 -1.6459660583104987 -0.7837330856832159 1.6206774017947878
2.8146375279785145 -0.678792132877138 -0.9533342881133879 -2.061080414810755 4.979794771807486
-1.6466845525268645 -1.2450673032657285 -1.0915608813824318 -1.7177974546123544 4.816901459891602
-2.6369089919914166 -2.5515724859099906 -2.3353527388146915 -1.9369907386944174 2.1316962358029325
1.1810511550956717 -0.5410483455521871 -2.5445899012650393 -1.0797592107968297 3.90988740039185
0.3072512902942375 -2.4582137258417367 -2.133430929475294 -0.17112356787383978 3.8235520585924823
2.089327508075323 1.7981997452295801 -2.0761609965706085 -0.4655339278413205 4.49568041717876
-1.2766947222314704 -1.1250009726085612 -2.3962357209754694 -1.6569347101468983 4.958256311099321
1.8912103225497623 -2.3428200021149035 -2.8510122006474665 -1.292228363921166 0.29922199793986204
1.9045136933617572 0.9177447923409328 -1.856993461920046 0.16680294594963235 2.776490836401897
-0.7752218762840228 -2.8014063866840906 -2.7695481034751155 -1.0652070599189263 0.9819384772269475
1.3711325028112151 -2.835897279835012 -1.3823855174489743 -0.5631010353456256 2.533266696321214
0.640368203923342 -1.5015034863299581 -2.7285733954843927 -2.755972715610271 1.7284168506765811
0.4947618921999406 -1.8109548867933298 -2.51646562579245 -0.7815973288447879 3.193334168780958
-2.0669282239041578 -1.6660723780446816 -1.64265560141567 -2.506081565828392 4.9735964529188035
0.919212163515327 -2.7088039738467837 -2.656256429273575 -2.2886736260145373 0.7010728603683614
1.922745183311437 -0.5901538086642715 -1.9925850049598155 -1.0568979508324774 4.025396997381857
-1.2760612274905159 -2.23555916425284 -1.9620716133604765 -0.9442307692326612 3.0118419595585495
-0.12448395996171069 -2.4864942086893294 -1.864508771941264 -2.9908686012129593 2.7522956901290567
2.8179769502826435 2.51338061584807 -2.086730773282974 -0.3726628098865373 4.155556970661111
2.787308806349781 0.8757168263772757 -1.196926769488937 0.03354215535882849 4.538507762694227
1.2518095419478217 -0.10715412846788164 -2.0101406220556166 -0.02082681084725202 3.136571410541443
-2.1289561444606764 -2.30686468448511 -1.2829185743705593 -0.9189286956429661 4.61601868387854
2.390632489473177 0.6129154448223835 -1.47736677286321 0.14077459311981944 4.251185225001535
1.9648425451692495 -1.637132823143336 -1.2720928055808383 -0.9227438488961184 1.5952586597501281
0.9698779940160424 -2.1927683444354162 -1.5973837594764477 -0.9785870365378109 2.317521922952894
-2.357072306372223 -2.394253646645465 -2.4737867866217025 -0.7091293552006008 1.8674851170270506
2.8044980400830104 -0.9333354892144459 -1.8452781856315013 -2.014456055549792 1.087346398311084
-0.31880277149186553 -2.642529809565489 -2.05672681702476 0.3653537115702481 2.376110362983866
0.20413663414600114 -1.4948533652625344 -2.1583667967051423 -1.4696280107523572 1.508168442652667
0.33312660678727757 -1.687565317801359 -2.378346648665084 -0.9300054412436198 2.170544507761652
1.8255724048519009 -0.15772125721023533 -1.7969715404380158 -2.245947197747755 4.2513592658701835
-1.0774836277706885 -2.685930900401081 -1.674937142166066 -2.246180465875643 2.5921487201480793
2.5505615750391866 -0.8276303186135424 -0.8750529104762919 -1.7833796605310466 4.013100932076957
-0.008845072705578882 -2.8517434444426573 -1.4958548453882528 -0.7661064275305873 3.563812396191507
2.698362314763123 0.5453425623879515 -1.8924840950425748 0.15578296213055667 1.1748055168076283
1.057436817773357 -1.089706995656945 -2.741477284976832 -2.588958514862166 2.276613574806239
1.45068620200298 -2.677492473717345 -2.009096749948639 -1.2766373031806397 0.8862310100333163
1.5294159114998653 -2.2153807249150628 -1.5116959802499377 -0.2790131610598198 4.413545280273302
-0.4674152438967667 -1.695068500838925 -0.9907034940266464 0.04113989215630409 2.9894131996606292
1.1395891907836952 -1.2017587706149118 -1.41284167440518 -0.1942095910143633 1.9827645023645841
-2.1977354130682647 -2.2497613806997068 -1.568593350827713 -1.9700663585923575 1.961168797160426
1.6237010682550443 -0.8987296968615497 -1.9043345222570032 0.33777387402160075 2.7543270187434037
0.5909090833913999 -2.4838441417472343 -1.4322281412273747 0.49158441478507164 1.8171603821936353
2.4887667826172386 1.247228549803029 -1.8825769773095158 -0.24207435167630065 4.26548779207407
-0.7529151853543861 -1.342927875125161 -2.673600231252684 0.16695541694933902 2.123687516332507
2.8977198461771314 -0.8791481966219101 -1.9881315963955972 -1.5141081564417305 4.958648128872275
-1.4220909329647522 -2.124040227591572 -1.7689785123862722 -2.551490784808655 3.165115402372787
-0.9450324364901858 -2.2748659282023933 -2.624935143528487 -0.55714955383966 4.050634567889245
-0.11044358883282279 -1.2929940249065066 -1.7182847123450373 -1.588222351712847 2.2625917039084977
1.5787259454395182 -0.03681434653654492 -1.9241959130778445 -0.08494560173009802 2.017961869499083
2.21398491660306 -1.821138734812063 -1.4354407529088267 -0.6199411410067683 4.2771755221018894
0.3464471335329067 -2.7496047411649256 -2.4699555240478395 -2.28309414600957 1.1531674645279528
0.15250208282417388 -1.7717778278576337 -2.328747192996554 -0.6917949700726915 0.9981501839920348
2.0231892146072923 -2.8383803975545767 -0.9354772947148684 -2.392466907554982 4.873767630625796
2.420973432670072 -2.8326852933768394 -1.944473322556411 -1.2051390140950318 0.764799591104107
-2.130221377218079 -1.0891403283402472 -2.1231747218475117 -1.2048819809169187 4.2180009116428145
-0.8323041940678659 -1.8491514883779319 -2.0594662994636193 -2.1158430546859797 3.5859841713896294
2.822633064998737 1.3773870628435754 -1.554779718877108 0.4246505612413545 2.9347638472681874
-0.3323465130282621 -2.4525560601398113 -2.4138537942598344 0.028477262677012227 3.195791056130025
1.395381764570346 -1.1548634323879376 -1.5692327683233356 -0.25240224506719533 3.6153030039114173
-1.769947843714027 -2.119156502250396 -2.4264129379282138 -1.8736181566940253 3.556106872098973
-0.7026311592295063 -2.9658791722892097 -2.6099725307028865 -1.148752927451815 1.3289050654247108
-0.7351936340200025 -1.9727852285858782 -1.0887938452280748 -1.0132381134313564 3.1261490338684594
2.8765196292644792 -0.7236049005932621 -2.5218831702690494 -1.800698990281911 1.7666306479844303
2.848288313332567 0.032660539852534365 -1.852990532265884 -2.5192620341619993 4.367352080768781
-0.6724381206167522 -1.2163377852252824 -2.6367865389273675 -0.1105910827850953 0.8524191696745138
0.43301499745278516 -1.2250430908302559 -2.863414685404891 -1.1528231810983918 3.7080661334082134
-0.32188507175009273 -2.78990272727831 -1.8981970368882057 -2.120240921142686 3.037486620947602
-0.5755798279118127 -2.323814618859482 -1.9531047319488128 0.34540136978708597 2.5438409076901127
-0.7000732326920689 -1.9933193652004706 -1.553757135379243 -2.0196178105987106 3.2703971193396257
-0.3356332345971884 -0.7771817759719171 -2.701935741157661 -2.2275666553097904 4.359750297539989
2.3127708611297595 -0.9020889334346358 -1.9305596963855383 -0.8245076573222307 4.000242660589052
2.212508584940797 -0.8874239533396189 -1.6278208626799475 -1.2321761000821985 2.0798530301616287
0.2623356262744103 -2.0890938217165744 -1.9087832951262003 -0.9516572869459161 2.189969561854752
-2.8316828236886775 -1.9814477890049493 -2.8411046430900844 -0.3793852908715537 3.059431545681372
1.8350357893389617 -0.5132584130678517 -2.1081928078684697 -2.232065624874417 3.3123525491046495
2.1963813940621053 -0.7187966491409734 -1.0086255588795159 -0.659035997171215 4.52610757313679
-2.352603487882248 -1.7406871301519158 -1.5429513246545 -1.482772839384783 4.082973545297381
0.5694915254237288 0.3016949152542373 0.6949152542372881 0.7932203389830509 0.6949152542372881 0.7898305084745763 0.664406779661017 0.7661016949152543 0.7728813559322034 0.5898305084745763 0.7491525423728814 0.6101694915254237 0.7050847457627119 0.7898305084745763 0.7694915254237289 0.7864406779661017 0.5152542372881356 0.5423728813559322 0.7932203389830509 0.4949152542372881 0.6677966101694915 0.7118644067796611 0.7322033898305085 0.7864406779661017 0.47457627118644075 0.38983050847457634 0.7254237288135593 0.7864406779661017 0.6949152542372882 0.36610169491525424 0.6610169491525424 0.2542372881355932 0.5966101694915255 0.6983050847457627 0.4372881355932204 0.6033898305084745 0.32203389830508466 0.4135593220338983 0.3830508474576271 0.376271186440678 0.7830508474576271 0.5864406779661018 0.4915254237288135 0.6813559322033899 0.49491525423728816 0.7932203389830509 0.5050847457627119 0.511864406779661 0.7491525423728813 0.49830508474576274 0.6847457627118644 0.34237288135593213 0.7898305084745763 0.5694915254237287 0.7830508474576272 0.4203389830508475 0.6338983050847458 0.7220338983050848 0.5254237288135594 0.46779661016949153 0.7966101694915254 0.688135593220339 0.7593220338983051 0.5966101694915255 0.6711864406779662 0.5491525423728814 0.3966101694915255 0.7661016949152543 0.5152542372881357 0.09830508474576272 0.7559322033898305 0.6135593220338983 0.4033898305084746 0.30847457627118635 0.5694915254237288 0.6711864406779662 0.6000000000000001 0.7966101694915255 0.5254237288135594 0.5864406779661018 0.6440677966101696 0.4101694915254238 0.4949152542372882 0.12542372881355932 0.7864406779661017 0.5186440677966102 0.7152542372881356 0.7593220338983051 0.3152542372881356 0.36610169491525424 0.29491525423728815 0.6135593220338984 0.7796610169491526 0.6745762711864407 0.6271186440677966 0.38983050847457634 0.5322033898305084 0.7288135593220338 0.6677966101694917 0.7050847457627119
0.01262432584177287 0.011756943068001187 0.008229857854409096 0.007364202534061313 0.01141311913949556 0.00828975543107416 0.010141429132426577 0.010380571790819465 0.006276023742283323 0.010740016139606092 0.007847617669599589 0.00830902477367254 0.011746186641705516 0.006458429656581145 0.013302519975361487 0.010688359240137791 0.007881707473765393 0.012517469835005079 0.006860722458118738 0.006962086411645221 0.00591187201045581 0.007739674688665784 0.01099231165287308 0.010328629797598255 0.016555545290437856 0.007315069145833011 0.010562994723143296 0.00729043939820837 0.013279129147229212 0.018067070327532322 0.0066404576128952 0.014913381297305482 0.009132575009053548 0.011593580137954482 0.008421781264659547 0.01907566759614722 0.015100725837773004 0.006941847327701386 0.009108626911608627 0.012016395207298641 0.008388797934409995 0.007609164504420908 0.00634826282170045 0.012994740400264168 0.007137244476731396 0.007700195917790391 0.007325958495733911 0.013951713546028862 0.01073490203482565 0.012419136063685075 0.007724356979541066 0.00787391585797986 0.008184624696258353 0.010530132727869169 0.007310955293884032 0.009091218648113443 0.011348345911353376 0.010005516512775906 0.011755088304092274 0.00970972505436108 0.007020038210069092 0.0069311718231265945 0.011082900587177855 0.008180284123747343 0.0119881363663407 0.00708967383140909 0.010086665143550722 0.011671940618876138 0.01148476559831499 0.012640824294714924 0.006282057466016879 0.006987375416340469 0.008717171386090954 0.012865462052832968 0.009941940955502672 0.015010549566449965 0.01478381274701894 0.011045522071224006 0.009642590662836665 0.00815797867575751 0.011514449799438506 0.006682618759388028 0.013132415945184602 0.013692454923549856 0.00666082732360285 0.010565523843485409 0.011420682503514565 0.011447624302407929 0.008735297338203715 0.010181572007661972 0.010905625513856057 0.00808469815537003 0.011139130865667281 0.007591621801842776 0.00686796178387907 0.007592130461794221 0.017035778002498454 0.007671308815923123 0.006967330241717077 0.011577946637880412
