5
100 100 100
100 100 2633
5.0 1.5 0.8
-----
100
100
5.0
-0.9326936220489439 2.6658934390035594 -1.2006301754277309 -2.58194697075412 1.415378296877945
-2.7097024317966847 -2.935904913008084 0.23988157405409316 -2.910444152884029 3.7383687203364158
1.7262837077494364 -0.8219506338542928 1.9744283059807692 -1.9788235583127989 1.4652615151555815
2.194023678710092 1.7751414708202358 1.9043809320166858 -0.3071102063247926 1.1827977259405975
-1.621191103368723 0.2563986638781066 1.5445357446259944 -0.21390189049247343 2.3374821754275454
-0.8274560523068901 1.2830965940511163 0.7278314007053437 -1.304204099509244 4.571105905489752
-2.8104974639592735 -2.948723287911319 -0.06648779599667076 -1.043400147827553 3.808116020188054
-0.9889928920430879 0.9441140894852098 1.3178418400234797 -2.312014340405576 1.5934472206913164
-1.1514005128766343 1.932796436045761 0.803204550279478 -1.38352687585947 1.7517297456327108
-1.752594080295439 -1.7697026218670877 1.5059450062960993 -2.955776504311586 0.6355774787790347
-0.9532566360648089 -0.6675502759746665 -0.44336124092899976 -2.671267720326173 3.5612744863371395
-0.9613492606758118 0.5692003159455017 1.1308899761777065 -0.9356860360665236 0.01778162525666427
-0.42662598713182875 -0.6428553376268087 -1.6167899448806207 -2.3004137143602517 4.225177579191273
0.9996728700202091 2.3330535111555735 1.5527401825594023 -2.8221609610789287 4.626858189520243
1.5471147730814216 -1.3417946123394078 -1.6585435379765072 -0.5913247408050433 2.074739229759227
-2.1633285608199952 1.9895585288617177 1.305511204081311 -0.19926453556618284 3.7986444676679163
-1.9898050796068132 -2.551451701911383 0.8972715397199438 -1.1704751676483127 3.038949586539399
2.202155768846495 1.704120681023742 0.049999002761377476 -0.24101679117766217 1.4931390480888473
2.2182316137045204 0.9905401911276468 -1.5739670343653085 -2.6261267448396057 0.029141243381706206
-2.362634534067107 0.818816537193912 -0.21831112349210535 -0.3218736698483795 0.14228376932223563
1.269411569531858 -1.1792268919700262 -2.336143634600167 -1.4001022554439464 0.21548816586425268
-0.9307129361448307 2.8089801044390796 1.4541548375669855 -1.9864903186833347 2.893270080900543
2.7122036406573677 0.020862408032155777 -0.3336781909030342 -2.490890156423913 4.9758301993038945
-2.631612436421765 1.3669800791180906 -2.5888973998870783 -1.1311935077629518 2.262148211148163
2.674685518050884 -2.625822270307794 1.0757636219747369 -0.08865478081937983 3.3786369666193385
-0.9516513885922153 1.190281511586722 -1.0601775322799813 -2.9587351803023076 4.737181196847748
2.294854344210548 1.587210201258615 2.4903148045335026 -0.8103206282355249 1.7938498695862959
-2.24111728284954 -0.1679580631420885 -0.6767395976295574 -0.19134467469408944 0.14930396234948073
-1.7408445854168053 1.3238837392737466 0.25126545548499246 -1.4050378833952872 3.6395172646844722
-2.546243403863524 1.583065929526219 -1.1517515459744105 -2.2228244178472156 0.28563309620586286
1.1239478502449032 -2.384906135109505 2.9344790851521916 -1.2007220760642476 4.862636823151362
1.8889323235832673 2.8504434482676633 -1.5623197355831455 -0.5535034053547894 3.4052174595779396
-0.9159953573596336 2.672431913453483 0.9071641748840342 -2.848784269073561 0.8819936890727909
0.9368475568258474 -0.29187321504318264 2.5803697146192963 -2.263367947269793 2.332380023988571
-1.7635860578268483 -0.8523239413280748 -1.2308418283306355 -1.0664040159404642 0.19810655454011283
2.5620622125757286 -1.670771668662304 2.6884545101882296 -1.4560098634219036 4.093276688548389
0.8432349382133202 -2.701495827332326 -0.5633254974696542 -1.395200796643092 0.4180364415910065
0.8296820160001519 -2.3309317784423986 0.9896367255666654 -1.7654797881139355 3.1060609613276724
2.3263803026280927 0.16365037798194804 2.4510270768120357 0.29244815851209616 3.2353208553519144
1.0929663400558862 -0.9850913002274697 -0.45949247652768754 0.20829676665800978 2.416063784318705
0.21117656277839592 2.4037464703824902 1.9519216940915243 -1.297097950016906 4.483618920156713
-0.3837811130729367 0.5549384949041425 2.122185321713614 -0.49083308334129505 3.831815625650524
-1.6839214084042164 -2.02889460777458 -2.2973327214630306 -1.3873559843089196 0.8130355608322781
2.653875729837557 -1.9078203420907789 0.10412773562575861 -2.4775277502472814 2.571376384922396
-1.0858457842223936 1.080951180362197 0.48615246040038285 -1.4129083857524565 1.974213796540163
-0.060885940309947095 -1.2171271478337462 -0.07609294735182548 -2.84428725033624 1.225466957180742
-0.7116461281213442 -2.206655741117472 2.727238852874219 -2.3897173173037496 2.811842257199111
0.14590778403137739 2.672325020341564 -2.7381450944582504 0.1662273671550354 4.068172625389421
-0.6975784526266842 -1.8737017176722093 1.4573239853726427 -2.818219749382356 4.559495608063383
2.4479893686321486 2.4633860754052606 -1.6493980472442331 -2.159721626667393 4.216912807311105
2.545558370998009 -2.8964936095146685 2.7990320535600937 -1.4772295594535487 1.1363163446242075
0.0261807143236652 2.9712057071838824 1.8399799370949736 -2.5466810611565203 4.427437438400444
1.2097574831030915 -0.06768120898807606 -0.1968085182688979 -0.15678113077487588 1.1297911241871494
1.6652020630711455 -0.7698882641958287 1.1978584609568106 -2.5038688786747434 0.0818742515392934
1.1661418072374428 -0.4711916298494607 1.4147231483911256 -1.327139083865098 2.589236805466207
0.46880027388321643 2.7359002491096227 -2.1852025664491177 -1.3657435711256727 4.205175298291165
-0.3033943445143641 1.0845570707332488 1.3647456030738638 -0.4638833973497869 2.0048232696492088
-2.29008990523712 -1.44442214210033 -0.6965001542059479 -2.2458639115330485 0.9640627630694587
-0.8144529111896253 0.5055509102050353 -2.4577278856806544 -2.409123750751501 4.593841521434844
1.0644835478251835 -2.9939327204890303 -0.9211774228177827 -0.9058676749171055 2.080140318439505
-0.4435905081723832 -1.8650413197368132 -0.7915726095831714 -1.2159747108959478 2.825352452997673
-0.6038211677266929 0.5305435904006286 -1.5226689128167878 -2.2488330940872423 1.3715054547881256
-0.3756232866988092 1.0108731465051033 1.4795581304274226 0.3369388304132155 0.7196849602468458
-0.9476292536925666 2.0539144588749494 0.4984905718912227 -1.7728157514530918 2.8842712137537085
1.34741624552308 -2.9108536889907017 2.318683605554261 0.4228289214430161 1.735550736998961
0.7867120674747441 -1.2311110633438473 -2.044079262088345 -1.5044602534790035 2.399508358534174
-1.4654484683278404 -2.964414996432725 2.495429622379657 -2.9506669902072504 0.2408064161396184
1.945875633913615 1.207778800174176 -0.10941721940247717 0.18025706738389236 2.1121084399208834
-1.6456253463858168 -2.9461457697507014 -0.9364926102783975 -0.7714433387787647 0.36804812554299793
-0.6441712436578935 0.4250876675309452 2.087792103221921 -2.267745973612889 3.293711389919196
-1.6890902490265898 0.033429422261193054 -1.8387108429209977 -1.5200100062063877 4.230947048896771
1.1237512426496021 0.3253998176616837 0.8423706804964648 -0.46690538933348424 4.592933431402544
2.515149768063724 -1.616737319519212 -0.6424321587187212 0.23139483148512552 0.0010066848051726307
-0.3069065769201407 -1.801319008886519 -0.26073875020969295 0.17444808165498316 0.04260052695672423
2.029915229386729 1.1324894162810812 -0.22796694899658476 -1.2239575117035577 2.307060554668939
2.6948015561659817 -2.781982254897089 1.353882673482616 -0.7803571831476375 4.83429192102883
2.554715848728349 -1.661789805553458 0.4384118163160293 -2.1314599957361686 3.840662941658457
-2.758985096498848 -2.9293651333596396 1.4204621717021162 -0.9186135308088224 0.8900441213541754
-0.759975046027316 -1.6233713624972919 -0.8654300649479105 -1.7877266449436284 4.203876746747403
-0.2816466031560938 1.8020355305785785 0.8408705160856407 -2.210930389519037 2.8434580379838135
2.386761636218731 -1.4023315409138255 -0.07042151273951802 -0.08326223162283553 3.4521240567596245
-2.9876567189642427 -1.395848744581997 2.4762155783641697 -0.9854977354719656 4.462361552837617
-1.7200738448517265 2.131614908494985 0.47891240367385857 -1.0510663188336533 2.9964243301379136
1.3830089413214948 -1.9682564897213024 -2.9768176856791464 0.036502623184775373 3.8486084474796
-2.5136073406479524 2.80948907353406 -0.8210067846635019 -1.022516228912843 0.351821409838472
-1.1907324925702385 0.5309633295831437 1.372779394004164 -1.1806478376798433 1.3600738060977147
-0.8006932969584373 0.2877255846744906 -2.139214708741722 -1.0078599010394664 4.341515778354653
0.3741196812225285 0.7116829145905816 -1.0898572192842013 -2.213049190199098 2.563330747745657
-2.818379927556382 -2.4706623778043 2.92394768461208 -1.4300214733011982 4.492457101598219
2.984038795034026 0.7362833080396363 -0.07661746400623803 -1.030730894244732 1.501862379540847
0.23718130044170938 1.5501298378975967 -2.6669047348832136 -2.43640061363874 0.3839248520694727
-0.3656841536286546 2.488097173611388 1.5655582068755525 0.3721628656406759 1.6491667683998668
-0.5093190002547487 2.408106069408243 -0.2653201615329639 -0.6565158893039946 0.7112533403095234
0.43198683014631145 2.059103995203081 0.6294601480001885 -0.31287917809542387 4.015086895877792
0.49545544691234955 0.31974798532163096 -0.08777006519661024 0.1477425684717355 2.899951805310236
-2.791036355041202 0.6490485462821693 0.9678931010073901 -1.6504698664686805 4.529212686327346
2.389719936855488 -2.3294391307749955 2.524566384354836 -1.0408759195317554 1.730911200030253
2.4274516881672046 0.8725447005080222 -0.3861226431370035 -2.8437518969713302 4.8933956305949735
-1.8974283135807335 -2.56591689534169 -0.46342850458298823 -0.6029130571587809 2.4856493650476152
0.3131247328492681 -0.028851184329911295 -0.5127059709184931 -1.6990080385029547 2.979457789580416
1.0 0.9932203389830508 1.0 1.0 1.0 1.0 0.9898305084745763 1.0 1.0 1.0 0.9898305084745763 1.0 0.9423728813559322 0.9966101694915255 0.7932203389830509 1.0 0.9966101694915255 0.9966101694915255 1.0 1.0 0.9864406779661017 1.0 0.9796610169491526 0.9966101694915255 0.9966101694915255 0.9966101694915255 1.0 1.0 0.9966101694915255 1.0 1.0 0.9932203389830508 1.0 1.0 0.9966101694915255 0.9966101694915255 0.9966101694915255 0.9966101694915255 0.9966101694915255 0.9830508474576272 1.0 0.9966101694915255 0.8949152542372881 0.9932203389830508 1.0 0.9966101694915255 1.0 0.9932203389830508 0.9966101694915255 0.9932203389830508 1.0 1.0 0.9966101694915255 1.0 0.9966101694915255 0.9966101694915255 1.0 0.993220338983051 0.9932203389830508 0.9491525423728814 0.9491525423728814 0.9966101694915255 1.0 1.0 1.0 0.8576271186440678 1.0 0.9932203389830508 0.9966101694915255 1.0 0.9932203389830508 0.9966101694915255 1.0 1.0 0.9966101694915255 0.9966101694915255 0.9932203389830508 1.0 0.9423728813559322 1.0 0.9864406779661017 1.0 1.0 1.0 1.0 1.0 0.9830508474576272 0.993220338983051 0.9966101694915255 0.993220338983051 1.0 1.0 1.0 0.9966101694915255 0.9932203389830508 1.0 1.0 0.9932203389830508 0.9898305084745763 0.9932203389830508
0.010000000000000004 0.010000000000000004 0.010000000000000004 0.010000000000000004 0.010000000000000004 0.010000000000000004 0.010000000000000004 0.010000000000000004 0.010000000000000004 0.010000000000000004 0.010000000000000004 0.010000000000000004 0.010000000000000004 0.010000000000000004 0.010000000000000004 0.010000000000000004 0.010000000000000004 0.010000000000000004 0.010000000000000004 0.010000000000000004 0.010000000000000004 0.010000000000000004 0.010000000000000004 0.010000000000000004 0.010000000000000004 0.010000000000000004 0.010000000000000004 0.010000000000000004 0.010000000000000004 0.010000000000000004 0.010000000000000004 0.010000000000000004 0.010000000000000004 0.010000000000000004 0.010000000000000004 0.010000000000000004 0.010000000000000004 0.010000000000000004 0.010000000000000004 0.010000000000000004 0.010000000000000004 0.010000000000000004 0.010000000000000004 0.010000000000000004 0.010000000000000004 0.010000000000000004 0.010000000000000004 0.010000000000000004 0.010000000000000004 0.010000000000000004 0.010000000000000004 0.010000000000000004 0.010000000000000004 0.010000000000000004 0.010000000000000004 0.010000000000000004 0.010000000000000004 0.010000000000000004 0.010000000000000004 0.010000000000000004 0.010000000000000004 0.010000000000000004 0.010000000000000004 0.010000000000000004 0.010000000000000004 0.010000000000000004 0.010000000000000004 0.010000000000000004 0.010000000000000004 0.010000000000000004 0.010000000000000004 0.010000000000000004 0.010000000000000004 0.010000000000000004 0.010000000000000004 0.010000000000000004 0.010000000000000004 0.010000000000000004 0.010000000000000004 0.010000000000000004 0.010000000000000004 0.010000000000000004 0.010000000000000004 0.010000000000000004 0.010000000000000004 0.010000000000000004 0.010000000000000004 0.010000000000000004 0.010000000000000004 0.010000000000000004 0.010000000000000004 0.010000000000000004 0.010000000000000004 0.010000000000000004 0.010000000000000004 0.010000000000000004 0.010000000000000004 0.010000000000000004 0.010000000000000004 0.010000000000000004
-----
100
100
1.5
2.7593859376528305 0.534907946965882 0.6579570305530107 -1.2261012544945156 1.3860069026840525
0.8541359564709481 -2.444968949456748 -1.5599319392226705 0.24213221552337855 0.3625161138241304
-2.9461321194632566 -2.091023041953952 1.234717942862011 -2.6890493603867753 0.5378436635678796
-0.32617649069221377 -1.6217363555871502 2.482144246549742 0.15934402567888517 3.7202348717852813
-1.907173623427103 1.7976463161667808 0.901121196103562 -0.5776699139516547 3.6774587380686983
-1.6771320712075843 0.8872206008731944 -2.458395192329191 -0.2999740787835439 2.6452625647220556
-1.9060558815885633 0.447830299993873 1.8959477082387983 0.46628810835251755 1.6129169752652295
-0.19000898155281487 2.095252039970822 2.001156700657416 -0.38091524544577315 0.2711790937435922
-0.8780666177330179 2.511267912764072 -0.4470125087549965 -1.6099069852843755 3.1541920305543663
1.158814100142618 -1.263456483906063 -2.1127679991617976 -1.0091124388200388 3.2214765107426766
1.3734062228014088 2.7318877489442364 0.5744731768515949 -1.848298039373769 4.573045546926039
-1.0424226968636368 -2.5537082025910514 0.425163732104477 0.026132742775583306 2.565261547718767
-0.46417062557311745 -0.19293558859294446 -0.1305555645130989 -0.9899304836044189 2.523159713139715
0.23481432790612558 1.5600437228510984 -2.2983976589959494 -1.6890625707213927 3.793053610655504
-0.8263616654602917 0.5184972655482737 -1.9946004932113375 -2.2470427421078205 3.4006007720536853
-2.4459553860597074 -1.7406758248191232 -0.8460453373752448 -2.8522129850632973 4.374139678624496
0.8572145643128573 -2.0334909848554448 1.2904530290149345 0.025951853604604613 1.7615571150486582
-1.0004606664931712 2.073010179789347 -1.3995587394929339 -0.43574585790816467 1.548956966860919
-1.1597625928654898 2.6584204885018425 1.7271182086196681 -1.6823555364609155 1.0705040822004777
-0.5429880231744342 -2.6503236540145076 -1.106137956607403 -0.028988439762423823 2.4355475024338222
0.14580717414569833 -2.208059698050937 1.4475584790359184 -2.317314570274068 2.04353988190359
1.038814511600733 0.6447612758294681 -1.057536448041007 -1.3552155374995725 4.033210486763758
0.813703540225418 -1.5305840592498061 -0.12685776215686767 -2.98601380947263 2.323580758495996
2.168425038857293 1.4720322918780848 -2.322718044204605 -1.064595369830097 1.1631357279961094
2.2033512904836803 2.8360716652111666 0.904094611778679 -2.323289001891106 1.451188142662732
0.6900012578682305 -0.8581388674912216 0.9994655069154788 -0.7042729658974487 1.2608192751720257
-0.12903652248523834 -0.2012179135478177 -2.5454940167076767 -1.051641466133318 2.873979241140585
-0.621362738417123 -2.573308716691334 -0.19935551128622508 -1.0049592929200963 4.981534328345278
-0.8087842158854341 1.2820017243185426 1.6951438808582358 -2.1553164705880468 2.7957132289006146
-0.43094343491911535 2.91684226506878 -1.1230101129849765 -2.674071251842267 2.0062087710248178
-0.8633668434957208 -0.4775174094258915 -2.9882258124915912 -1.7307232988710726 1.0302548124595814
-1.191792522466327 0.7833086935049665 -1.0780560041392238 -2.39075033433539 3.2518743228611164
-2.159468826365767 0.34902522772851285 -1.1770906021982195 -1.657911054486086 3.350948759514555
-2.3548619823821246 2.4448208814481744 1.8320334771465094 -2.0598347464145603 2.284952229279429
-1.6536717941526624 1.2788656557875693 -1.5189269755864838 -0.9013951963953635 2.316958405192004
-2.364717121361493 0.3916817020437806 -2.8785016622621704 0.03220083161371967 1.767761179753899
-1.8678881470968065 -1.8216073621353202 -2.1913485535778516 -1.5334581351163317 2.956062134914162
-0.5483419140426118 -0.7989166253632618 1.812247869185978 -2.781021609369648 1.9430068933937008
-0.6118902718480776 -2.6735118665992195 2.4640256678615033 -1.383920481759574 0.6734333046338408
2.059266882278547 0.5044712916512792 -0.12889308744401712 -1.5194414838465828 1.7180313334693944
1.8875891601648607 1.6786311385348136 -0.6748868968899371 -0.6086300488860237 3.18109342212551
-1.448067871259119 0.9439308573767056 -0.1599398426530724 0.10123167271680417 0.807667542689247
0.7836910161163679 1.9053157765588007 -0.366129972911974 -1.4822266632588406 1.8815567020399535
-2.5330827412640713 -0.9748422703573993 0.8300874750467839 -0.9353762149479813 2.7281535790317504
-1.8580600851219624 0.16219591029679847 0.26335909934072 -1.3916150441313404 2.8223714349866373
2.1953305862055754 1.6439168544285434 0.9039105784626733 -1.8615489577878077 0.36463911635036655
1.555279699930773 0.4522057257049126 -1.6011371482271004 0.01263525769105861 3.9128992614011056
-2.0314019267437287 -2.22008775061886 -1.1169330524053187 -2.9027175008468764 1.6982301767350287
1.979443683761094 0.20585198039017305 -1.428569569690318 -0.6509203522233878 2.0725525662345516
-0.6295622040597297 0.2898137374650952 -2.18628270472807 -0.8572274194250489 0.2556498924804109
2.6739889768541087 -0.7851096675183664 2.844773278374567 -0.4103470796135129 1.6644093380670284
1.01023017900603 0.676999954239164 1.4893894905954408 -1.0212992815112738 1.5834152939218944
0.273240582414465 -2.0578120905713444 -0.24115001108219614 -0.8704402391795751 0.8184880568881957
0.806392658309609 0.5738500464245371 -1.5068507421428683 -0.7479344333509237 3.5761262663635405
1.4850789671802413 -1.0117288437573038 -0.9833314830328082 0.41297904039018696 2.0886567858794134
0.2952879683110345 2.631157234504136 2.887709413762658 -2.4858553264243866 4.048478659136231
-1.4483385814462493 1.8708280992280224 1.1750798555074398 -0.9769588737693593 1.9606533770496752
1.6916279641973442 0.4324594025368995 2.274934744892621 -0.41863563212698185 2.384256619893148
1.1231177261792313 -2.6122799233133382 1.9070655209876723 -1.532096618640867 0.40064685561439717
-0.39826352905400064 -1.5197728910605113 -0.9854473940355507 -0.7998288173708042 2.03107338391824
-1.8105196927657445 0.7016370173365406 -1.7272253071377586 -1.9861114272778098 3.4810830895563303
0.14162653044124163 1.1428175811405725 -2.243316146246193 -0.9540249061324635 4.871424751127531
1.7531971378215556 0.4681580674682213 2.4919565082572674 -2.280544254507609 2.3283224346675486
0.9183170527317439 -0.5013181946555263 2.889305222549374 -0.8258304471559883 2.2828973575960223
-1.1842383207656662 2.970701365777694 1.0290102242923467 -2.232894186321026 4.699528932871107
-1.5703449764795465 -0.27545041432092354 -2.863330935935407 -1.8194221389791696 0.10975467819479273
0.03331098503124652 0.5675347988421815 2.60568417773174 -0.6737107579363399 2.2286483549291547
1.7848174743035279 -0.030722352219171523 -1.1074525453476984 -2.342844338306434 2.5614889907787686
0.06699016623037102 -1.6719058936387166 2.797772020229753 -0.5669163668358176 3.2690246070234386
-1.3385871685945872 -0.569906085862836 0.7799311154873341 -0.5243860343840269 2.8402209043437163
2.500762910310664 2.752133458435089 1.260137429893175 -1.0609256353848058 2.237772586356246
0.9813515971617974 1.2930022659312195 -0.11514156744891046 -2.0814202183223407 0.9649986624829965
1.8235733045324718 -0.9859224480665452 2.4937854497111402 -1.937454203232241 3.5098345723736055
2.0295901181970644 -1.4424127780652212 0.2299466032497377 0.14721528354111513 0.905841511964705
2.2544369210653104 1.2531305171453393 1.586909043146315 -0.12409972223693616 4.09547533387278
-2.7430466272589538 0.7490904765270238 -1.8040880071869974 -2.0848136811356226 0.763940380836311
-0.7309166214369456 -0.05300152949064296 -2.8916605381762825 -0.1722127281919743 0.9105419181198015
-1.1894754594850718 -0.9132570077861115 -0.3786274383591367 -2.985994990881574 3.0446525460013136
0.4895391088343277 -0.6617968127387236 2.056708156978627 -0.372344332985008 0.22665983118650734
-1.5745732807327677 0.15552158158868779 0.10441709671917909 -0.11096690251892549 1.525520456818488
-2.76772214568493 1.136961173607229 -0.9917934982459834 -1.4914338751320102 0.40916270220804707
-2.3081716855070837 -1.3203164227063884 2.0958937076176385 -2.4821662316196074 3.089575678647483
1.8460125301587997 0.0019407345283934951 0.5729417422120737 0.2602808766340763 3.9521559605654466
-0.8099523151686481 2.8748702037350626 -1.142868948279152 -1.188055415143253 2.241813695430901
-1.2938440116008092 -1.799811764524255 -0.021284106470621733 -0.4311386051442679 3.1228519814150335
0.35368992583690795 -0.21904934721509173 -1.7479234402756412 -2.586045288433295 1.6443762192627969
-0.1776406843998175 -2.7136086933498507 2.0316913571772597 -0.09377719508445481 4.808712092484794
-1.392394948266952 2.9881664594545234 0.39712880455978095 -0.9978564566272077 4.167417908680226
2.330093104249446 -2.8331979242968206 2.511506448582245 -1.0358214067268132 2.9068845401937025
1.2771436649260401 0.6616459037282769 -0.9230433529933462 0.09783116439415845 2.8962714926347384
-1.4331146125369618 1.5511588683530437 -2.14025033982704 -2.502801031430259 2.448439336823062
1.5966905925534947 -0.6435272769404841 2.9973218575193226 -0.6266514873165359 1.1522289982549625
-2.711710125610008 1.5072895602841065 -2.3632306901604396 -2.4911970716501415 2.862557426904215
-1.9604103054060407 0.3898120613630509 1.0422107079036629 -1.806725926115719 0.33062150344189467
-1.1727087978549582 -1.6568833440119883 -1.1217070208233078 -2.4827140766386657 1.3334417714128062
-2.6111495181815454 -0.82970443504898 -1.729824877121355 -1.205097680544713 3.139493989074005
0.36795756110360767 0.6334228496333464 1.6648570205406155 0.06960637678022286 1.442628967669638
-1.015604869003775 0.8748085454046552 2.7311076994450154 -1.2497746891210557 2.4455537323559313
-0.5260802978318584 -0.5925909774714642 0.71798468078557 -2.5462020370505067 3.171272283436892
-1.8548913087864776 0.11462630369041427 -0.7259138819647036 -1.88698543532879 2.787157442643275
0.9966101694915255 0.9830508474576272 1.0 0.9966101694915255 1.0 0.9932203389830508 1.0 1.0 0.9966101694915255 0.5796610169491525 0.9966101694915255 0.9966101694915255 0.9932203389830508 0.9932203389830508 0.9932203389830508 0.9491525423728814 1.0 1.0 1.0 0.9288135593220339 1.0 0.9898305084745763 0.9932203389830508 0.9898305084745763 1.0 1.0 0.9491525423728814 0.9627118644067797 1.0 1.0 0.9932203389830508 0.9966101694915255 0.9966101694915255 1.0 0.9966101694915255 0.9932203389830508 0.8271186440677966 1.0 1.0 0.9966101694915255 0.9932203389830508 1.0 0.9966101694915255 1.0 1.0 1.0 0.8711864406779661 0.976271186440678 0.9457627118644067 1.0 1.0 0.9966101694915255 0.9966101694915255 0.976271186440678 0.9457627118644067 1.0 1.0 1.0 1.0 0.9491525423728814 0.9932203389830508 0.9864406779661018 1.0 1.0 1.0 1.0 1.0 0.9898305084745763 1.0 0.9966101694915255 1.0 1.0 0.9966101694915255 0.9966101694915255 0.9966101694915255 1.0 0.9932203389830508 0.9898305084745763 1.0 1.0 1.0 0.9966101694915255 0.9932203389830508 1.0 0.9932203389830508 0.9932203389830508 0.9966101694915255 1.0 1.0 0.9796610169491526 0.9966101694915255 1.0 1.0 1.0 0.9830508474576272 0.9796610169491525 1.0 1.0 0.9966101694915255 0.9966101694915255
0.008660051894990676 0.015136586617545694 0.014759386546687745 0.012186856651558012 0.00901420597703116 0.01231505798991977 0.01342382127207424 0.012277698860961011 0.007518431124748229 0.009319528371730952 0.010369216796700739 0.010046543935830566 0.005530209692134325 0.009594337732734739 0.00867911347971535 0.014261648331235744 0.008783081703058204 0.009469326816370133 0.010430193572882673 0.010846511289795841 0.007817978532336064 0.007298761090608808 0.00939185967061472 0.013262438881637981 0.013802327689528595 0.0065335032068665035 0.009011022972770939 0.011333397936641808 0.007216564778567981 0.011158104447457235 0.011988925916419022 0.007625072956291662 0.00798291727591975 0.01149169589241492 0.008133173237694252 0.018862645062376757 0.010850447741887844 0.0085138545514596 0.01131778537944388 0.007156936127143623 0.00847898985103671 0.009718402457955105 0.0068382271831258735 0.007867213894817813 0.0062500710197462474 0.01192467381799945 0.011412596453499433 0.013100148007994887 0.008427686644933537 0.010558400160453466 0.011804208590676088 0.006629686991990271 0.007628780843832646 0.0077662498149322105 0.01042165677822618 0.014632519276972369 0.007415647263711983 0.008383392842391679 0.010871144963122147 0.006854168000503688 0.008873743663922249 0.011904767439889542 0.009734384242359303 0.008422221158759971 0.01200437687272872 0.01468100956081314 0.008054088267058787 0.008322286799719322 0.009329812149147795 0.0067292123776918 0.011385926414455877 0.007850428588647495 0.008916698928583126 0.010261482588184172 0.011473659250531627 0.012220821568017121 0.014475413924457134 0.008931605584335294 0.010305758065955267 0.007932752272774913 0.010752813909192043 0.010124097821760119 0.01024434536693395 0.008807422730148857 0.007971690876169136 0.009130639868662405 0.014832390813018468 0.010317927185949507 0.010702926123427065 0.008830585478271744 0.010794544280602229 0.010872117048383135 0.01526179702963675 0.00906127360758444 0.009241867361397139 0.010258727606108086 0.008502374540717447 0.008512637206088169 0.006770962086476203 0.00684332247773104
-----
100
2633
0.8
-0.30823473962851256 -1.2555524587859876 -2.3189104508843252 0.3381741082107026 3.662369260483386
1.1581926003762684 -2.6112355492805785 -1.8669998748077847 -1.9472566333410262 4.204973105815268
2.536689181935892 0.02560126097289883 -1.6762197555399954 0.11699426496895754 3.849250450469534
-2.3280069661998626 -2.1231866055941535 -2.7842647016638464 0.4497449870210624 2.0564573461130617
-1.006822303088731 -2.9840717380867003 -2.150245685616965 -0.8316438740267362 1.4607528018310234
2.8906154795821752 1.5591739185163718 -2.980346836971586 -0.2203472963850101 4.00029645556681
2.220067030557954 -0.5580156402904763 -2.090524861932092 -0.7195897423755973 2.443514275895103
2.9220138422153874 -0.09868281099999843 -2.282107346910653 -0.14667154476485822 1.5981730933025307
2.1307866777074307 1.7443633499111102 -2.140696708175719 0.275555686807342 4.665413273547455
0.9561466541195558 -1.4716082545938314 -1.9251762902315581 -0.018461573019914024 3.78834385683891
1.1483567425291716 -0.5519963951719379 -2.101502241217098 -0.7192686679340753 3.2361833572810825
-2.2147327624155357 -2.982177696463455 -2.12563368149837 -2.0360731275519544 3.370406568192987
-2.8478665002175574 -2.175389340405443 -1.8835602256309794 -0.005221390775671075 2.8788347247924486
1.474991439808565 -2.5762197973197467 -2.2735635044483677 -2.849432766104555 2.0089203627449668
-1.322537945920475 -2.927599763903813 -1.803784490350051 -1.6480902173581324 3.123912630109335
1.525007500906229 -2.311926041076313 -2.3507647899057957 -0.990569702611751 3.635783148443935
-1.5793898113889504 -2.0762004181619322 -2.919072728631117 -2.569587752967435 1.555182679320665
-1.376887330063954 -2.6967513422837612 -2.882534909575833 -0.8069356629467598 2.573508323943813
2.8125198877388105 -1.3593794753060147 -1.728739740416782 0.10768690866653863 2.7322837949413366
0.4251693354175857 -2.8034419916302182 -2.7777535497479007 -1.8629388936407603 2.4704407849147536
-2.7631252043763137 -2.5114590914453303 -2.0197034702665837 -2.8624705010705354 3.237943560318155
-1.6010790978452796 -1.955694607454112 -2.6138136336193534 -0.8643796026853094 2.033711634563133
-2.2036507769086304 -2.3982146388692733 -2.9801382498222773 0.39453867864832215 3.8214478083148453
1.1834897366726578 -0.0874659559238864 -2.812401984507085 -0.14919675611494698 1.4076774865344905
2.4527447128886224 -0.8342292887280189 -2.1990311976555637 -1.383876969668312 3.4603219763365725
1.4865124007930222 0.16594237037749027 -2.529003575787863 0.37245780707658493 4.480921403135534
-1.0429008154045007 -1.3675714145141045 -2.7805238673208477 -0.6238209196370188 4.023489959910201
1.3566913556648295 0.9124814014306444 -2.191818329157294 0.14567777511176627 4.897610305771551
1.3925832414065136 -2.838705904603467 -1.8481706878243866 -2.2526311286148943 2.6826509722878136
-2.4564558318204948 -2.4184062434499047 -2.935971295651046 -0.07197356826218271 0.7931384122710157
-2.798303485015581 -2.248398230434303 -2.8508616022214244 -0.8737588955626492 4.150876804996061
2.657384778793861 -0.758176024694825 -1.7967329762616846 -2.5830710889968875 4.14115250964751
-1.415631422989699 -2.843408057104555 -1.6595355979654949 -0.285665252839944 4.072495806703141
1.4293468299191172 -0.4158547573781244 -2.4348102071410325 -0.6881684036025355 2.4424643657114773
1.3470899923262731 -2.4096718089705833 -2.677450146420905 -2.858738972565591 2.010710909085792
1.3785379926048082 -1.87018171837713 -2.4112982438031 -0.23356727036980332 2.473511539755159
-0.2888916213837398 -1.9443547985852603 -2.368262775179273 -1.392832760787142 1.7641796031590646
1.4543818134720254 -1.2779131845139502 -2.4099492523950437 -0.3324427329931976 3.754231921431738
1.2043486111944406 -1.3078545665211663 -1.4487124882614524 -1.0137319698815692 4.204956934463159
0.30719777428682865 -1.4723508077793888 -2.844237730172497 -1.566576152665372 2.9097350409583833
-0.094106681430003 -2.1821323224114506 -2.421041809533471 -0.4475884339895666 3.4601382479763947
0.8475928586888151 -2.0160824315000143 -1.789333644296062 -0.7613996972978505 1.614119277200983
0.19930277678927355 -2.0323973013725025 -2.4219818600811496 -1.0011266334252407 3.333444358957909
-2.815842512182922 -2.42784507144409 -2.920853093502342 -0.7285480735878742 1.3290972299966701
0.11411164416073616 -2.26929251358084 -2.1438745455817103 -0.22525274712015814 3.315258777730913
1.333174016811994 -1.8608606257451696 -1.9339691150278622 -1.9424875152090473 3.678365285083509
-2.314129241900843 -2.22648216499281 -2.300863922509293 -0.6942697612829336 2.585773333791557
1.3969167290639077 -2.827881803628624 -2.594353362232619 -2.449224659071914 3.107774585106898
-0.46641417976267463 -2.7511280673575245 -2.0055281073160205 -0.693628205216006 3.487414094755012
2.6411863585688007 -1.6485327917931545 -2.0018366605552598 -0.2116012011688465 3.0722249766991703
-2.042696343767062 -2.285886070966445 -2.1948167886177936 -1.9099433555990437 1.390485206157375
1.7415200888090068 -2.328893309394539 -1.2703186719223445 -1.6198150311263388 4.242128107031254
-0.8806636960899423 -2.599567244125086 -2.083626182270369 -0.7015156441608281 1.4376088197116825
-0.5509452408240951 -2.4000965983593057 -1.9563146718815385 -1.9233578840080354 4.486478797712409
0.47337664772293 -2.4669360413054218 -2.052146043934591 -2.753211769995727 2.284006430725563
2.156476571948116 -1.0875919351509138 -2.013387894116999 -1.5294108698191278 1.5938710398743787
1.4434635688590671 -1.3384541142653807 -2.6776965751869795 -1.5860562367272457 1.4528774829790496
1.1305999132582787 -1.4865830946302734 -2.2453448032528605 0.34475332460943964 2.2657905462423136
1.9166371846822154 -1.4345784691439092 -2.600943444956177 -0.40447077823338656 0.7957795635012779
0.24338119268577496 -1.9480171629416574 -2.9737364995037234 0.1299882464729617 0.7708708875798154
1.6604825920493322 -0.6157067158360234 -2.807855985553805 0.15434277161137536 0.7900622573047209
-1.8788439144553766 -2.704536512412251 -2.628403826763928 -1.6977022943470454 4.796677317386104
1.0523399578147012 -2.670095754339199 -2.24708467774634 -1.520781351370683 0.8031865467816295
0.8788342900946686 -1.619290593323678 -1.354063362588538 -0.47385293701175124 4.449063723913958
0.2054437736993715 -1.3881007210776628 -2.1642070670586318 -2.9058450578184187 4.666280026460995
1.786851600072946 -2.4805753848192538 -1.6383955998979238 -1.221024923245197 3.8565843388606824
1.1020696639342868 -2.405567106758692 -1.79548439868775 -0.7608425121531497 2.4555905163500467
-1.8369635061957885 -2.783924738669142 -2.926889183682855 -1.1705422782432098 1.8349185903633365
0.7571591166908078 -2.3848466300835174 -1.703507408537585 -0.39229366550192524 3.0274944231944674
2.8027321535510423 -0.07722344779237034 -2.7194538736703233 0.34443451446892326 0.6658435787120986
-0.22917707689347233 -1.7478703540261398 -1.3074992974995236 -0.3631025368930507 4.493222062381808
2.977923695501165 -1.3365958314512145 -1.9948544968420514 -1.3118992306357078 3.1325503758600552
-1.9606447994271075 -2.2261539543886553 -2.289799809040579 -2.4551927502337505 2.120428982449349
2.8181069491217476 -2.8481954328372607 -2.2713199886529645 -2.614939163851241 2.2580611187063084
-1.0892656910060958 -2.2361035569014205 -2.9890927790204724 -2.8774555648811164 2.564124293146609
-2.8053261658272306 -2.7678815754414656 -2.0072065916486532 -0.15487843629981546 2.992802675314581
-2.0891378201802806 -2.7602208193221327 -2.017514560416395 -1.156826262427514 3.8648766079130583
0.14813203102556294 -1.2903158659992862 -1.813239793576947 -0.8906799298917243 4.199520091201366
-1.4343533438453768 -2.28484574193212 -2.434347179695827 0.1995797742225986 2.1252622645288914
1.6978446288359534 -0.5862112014868053 -1.9330386356421263 0.09342090041783008 3.352598854972727
1.333642185987128 -2.112822724778762 -1.2690332418913874 0.1105730493842021 4.4630961687093125
-1.3229088222818601 -2.0355290620337687 -1.871670791221414 -2.483408636775139 2.57987183014991
-2.2165678745171027 -1.7104658811009399 -2.2504844412914617 0.11025250319332625 4.898368192681476
2.8583571215673533 1.1507345409331124 -2.2082567267758435 0.08835064154756969 4.873305381544453
-1.7844363706850286 -2.951549926295698 -1.940523200767498 -0.2102946998388321 2.659301131232588
-0.9168037434340117 -1.432698599291066 -2.658152411727985 -0.5120357032048155 2.24694549876266
2.8748729093272924 -0.09241948126779936 -2.852413544710682 -0.5049783235069116 1.0008689426979003
1.9710164741677896 -0.5433640924051941 -2.151543850669409 -1.5674909390694078 4.3688216998567215
0.24584570948085693 -2.6279965343687546 -2.536454303020372 -1.421173617572478 0.9277080255881843
-2.8507140968922493 -2.5713695643627794 -2.2707533843815746 0.05481695427894584 3.585471294961081
1.4553944954665643 -1.4027898474707823 -2.084643771000044 -1.4594661390138766 1.50255202053177
-2.572908003915937 -1.9347298602512617 -2.7604526294903375 -0.13638158919228827 3.6811279244407396
-1.1363850954865418 -1.8748119897241222 -2.2423705919540797 -1.5658068336037163 4.023779973180642
2.2787749110743416 -1.0915596166670491 -2.25903772777116 -0.6170823879676794 2.4813976869159777
2.7378878880420037 -2.491268820728619 -1.7003470415780788 -2.146287296823572 2.286184973581384
-0.6053823674209803 -2.610050056139139 -2.0003799057382614 -1.6834694003764235 2.3571259404247327
2.889127260529157 -1.6326667747006083 -1.9588423437659708 -1.9182378487634022 2.2073404000977224
1.7577940969040788 -1.770230631870716 -2.3251806997330338 -0.3556138467338995 0.5806716384506556
1.2504393438154788 -1.2341675811293022 -1.8911160618061233 0.14947641958791963 3.741639275382992
-1.7988292120523943 -2.3924920052815475 -2.7774291592820215 -0.7804764630848007 3.0074428537429014
0.46440677966101696 0.3016949152542373 0.5796610169491525 0.5186440677966102 0.6915254237288135 0.5661016949152543 0.5864406779661017 0.45084745762711864 0.7966101694915255 0.35593220338983045 0.7796610169491526 0.43728813559322033 0.7830508474576271 0.5016949152542374 0.7084745762711864 0.7254237288135593 0.7796610169491526 0.33898305084745767 0.6135593220338984 0.10508474576271187 0.5898305084745763 0.752542372881356 0.22033898305084748 0.7694915254237289 0.4067796610169492 0.6338983050847458 0.6610169491525424 0.7830508474576272 0.5322033898305085 0.7118644067796611 0.7084745762711864 0.7898305084745763 0.5796610169491525 0.7050847457627119 0.4101694915254237 0.688135593220339 0.735593220338983 0.7322033898305085 0.7593220338983051 0.6101694915254237 0.16271186440677968 0.7762711864406779 0.22711864406779664 0.6949152542372882 0.22711864406779664 0.5457627118644067 0.728813559322034 0.4406779661016949 0.352542372881356 0.5457627118644067 0.7796610169491526 0.7694915254237288 0.7593220338983051 0.48474576271186437 0.6372881355932204 0.7932203389830509 0.7016949152542373 0.5322033898305085 0.4847457627118644 0.31864406779661014 0.5423728813559322 0.5118644067796609 0.664406779661017 0.7423728813559323 0.7966101694915255 0.5491525423728814 0.6271186440677966 0.5322033898305085 0.6067796610169491 0.47796610169491527 0.7932203389830508 0.4542372881355932 0.7423728813559323 0.44067796610169496 0.6983050847457628 0.6101694915254238 0.49491525423728816 0.7593220338983051 0.4542372881355933 0.4847457627118644 0.7627118644067796 0.7966101694915255 0.6305084745762712 0.4915254237288135 0.6 0.7728813559322034 0.5016949152542374 0.6677966101694915 0.5966101694915255 0.5186440677966102 0.7966101694915255 0.6508474576271186 0.7016949152542373 0.5457627118644068 0.7016949152542373 0.6576271186440679 0.5694915254237288 0.7423728813559323 0.38983050847457623 0.4644067796610169
0.008475628321886287 0.01289653754107228 0.009995266161013051 0.011793197280568862 0.0076199987148329925 0.016892663000383914 0.006614644866977307 0.00980793523242211 0.016390098778700898 0.007881853693803008 0.0055209103709433225 0.00969158740005234 0.01021365363783254 0.014916763588101583 0.0074826359144760015 0.010271202157452976 0.00824890743397607 0.008381013651772242 0.01015163475011625 0.009718827309291984 0.010583738308670146 0.006037810819312931 0.018478593556085946 0.006683111168735101 0.009273158570092152 0.013011544951531746 0.007929131732134784 0.012961284535446111 0.011387830356522724 0.012568709540383386 0.013630092412241121 0.01735041259810332 0.010449356826105656 0.005673406060613158 0.01514100889103956 0.007574696158799828 0.005492838634376378 0.00857944058185534 0.007197435957206772 0.006378612053749142 0.007642816611332068 0.005670934695241804 0.006825484953178432 0.010508535638502322 0.007532827377081003 0.009049125404643985 0.007369322744785822 0.015955749958374708 0.007904045715105721 0.010448032389559323 0.006765351383052437 0.011550521396464293 0.006568965793539275 0.009946380444892985 0.009651437536764484 0.00734359315299293 0.007446615445388717 0.007562519756479922 0.008990928926295832 0.009007736946018889 0.009356174892298398 0.014910753642652423 0.009612325619576829 0.008106466683465489 0.013684664236562682 0.010732218437535882 0.006703105933806145 0.008741072506140906 0.006888527315975787 0.01512162781415723 0.007822656523297668 0.011177065385496138 0.007129428539902874 0.026255924372497574 0.009887992567378653 0.012016662974838431 0.009589439153412054 0.006514150855726017 0.00841113114698288 0.007470165379222945 0.011329558781930246 0.006149406722626685 0.01783594288932494 0.019498957925896825 0.009074773917680329 0.005426042240146072 0.011581879930431407 0.010229882658370819 0.008353530591620075 0.015113834235993147 0.006341413961244505 0.01212250013186296 0.007216793396319433 0.007628549992758161 0.01507365451660842 0.006344397434792137 0.01201345061451835 0.00897243721231693 0.008264410690316543 0.0082089283859385
