5
100 100 100
100 100 1375
5.0 1.5 0.8
-----
100
100
5.0
-0.8983559332235798 -2.134255142866402 -2.620900585891695 -2.9583098545470716 4.208299881002835
-0.09457495257896964 -0.7982806677195176 -2.9199082495702644 -0.22147326764613595 0.4479344970232291
2.2374992667449405 -2.7365625643386062 1.2690837021213124 -2.0266591816232933 2.6728743449772074
0.48183791587132685 1.7759637124567247 -1.7171693524465157 -2.410950657582443 0.03760203259910333
2.6139243367973286 0.49340447537557175 2.6691605107879397 -1.4709845068233256 3.921030822343213
1.084916387356973 2.8605168859158514 2.3913836228598733 -2.569915325346808 3.4735524413934673
1.5560903590623347 -0.27487449856302826 2.5881411089836917 -1.2350421248238979 0.9343621920160072
-2.596429477403564 -0.80823506464816 -0.09515382839409892 -0.3640517411393529 2.9982969484215163
1.1954512895057885 -0.6465943715653557 -2.798610993321317 0.01555194185974873 0.8743821942380958
2.49472047108213 -0.8345175274156209 -1.4417610700482602 -2.872662887790479 0.3644509404076479
-0.30809037362217584 -0.7549320779793662 -0.05911400803969569 -0.4719983359571822 3.904384116130154
-2.255124767391651 1.8350409806835284 -1.3118114576521798 -2.5906195727958687 2.986681116286941
1.0289941027812413 -1.5917416347500435 -1.487763899063152 -2.9752987755793967 4.776211296109695
-0.1808452235663145 -1.1061227825104036 -0.4346629523297372 0.04287772489910724 2.5102615785814244
-2.418863215335201 -1.06668029130457 -0.25195193441517727 0.2654354595140451 4.666545364471878
-2.6572073438585897 2.2192285321756486 1.7196423814924398 -2.8233981705530242 2.588614774207115
-1.6083235539583298 -1.30498190031265 2.012929494736891 -0.6180880253830288 2.671956863065427
0.8986657920928867 1.2025780861720534 0.27323960672164693 -1.6271245617017889 3.4604643159570903
2.427131934805759 2.344734633021514 -2.5784921479478706 -1.4677772426531517 0.9018689909007904
-1.0177959301584334 2.5148416821096813 1.2139150573942707 -2.113501234897103 3.2386132323408843
2.3983094110990484 -2.5082212076859456 2.358556741675627 -0.6011129271604463 2.046548494690119
0.6081374436838312 -1.877072246629504 0.60301857943678 -0.47347427244801166 4.648079726060331
-2.1974115895478206 -1.7568541335682197 -1.3572524573478373 -1.5533081131205193 4.997431254579596
1.5699036528527675 -1.7297188519195195 -1.2076404747266372 -0.9880724655490014 4.030669781165339
0.48083126032433876 -0.5346412213934411 1.6417944365586248 0.17120240227908523 1.2107765188707298
2.378144546839957 -2.790523057725703 2.088942800653415 -1.6989486836413386 0.25817451563670324
2.9699202198875723 2.5352292016049667 -1.1675225909300706 -0.5113669721597387 0.16914044492024605
0.1685673931390541 2.938466790695416 2.283637233665903 -1.6677755691527807 3.486573952553763
0.7970094294510468 -1.5745753738988935 -1.1836323113276204 0.021879553915475025 1.812251598164365
2.5635413814896957 0.8729425441855696 1.9957491549230237 -1.472017313061325 4.397050666744641
-1.375170960212607 2.798437489229446 -1.673754071965412 -0.5020276640176604 0.32963330261525314
0.2318015340664883 -1.1747792943333812 1.1001258094585147 0.15966287632444498 1.040781360216847
-1.2509916232467977 -1.601018923533441 0.2680258118484691 -1.6633925708756303 0.7310224321557668
-1.714827084105047 0.2328833580009042 2.757570030979453 -0.7084617882289317 1.1213330177082326
-0.8428081446294073 -1.8987053077134735 1.5333228612141436 -1.1283306268156892 3.241965159371787
-1.00036360901449 -0.5661223366028643 -2.911603013272901 -0.739622645473434 1.201845306737065
1.1991258484538516 -0.3761419139052178 -2.186662110540535 -1.9911448223167902 0.9246317396414172
2.4972658166302555 -0.05000423493581918 -0.9829317770546879 -1.8790268681323845 0.7776441376413057
2.1001427375530044 -2.655062034249831 -1.3182493420538148 -2.971932240913584 2.4210775065945045
2.40640946163938 2.705793440793455 1.893343795507466 0.2683783452709889 4.006110589184307
0.6519804782919847 1.3108738898070884 2.4159872743557838 -0.7353096963881218 3.7922176648601926
2.764796798104401 -1.3232776604760814 1.874273218337657 -2.3934211866472848 2.8965759716218784
-1.5800795138897104 2.5016259752724466 1.493030847936014 -0.102750626093286 0.9385132666277474
-2.1299661879167573 0.7179086954750082 -0.6779430739358081 0.1375604582803236 4.813036819298895
2.8349388219040996 0.4536791616692737 -1.2358039585396958 -0.8813679488296957 3.8048972599929676
2.9497079362354057 -2.2488769739328585 2.2973779086773156 -0.42328595929223667 4.389080044202338
-2.089960869106945 -0.1733120737070264 2.4084404185090103 -2.316879088172064 1.0371351715274468
-2.450507012489072 -1.5282209136085245 -0.25273893561070304 -0.7902048487852782 2.7984953975301363
1.6269858271256359 1.9446874025107501 2.353491677627181 -0.8325186720326831 3.4323953919021144
-2.1755788348658456 2.6545299264944244 1.555914493247224 -0.6840177008598372 3.340879467408646
-1.6388632423642995 -0.009349251339470399 -2.23453348466323 -2.243841965091173 4.199151547050875
0.8413124954214575 2.216920518750113 -0.8774075381923416 -0.7532024132023718 2.2685231655503535
-2.4994815245976145 -1.310494916878803 -0.9468461170631959 -0.9314521977797541 1.3227563985897273
-2.7261572333511905 2.7678953540788633 0.7569765637566492 -0.3537357302408961 2.989518036164025
2.864867522335272 1.5099180349419932 1.4169901930587105 -2.822072167034109 4.458996709523366
2.8083898483009886 2.9647566774040843 -1.1406523912597422 -0.24754740418437704 4.955030196334466
-2.5816395156500995 2.913329369077668 0.1129115462889918 -1.6595629678995536 3.8626779655149877
2.9791341313957638 -2.6956836635859807 2.275085013994808 -1.013597061955296 1.847413816075758
1.3293657019190999 -0.5039117408764855 1.4940821682235317 -2.3269079012948897 2.518695149776274
0.11887789179706054 -1.462008477331766 -0.213299135605304 -1.5389621751725062 1.483206707929522
-1.3927541579672154 0.724126620301861 -1.765779484925846 0.15063223418757898 0.8007876110606693
0.28923062177959347 0.8488677601224528 2.8747250467608634 -0.13699501491580035 2.5700283568866777
-2.8590296117304552 -2.850907416185472 -2.555544708535839 -1.0663845935146476 0.9168690561992909
-0.4051264769894982 1.7517772282654285 -1.2824691880147707 -2.4328908368575237 3.613785460138387
1.0570713436664363 -1.3196369771100844 0.7675261559923947 -0.2616511945002111 4.57343638360809
-0.9056475709686818 0.11692343003460026 2.4231170483050626 -1.633330189831311 3.768854715125869
-1.7894450928240708 2.120104371911843 -0.4262483888660977 -1.9672463553280832 2.114325955866605
1.907451150278673 2.8498478402170218 -2.4534847745826407 -2.65485044556653 3.380453437301234
-2.9522301956398205 -1.5067997478990258 2.853208938209474 -1.2326462967462333 3.0776480152589905
2.118782241358108 0.6539640037765779 1.7912390398792688 -1.6588707862373617 1.869386826509375
1.2918812860515771 -2.7532838422844557 0.520867178263412 -2.1615609509461824 1.7073866423804551
-0.47664197485196835 -2.9394768677737595 2.5744502208685276 -1.1528347998834465 0.6926404456754254
-1.52255705541668 0.318733949515162 -1.3247532167762563 -2.0996873547712935 0.7250324063790925
2.6928138256626672 -0.061046356074736075 -1.3708056082169158 -1.56061656817784 0.11092514280692245
0.7607499719208075 -0.36698330036364313 -0.7451918219989122 0.46388714376827833 0.22503708948673262
0.2782578705326886 2.612680024941893 1.0161552961390914 -0.3307876184893277 0.14458737830890134
1.615289616152788 -1.1128254375380746 -2.566537544677033 -0.7058426277407506 4.323218762636088
2.031816838029563 -2.298479369468106 -2.508358772812201 -2.7026266735852493 1.2738868895512523
-1.6305431027131196 2.6620916425575425 -0.45788886660604344 -1.49730828570708 4.00534968541085
1.4762581465854652 -2.0696227821267184 0.5139146948988245 -1.626898106596144 2.8161416352546054
-0.22817413347837823 1.484526087306227 -0.37743669509563915 -1.1466331165307835 1.5458135639934267
0.9456974704007037 -2.2711184803910798 0.35920193840389913 -2.690360112927909 1.7219938712005356
1.6953152794493356 2.983895103735626 2.2902246488360074 -1.7234854401167978 1.8372087356313282
-2.983255707581278 -2.9418193163903097 1.1091624707252787 -1.0788842748247691 4.813400890088491
1.8954079512932474 -1.2607435925004058 2.405859938266846 -2.2295325345367223 1.4544151526660043
-2.461513279123626 2.6353202544159426 -0.13028671660798796 -1.405737700940226 2.8749029233138854
-2.5844765651837456 -0.3486104704664341 -2.447315944026338 0.0961313916759261 0.49633589560512115
2.6659529691923645 -0.6056886975121216 -2.7564451057491106 -2.1816759159221104 4.64238907577346
-2.6690469792271116 2.8743863778268937 -2.069880249929347 -1.493897521311039 3.289053416072192
2.2049201763428705 -2.1268962909780766 -2.3694386546863266 -0.20735969876070337 0.5785802581718924
-2.7925672190382325 1.559144898648115 -2.911685733772823 -0.9195956020063769 3.571133193782355
2.20128481139699 -2.453891202023905 -2.8692010320808246 -0.8893413620009785 4.025393920605444
-1.7321533646801965 1.5081179715944852 -1.3256872982507248 -2.0453503533868673 1.623074077108193
1.1919386653056687 -2.3351795249318483 -1.1495536946813099 -2.1267200239954622 4.656403883286458
0.5647264453273944 1.1944985776528103 -1.0583186948050813 -1.0724103645824665 3.456779595381143
2.1271588370917955 -2.2903954407079583 1.6057790525485522 -2.5783965137416422 3.164828164468606
2.0174912486106376 -2.4475823579325566 1.4141169946782641 -2.8397023775230767 4.122243751280563
1.7275613448111784 2.042764272637421 0.7958056598587246 0.45127939240687187 4.7319402135399
2.1821545327951313 -0.7028177090509855 -0.5555829585131824 -1.0601863131650533 2.550334314873872
-0.01579209006044957 0.6568628734150419 -0.23399901337929174 -2.2416156537629197 2.6769877818081
0.511864406779661 0.8677966101694916 0.9457627118644069 0.9661016949152542 0.9593220338983051 0.9661016949152542 0.9627118644067797 0.9457627118644067 0.6203389830508474 0.9186440677966102 0.8983050847457628 0.9627118644067797 0.7152542372881356 0.8847457627118644 0.8983050847457628 0.9661016949152542 0.9627118644067797 0.9389830508474577 0.9254237288135594 0.9661016949152542 0.9559322033898305 0.9152542372881356 0.7593220338983051 0.7220338983050847 0.9593220338983052 0.9661016949152542 0.9627118644067797 0.9661016949152542 0.840677966101695 0.9457627118644067 0.9661016949152542 0.9559322033898305 0.9491525423728814 0.9661016949152542 0.9491525423728814 0.8813559322033898 0.8915254237288135 0.9152542372881356 0.7661016949152543 0.9525423728813559 0.9593220338983051 0.9491525423728814 0.9661016949152542 0.9559322033898305 0.7864406779661017 0.9627118644067797 0.9661016949152542 0.9152542372881356 0.9627118644067797 0.9661016949152542 0.888135593220339 0.9457627118644067 0.9084745762711866 0.9661016949152542 0.9423728813559322 0.8813559322033898 0.9661016949152542 0.9559322033898305 0.9423728813559322 0.9186440677966101 0.9491525423728814 0.9627118644067797 0.6067796610169491 0.9457627118644069 0.9220338983050848 0.9661016949152542 0.9661016949152542 0.9355932203389831 0.9661016949152542 0.9559322033898305 0.9355932203389831 0.9661016949152542 0.9559322033898305 0.9491525423728814 0.9491525423728814 0.9661016949152542 0.7661016949152543 0.44406779661016954 0.9661016949152542 0.9254237288135594 0.9627118644067797 0.9355932203389831 0.9627118644067797 0.9389830508474576 0.9627118644067797 0.9661016949152542 0.9457627118644067 0.46101694915254243 0.9661016949152542 0.6203389830508474 0.9559322033898305 0.9966101694915255 0.9627118644067797 0.7152542372881356 0.9254237288135593 0.9491525423728814 0.9423728813559322 0.9423728813559322 0.8813559322033899 0.9389830508474576
0.010000000000000004 0.010000000000000004 0.010000000000000004 0.010000000000000004 0.010000000000000004 0.010000000000000004 0.010000000000000004 0.010000000000000004 0.010000000000000004 0.010000000000000004 0.010000000000000004 0.010000000000000004 0.010000000000000004 0.010000000000000004 0.010000000000000004 0.010000000000000004 0.010000000000000004 0.010000000000000004 0.010000000000000004 0.010000000000000004 0.010000000000000004 0.010000000000000004 0.010000000000000004 0.010000000000000004 0.010000000000000004 0.010000000000000004 0.010000000000000004 0.010000000000000004 0.010000000000000004 0.010000000000000004 0.010000000000000004 0.010000000000000004 0.010000000000000004 0.010000000000000004 0.010000000000000004 0.010000000000000004 0.010000000000000004 0.010000000000000004 0.010000000000000004 0.010000000000000004 0.010000000000000004 0.010000000000000004 0.010000000000000004 0.010000000000000004 0.010000000000000004 0.010000000000000004 0.010000000000000004 0.010000000000000004 0.010000000000000004 0.010000000000000004 0.010000000000000004 0.010000000000000004 0.010000000000000004 0.010000000000000004 0.010000000000000004 0.010000000000000004 0.010000000000000004 0.010000000000000004 0.010000000000000004 0.010000000000000004 0.010000000000000004 0.010000000000000004 0.010000000000000004 0.010000000000000004 0.010000000000000004 0.010000000000000004 0.010000000000000004 0.010000000000000004 0.010000000000000004 0.010000000000000004 0.010000000000000004 0.010000000000000004 0.010000000000000004 0.010000000000000004 0.010000000000000004 0.010000000000000004 0.010000000000000004 0.010000000000000004 0.010000000000000004 0.010000000000000004 0.010000000000000004 0.010000000000000004 0.010000000000000004 0.010000000000000004 0.010000000000000004 0.010000000000000004 0.010000000000000004 0.010000000000000004 0.010000000000000004 0.010000000000000004 0.010000000000000004 0.010000000000000004 0.010000000000000004 0.010000000000000004 0.010000000000000004 0.010000000000000004 0.010000000000000004 0.010000000000000004 0.010000000000000004 0.010000000000000004
-----
100
100
1.5
1.1216228254954932 -1.7500785722535535 1.3201714085057654 -0.5550588306497937 1.329010501267116
-0.9893481058897109 -1.160864706230091 2.084195646346865 -2.2487965128122145 4.320388332070852
-0.7991128869763111 -1.5208501804734422 0.7941118169140522 -0.8618415608253558 2.7312799325682655
1.2094835557316685 0.4148617932406984 -2.0016133016096314 -0.7403173527186477 4.482135908535576
2.766564633063002 2.5191081244848736 -1.7410878046345706 -1.762877124131294 2.1921154599515065
0.36752456083354 1.4374631635455983 -1.2402303459096062 -1.4003655514827287 1.5786494494256322
-1.0552881762504396 1.6743979131636613 1.7058388475980766 -2.7790379663551485 1.939130883191622
-2.6136969213595096 0.21990511977837152 2.9984593469214693 -1.3486615821625958 1.3950042931544593
0.23827593508753253 -2.221421766552746 -1.8851718442641556 -1.89834455178863 4.676504470205882
2.4613532680337524 -0.23814911727144333 -0.7322538058596462 -1.9503846201936212 3.230891210295194
2.8961514566306983 -1.312711767320673 -2.2977585967787597 -1.2405695704545463 2.850267177603272
2.733629993183327 0.7504168785835126 -1.9400874714955623 -2.3762082514009553 3.454385539441131
0.5761490882130769 -1.3047162605911167 1.2563480443934787 -2.69038105539691 2.255390618805898
2.4014539422287084 0.7537108938741168 -2.436385858142166 0.09393137782667815 2.5054476071058005
-1.7997884168561487 -1.2615099888708872 -0.13795696613343855 -0.7771057231527903 3.2269751792232175
-0.41080137279491113 1.157260778414905 -1.2462095377513185 -1.7772533531452743 4.72335239406106
-1.508918737869081 2.0150602640355064 -1.9561712355272964 -0.6189017619494407 3.679265419245241
0.6900358020272508 0.7227676273881336 1.2388765784585778 -0.9376024347822947 3.2146126053650534
1.8445187031070538 -0.4120582417193259 -1.9284634716005749 -2.0348093421195204 4.203753271310175
1.5753007687843055 2.431509028557683 -2.7868798012734346 -0.04052315032847553 0.6303724117431917
1.3976822440781227 1.9576967507293466 0.13360831457354028 0.16633058959492458 3.4550384828270455
-0.7013088993606063 2.76084811649223 0.49492968416448324 0.4263521796560563 2.472967272445037
0.8038139687053838 1.870225538556039 0.7643905182549909 -2.9076032559132017 2.336397804844035
2.338492872073119 0.4178866076029615 -0.2926377562925624 -2.424198937266265 2.7705776486152542
2.4614819972873576 1.1624888799949655 1.1621980435257468 -0.7380241882289954 2.8204093919353994
0.353124672049815 -0.700611326106572 -0.04035705971884698 -1.6379898316369128 0.13631344867463158
-2.615452221318079 -0.6639612537598243 -0.7643266949407712 -1.7516357934284716 2.569212682957126
2.009291704783989 0.6991762989684014 2.9518193807620197 -2.657438321226625 0.1272269257432419
0.6210114387815672 -1.8263310713205492 -0.04515434933098117 -2.1755926004426795 3.0911636962191795
-1.0411221997148166 -2.7335312050488456 -0.6190288235271026 -1.7316790129985686 2.0994187829734785
-1.9991285490655115 1.6333736672129384 -0.626017488765108 -2.4092127251924302 2.134197315099192
1.0359210548164568 1.2483487613752937 2.1538711517878686 0.13724515145543148 0.693947157890475
1.3253441623798385 2.6379104017621633 -2.4309641275059755 -0.7533250593723749 0.07034608952950427
0.8020336891364938 1.915305224135936 -2.270081118510783 -1.4385426069012395 0.9623663904037256
1.888890759867114 1.5809548723525677 -0.6389851153684627 -2.347167971581807 3.8982134668938486
0.22389319059981516 -0.6074127004839975 2.959682245212629 -1.659135223129176 4.671983057309788
2.874859663503636 2.001253670547871 2.5190685316980503 -1.8578201585692262 4.27336103465607
1.9310358199202342 -0.9956381230106508 1.0584620006657457 0.2731081272915242 0.3119472877770124
1.320056809047143 -1.6804285953715055 -2.346972503523143 -0.0852414163730204 0.9059246623211294
0.9353440556365438 -1.8897032644696887 -0.8973019543189236 -1.3957839713455895 4.604142003920127
2.179800441126033 -0.9940392070824062 2.9719426095680332 -1.516030518214402 3.2577165809047637
1.2677547646046325 0.7135676358438292 2.890105675807536 -0.03256284001300225 4.324233606779137
0.40854973088931645 -1.045649025302174 -0.022030341866874803 -1.5406983520761313 3.7751936457482014
1.9290835654344862 -2.197484648753863 -2.015743729367022 -2.044475653320313 3.4151295198922513
-2.401457495895369 1.3422865982509364 -2.7099940072927318 -1.7579762497494675 3.290674026044353
1.6674019103178526 -0.8820822035589231 2.8843245018277424 -0.510488866137045 4.306371116541063
0.020220748899316132 -1.9072789021783865 2.2871098653151765 -1.8175945876134056 0.9173111563128606
-1.2828754210886437 1.726666990741187 -0.9006264539615763 -2.043256119009414 2.8760038401382344
1.3758129075690282 1.1383783808262302 -2.7052681275871757 -0.24151968214188446 2.7905713507303678
1.1479348525071396 -0.9930445489879227 0.7909850638011342 -2.8100648395575476 0.8359481458687952
-0.9242245887257556 -1.4309842214956716 0.8311002850150708 -0.5863169936543221 3.7155479960916433
1.1057929141041598 -0.9351889703298597 -1.9496261222222402 -1.5218095377177332 3.562077833841879
2.6634084192214305 -1.409176585104899 -0.28777724801322657 -1.377951089688697 2.714741389777112
2.957883218425342 0.8708601491160981 -0.4412792539663757 -2.6970886283141273 4.1942238614821505
1.0673789000065863 1.5477428028599722 0.9287393291388615 -2.461028961079946 2.132380227009106
1.7492066400603097 -0.5954846001803284 -2.7262315660929737 -2.081568497478757 1.4378634984394059
-0.2813025625601284 2.1387776058961103 -0.7329021943495884 -1.855252742346903 1.7490228832711565
2.6529353050102773 -1.5199889188780564 -0.8659060839551649 0.05776829752924029 4.462578714831784
-1.722657827540743 1.7405946003982264 0.12215989450291653 -1.55490243349811 0.7274335856032335
1.2008057788219086 2.8377553799988595 -0.46951422655725006 -0.7771754297593981 1.460116168429827
1.5124823868519615 0.1448693985962699 -2.175084314563195 -1.802177512475944 0.9499501720126426
-2.279794537891826 -0.1962831024875995 -1.0806468610287787 -0.33041697411701154 4.25297897976262
0.634486307469357 -0.34256179998356817 -0.3418395298134316 -0.33289924996119213 1.6158690225850811
-1.514474552677403 1.9379667849527036 0.5290903487000218 -2.804836055418157 3.8666616863064887
-1.38503583302034 -0.9353868628956723 -0.8546323891260341 -0.4812313704724296 3.171211415010998
-0.8678707226525819 -1.569765933236198 0.11273044767207319 -2.226952438350304 3.1003927893490157
0.8909804134012504 -0.8006673316456795 -2.2611568910919075 -2.2013182604829193 4.362858539792921
2.4199599566461356 -0.9225729780503957 2.0719260540562128 -2.3796871862833147 4.168636722160668
-0.9228535545622987 1.5249436718407454 2.9780250334482963 -0.5443609371350703 2.341091656506821
-1.9617351396001974 1.5632143750935066 0.6357964624752264 -2.202398181834379 0.15971615336442913
-0.9715804938022572 0.14075215244062989 2.951839577100948 -2.658542450936547 0.9837606299179296
-0.20392746991443333 1.4287325242656101 -2.491942183764341 -2.6872766371846994 1.9475729386804734
-1.1497014049609129 -1.518210869388671 -0.8162926024620223 -0.15856907938039577 2.785670194156933
2.540102581451587 1.8418616581953846 -0.12853560892134253 -2.747637222028543 3.961333371538561
-2.045389322550319 2.9076100757936656 2.055212756227909 -2.812719897609021 3.1433088787652093
-1.4127687742125004 1.520315110973466 -0.7236174581836501 -0.39423973854279926 0.679981662807231
-1.5003830290265188 -2.03119608411691 2.60707144683766 -1.3681653457107816 3.35304835401047
-0.28486787182999596 0.08397844192525916 -0.16756342978580596 -0.5793796405511473 1.5891780631373553
1.2036149919613086 2.023861207431678 0.73979324456961 0.1729123936116712 3.922500525694996
1.4288582422934042 -2.0889712561593257 -1.5002034005713614 -1.6103110272395438 3.4057539088600537
-0.7737326572503069 -0.660323138608313 0.4475342627220542 0.19157750732678794 0.04745315847880871
1.9384600541724282 0.9913993268674703 1.5222783664118886 -1.6495048042316385 2.9235378861508825
1.313547839417302 0.471056127217645 -0.6162507986007832 -0.5881653387524873 3.196414803510376
-0.8554849418586636 -1.667671598143002 -0.4714293807315788 -2.03920871628555 2.159953712379279
-1.7734047887776958 -2.4140656838863785 -2.792243440388784 -1.7933392709399938 4.4997528032583745
0.28310602543703967 1.088949483180704 0.7515321973180104 -0.8080003162147877 4.703771524123118
2.9984350378142453 1.4346351765694765 0.0028343891735671534 -1.1219585569410182 0.49743682005830947
-1.4977185392975056 0.46052859813047925 -2.3945004888398524 -0.591623100412529 1.7923063592351998
0.026158274110140767 0.43204694220237294 -0.45816483491862003 -0.06870114569319577 1.6252733447939227
-2.04488650717918 1.601530612130281 0.4685698355450551 -0.5458036759720599 2.8107291880642697
-0.13345983246249435 0.9559097956541778 0.9981383557542685 0.12421792915761634 3.370387295696359
2.5371826585972532 -1.0164656411087105 2.8533694559990366 -2.2567735512789198 2.3129734071625747
-0.36560282650892295 -1.9134668823845884 1.1389681403335636 0.46174825209297116 0.5032403761296959
-0.9318683581817506 2.729180231411901 1.0287955111321927 -1.2435316591188053 2.6020060105984886
-1.6311251368927904 -0.11578920667190992 2.7445132750688503 -1.5091813236709735 3.8786720181291994
0.787243192237356 0.5336463541498078 2.9490100059769166 -0.3280255689983966 2.912897117149647
2.808490088414495 -0.3230666272762224 0.9498967722522131 0.40790743880272706 1.4753963712618945
0.4561206116297465 0.5061743538167887 0.5094077402707464 -0.6416549722145828 1.3435788945232927
2.4103709094598083 -0.22420285970251275 -2.5360750368210674 -1.105735059297716 2.911383909829481
-2.3748772992551177 1.3291814347863276 -1.7337593349798515 -2.7072588495641874 3.7532053806797667
0.9627118644067797 0.9559322033898305 0.9355932203389831 0.7898305084745763 0.9220338983050848 0.9491525423728814 0.9661016949152542 0.9661016949152542 0.48135593220338985 0.8745762711864408 0.7559322033898306 0.8711864406779661 0.9491525423728814 0.47457627118644075 0.9186440677966101 0.9355932203389831 0.9491525423728814 0.9491525423728814 0.7728813559322034 0.9186440677966101 0.9355932203389831 0.9661016949152542 0.9525423728813559 0.9220338983050848 0.9389830508474577 0.9627118644067797 0.9254237288135594 0.9661016949152542 0.9016949152542373 0.8847457627118644 0.9661016949152542 0.9661016949152542 0.9661016949152542 0.9491525423728814 0.9288135593220339 0.9661016949152542 0.9525423728813559 0.9661016949152542 0.5559322033898305 0.7898305084745763 0.9627118644067797 0.9661016949152542 0.8983050847457628 0.2542372881355932 0.9491525423728814 0.9593220338983051 0.9627118644067797 0.9423728813559322 0.7898305084745763 0.9627118644067797 0.9322033898305085 0.7220338983050848 0.8915254237288136 0.9152542372881356 0.9559322033898305 0.8067796610169492 0.9593220338983052 0.7966101694915255 0.9661016949152542 0.9593220338983052 0.9016949152542373 0.9186440677966102 0.9186440677966102 0.9661016949152542 0.8745762711864407 0.9050847457627119 0.7491525423728814 0.9525423728813559 0.9661016949152542 0.9661016949152542 0.9661016949152542 0.9423728813559322 0.8677966101694916 0.9355932203389831 0.9661016949152542 0.9661016949152542 0.9627118644067797 0.9389830508474576 0.9423728813559322 0.6542372881355932 0.9661016949152542 0.9457627118644069 0.888135593220339 0.8949152542372882 0.36949152542372876 0.9423728813559322 0.9491525423728814 0.9254237288135594 0.9355932203389831 0.9661016949152542 0.9559322033898305 0.9661016949152542 0.9627118644067797 0.9661016949152542 0.9661016949152542 0.9661016949152542 0.9491525423728814 0.9491525423728814 0.4237288135593221 0.9593220338983051
0.00805791390337659 0.011009815092649665 0.0067555051066810114 0.009610587182331038 0.011629655635764197 0.006911418519040559 0.011373713364752335 0.01343581213713263 0.010553823777510001 0.007208323534525855 0.009800872494133304 0.010574838832170511 0.00817270559345277 0.012974336547258134 0.0075584596520291555 0.008992683988341186 0.010067660703500698 0.006209577126533398 0.008954364378620103 0.016728228815629204 0.0099970140220756 0.012443575556565872 0.010074467092034672 0.007740473918638281 0.0078039699201493794 0.008405363967785184 0.008599518078848426 0.019973740121512856 0.006845112225272236 0.008803143959088036 0.009385484507384526 0.013255413510991916 0.014755949460766138 0.009589047114896495 0.009096009542187285 0.011112454464931688 0.012737013645312491 0.01385787416030376 0.01143063541330404 0.0085227923219017 0.008964499819133004 0.012389001569699208 0.006275711813894217 0.009264019363828252 0.011347098597985994 0.011073097319598166 0.009765823767525661 0.00761647281461972 0.010931149318274892 0.010054862886535815 0.007705531298370137 0.007412171959389404 0.007127732416592675 0.011683151340289747 0.008121284093180187 0.00962114578348365 0.007596795804711815 0.013690062296340736 0.009405574743998488 0.009298664870739715 0.008587634274238575 0.010328013668717136 0.006827743657477482 0.011502161997986704 0.007534599962283492 0.00759188234007584 0.009572904544898692 0.010068912332085485 0.010295254373590681 0.013961329260851302 0.015180641557551838 0.011286811258531088 0.008389870019947473 0.011937563222154111 0.016165996336896794 0.009411478142798465 0.010664985937440787 0.006411298907614324 0.010474587269742234 0.007752160011879766 0.012260873744988467 0.006966795388630853 0.00671001849713092 0.007388062026103344 0.015695733497925825 0.008115922816866848 0.011054263782873625 0.008786722408384618 0.007464167679615163 0.008005826449442486 0.00850052358781028 0.010016452330182214 0.014899998350888316 0.00791392224876791 0.010259526165035093 0.0093569264311622 0.013386263549076016 0.006665273949591067 0.009230042637802142 0.013023654113385854
-----
100
1375
0.8
0.19561302457088603 -2.3121761563427237 -1.7125149925116152 0.10489553974720955 1.0551752883483376
0.22386604910780594 0.11872633029124446 -2.876753656440261 -0.6595326750209923 4.842032146458642
-2.4523832956272154 -2.2090272309653995 -1.8145347532253537 -2.81589203352502 2.4752368800565465
1.7013086338970418 0.5927404880920297 -2.6284674421685854 -1.174554287080103 3.3983441655996236
2.7999255664298417 -1.1999930108841532 -1.4193028488796582 -0.8187489541938511 1.89375960706722
-1.1941729945988175 -2.8790156993118625 -1.6450344009715652 -0.31732238420816716 4.476407844118437
-0.45569014279567943 -2.226302595937733 -1.759762181255971 -2.4872513859416028 4.906864618003774
-0.11062974887807098 -2.8622454697672515 -1.812120045104371 -0.5210429336544729 3.427506833150929
1.2248356185346922 -2.323534157211892 -1.0638511682919782 -0.4194793984944829 4.6407258426393
0.3259278142046296 -2.7959202424514285 -1.3908796730572688 -0.45564457708124473 1.6145549604674279
0.7707431990296274 -2.447876373100173 -1.3087245067351856 -0.5211877212414182 4.311351297766844
0.1978659230186195 -1.1585062368854553 -1.8355777152155848 -0.9810981248997559 3.4719093168661423
-1.9504349984949547 -2.0983330463208016 -1.7543403708411713 -2.775305724202557 3.787175854432757
0.628404401778848 -0.17743918385145596 -2.510220801392432 -0.30719226712957415 3.4132320185195377
-0.04965917138278009 -2.1395461832815315 -1.6928780791738702 -2.469078290109357 4.352827002086644
-1.8481845446095662 -2.4215400280678763 -1.411313012232735 -0.75802525734802 4.697595413697473
-0.31857373612683004 -1.9040408121379215 -1.6721112947558807 0.062349608263008616 1.130105511675533
1.4852282279095947 -1.0568474174301734 -1.7902877121620184 -0.3271691562544602 2.537027657980002
1.3969072126216575 -1.807674774896144 -1.8140873434596934 -0.9672453119461012 4.943698420449911
0.4546325186352065 -1.7662952072220468 -1.4082264381483416 -0.49324200947503116 4.632778299622647
-0.30757058505709045 -2.920587961846324 -2.493958746565281 -1.7069420519689664 0.7510338402238359
-0.678633552702955 -2.9649523084415064 -0.9302518906506809 -0.9936000648631594 4.130356433293729
-0.5776863109695172 -1.8828429683807415 -2.654567672417987 -2.1028207847194613 3.0256417343893873
1.1995106727959077 -0.033403573169035194 -2.9520552421092234 -0.1529406237207167 1.7224394352514483
-2.931711927188025 -2.3649421144474263 -2.278909893576731 -2.1937183597730328 3.279533245544464
1.0511423499677353 -1.6732033283680827 -1.8515003059774697 0.4657948464449355 4.415114350642686
1.9276629461856465 -1.1015209004515756 -1.5911197085861408 -2.0927672305002534 3.130887337605163
-0.7137471593938158 -2.4844622046999585 -2.763112889980873 -0.6951761172594818 4.003018118954634
2.589306190530758 -1.7249669333572684 -2.6188860041105997 -2.6031812075138507 3.415054319622433
0.08639652888175897 -2.2348220405248123 -2.2115152832286733 -1.894926359682768 2.1631150647253583
-1.192364148216842 -1.5132760367972886 -1.6912566167690666 -1.2936355975364777 4.618909510026774
-2.374229885018183 -1.5348468923610075 -2.7434026459227843 -2.5192545679899156 3.530156863378661
-0.5062104298258183 -1.2775459276953922 -1.3314539904708798 0.3113993906852171 4.914735122043981
-0.7637595523437954 -2.516293199939909 -2.0866317253112014 -0.6738820381479333 4.808074396364519
2.1526419196030853 0.9646636219690599 -2.7953207476369593 -0.4236475061593888 1.725181628909962
-1.8049834563665603 -2.446440779307086 -1.5921843658176258 -0.16226962930044952 1.7973407782418782
-0.38554219066144935 -1.4866684199222704 -1.4989324407068296 -0.7617184261445872 4.4370442009343325
1.6825661800994132 0.3429665968854637 -2.10162564672692 0.28669190935858746 3.240750449992246
2.402183737044286 0.3379351491604056 -2.1581289374350243 -0.5187917827519273 2.9072775100270207
0.41438277049769323 -2.9796067072975907 -2.551982014506093 -1.5067192622143093 2.1108218810751187
2.746035283278137 -2.019832814319353 -2.426610559677059 -1.2679788264882954 1.7463822234923443
1.543738109452665 -1.6119583074453567 -2.5709559171693646 -1.7525629057615202 1.3417319126278986
2.3151134911803526 -0.2692193103677474 -2.8045011322975606 -1.3597907069735875 3.556136498052168
2.8390791586196653 0.2595952666007799 -2.2543562493159026 -2.294473457576612 3.1749521369020455
2.737454317689189 1.706801813479334 -1.9824207549904072 -0.16376609986625246 3.764018132185812
0.6648577473492604 -1.0784643853148725 -2.9043803731380953 -1.3702437702510666 4.7764543471564505
1.7240776637196569 -1.7508677802983574 -2.9840410994679436 -1.1363999622440775 0.6041919815304029
2.830642633605174 -1.2837710339955541 -2.0932284182233736 -1.7213920626210701 1.9677500400819712
2.895372292169882 0.316090670846219 -1.862846013260206 0.4178639816376771 0.883000691537108
-1.7983313068420665 -1.2857588104258548 -1.928654936979794 -1.0972614843134307 3.909356821491462
0.3315596268257366 -1.6631441883471212 -1.216048220453776 -0.7843938209399213 4.23110715695451
1.6759246890341064 -2.7796149667465833 -1.6785272691523887 -2.1654929366294766 4.377336635366724
2.332609404465103 -2.319487006098757 -1.9376637957177403 -1.1152193957978265 1.635188423902159
-0.359426420595484 -2.0994006791174638 -1.1691637786602045 -0.0440202970545962 3.113776697080975
1.4888845032686728 -1.594127760231331 -1.8982818439053561 -0.6513991600979137 3.4852134242978914
1.2437327867463572 -0.04088406291925639 -1.7190576655891507 -0.6118384040821551 4.014937762674312
0.09850253267347675 -0.7263955128410963 -1.81058437971082 -0.10089764310392257 3.4563288902061946
1.0939377296109065 -1.7013599638166323 -2.669286252231701 -1.5482668412418568 0.7643371196697375
-1.3922316416696987 -2.1586366798120236 -2.3842002366343458 0.43830609819558375 2.0217527787313903
1.6005955817121644 0.1702116544878638 -2.5568057609390955 -0.26100694111222233 3.6555300937483195
1.992126717583918 -1.8839931888961172 -1.4462476044857813 0.055962727465798334 3.674391671634889
0.08967208810329397 -1.0233830773898684 -1.8859022670058545 0.07681817344511177 2.6314426481298216
-2.782634791472183 -1.9980193341167085 -2.2505520865236814 -2.6257713810078473 3.303250698783434
2.898622599414915 -1.1697438562030884 -1.4483698876245732 -2.267917579814369 4.263418750641842
-1.6747027163117953 -2.5912038195944787 -1.5309015222688176 -2.986832823088254 3.8824566058018353
-0.6984117056207698 -2.577655921428935 -1.2515555614294054 -1.3184153304440334 3.7476531085313263
2.940381882456509 -0.37282806601001717 -1.6783273023499459 -1.71534814878931 4.731171022790243
1.2662890761713972 -1.6370769460127232 -2.7381167332169305 -2.311878105848995 2.5634239223453905
0.8807788426355654 -0.8786941948063787 -2.900360635981314 -0.6646734998519744 3.8221811236810552
1.1691046235927955 -2.908922285141578 -2.4318179889626808 -2.0373997871366214 4.199941685152714
-1.1213701355167118 -2.8419440805182554 -2.707537517836603 -1.6839004765821723 3.9200520462009205
1.6054506156778992 -0.8716187631323935 -1.8061510220703436 -1.4810155066039918 2.6113122817491554
0.4530453652465387 -0.9519603480626418 -1.6016693208743198 -0.24768623393555145 2.311457638035667
1.3662215143592151 -1.6024774837417848 -2.0735133914355144 -2.651600087645026 2.7323397861438625
0.24334653735453315 -2.513522849624616 -1.234808426246261 -2.678509004347422 2.5953624816083565
2.201758888248769 -1.6491946226184568 -1.6402142835371079 0.05625132514407921 4.954626250950946
2.5591687409452266 -1.9256138629930106 -1.1639315579748322 -1.6126463053941682 3.1060204531721842
-1.2150136617385523 -2.2065436721529927 -1.8480930606339228 -1.3722408568692317 3.1403618457940436
2.0224944349538236 -1.2828508164692707 -2.6048359531326364 -2.2349685661875234 1.6259591175412957
2.8835875589760356 1.0381986208288592 -1.4209808358429707 -0.12059875577591694 3.783686631549454
-0.6653051759946129 -1.590535914864601 -2.8626335865450945 -1.7200317524685425 1.0879458777972226
-1.6331590666422064 -2.5805995891432616 -2.0646725251712112 -1.2889739062090093 3.0818362157550148
0.01503561888996885 -1.501525879696033 -2.58419845867209 -1.5255967352492992 4.329382448147727
-0.5744334786730694 -1.2894363053071605 -1.6872698545258902 -2.844623791392987 4.7215289018205215
-1.8017539877783824 -2.0960913864926605 -2.088766194131071 -0.28283684940263315 3.7902853554651323
0.6441800619118261 -2.34863000612644 -2.8277532498191777 -2.1196574005069073 0.9517463703694995
1.5314475374331067 1.802804833963998 -2.9190640891720987 0.4111278902945821 2.37748963864161
-0.29927021433233136 -1.770543610407973 -2.9764757609914794 -0.7642273777944484 2.0439638756345393
1.8772905328805618 1.7108740099229844 -2.832529048078475 0.3505046459119804 3.055220989907702
1.971233194955654 -1.2208083864550536 -1.1839359780503098 -1.5515385009956841 3.965702553220006
2.720244731050684 -2.205851938547463 -1.1496227025897845 -1.977013963150734 2.4165887315584293
2.124912240382262 -1.9151897764434949 -1.3198828438524766 -0.09229846029516942 4.0942893131596305
-0.6586583294892652 -2.325077589692032 -1.3899852447818297 -0.8348698195962534 4.819054045261149
2.602470684983248 -1.1615667405714083 -2.230841759112884 -2.1031375214203454 4.331715755565578
1.3557574796631489 0.9378039494590509 -2.8474054034739305 -0.014161994607507555 1.4843790066715914
0.8328467782753421 -2.6554037242220154 -2.6258435010564805 -1.434564568364813 1.844267914599024
1.3977360130369956 -2.2257056703855533 -1.4110011783892702 -2.8699826774304316 2.147652944314501
2.706929871252837 -1.9806041838661086 -1.301270146603634 -1.689004613000655 3.7216111357502215
0.9190604350903697 -0.19146281983360802 -2.003646320240496 0.09027648642169783 2.0834061068133733
-0.2140463556339598 -2.0192080028213555 -1.7321910037804076 -1.2628346418256877 2.7794083626699124
0.7728813559322034 0.752542372881356 0.7186440677966102 0.776271186440678 0.776271186440678 0.45084745762711875 0.5423728813559321 0.39322033898305087 0.7389830508474576 0.7966101694915254 0.6711864406779661 0.7220338983050848 0.6677966101694915 0.6847457627118645 0.5694915254237288 0.6949152542372881 0.7864406779661017 0.6372881355932204 0.3254237288135593 0.6338983050847458 0.6474576271186441 0.7966101694915255 0.5898305084745763 0.6033898305084746 0.5796610169491525 0.535593220338983 0.7423728813559323 0.1423728813559322 0.4338983050847458 0.5525423728813559 0.7118644067796611 0.7559322033898306 0.7118644067796611 0.19661016949152543 0.7389830508474577 0.7728813559322034 0.7152542372881356 0.5864406779661018 0.6033898305084746 0.32542372881355935 0.7322033898305085 0.5966101694915255 0.4745762711864407 0.7864406779661017 0.7423728813559323 0.40338983050847466 0.45084745762711864 0.528813559322034 0.7694915254237289 0.7661016949152543 0.728813559322034 0.4067796610169492 0.5966101694915253 0.7661016949152543 0.3830508474576271 0.776271186440678 0.7457627118644068 0.6983050847457628 0.4745762711864407 0.488135593220339 0.6372881355932204 0.6983050847457628 0.6033898305084746 0.6711864406779661 0.7220338983050847 0.7322033898305085 0.6271186440677966 0.5186440677966102 0.4135593220338983 0.6 0.17966101694915254 0.7423728813559323 0.7830508474576272 0.6711864406779662 0.7898305084745764 0.3966101694915255 0.7728813559322034 0.6576271186440678 0.6372881355932204 0.728813559322034 0.7457627118644068 0.5254237288135594 0.5322033898305085 0.7423728813559323 0.5525423728813559 0.5491525423728814 0.7593220338983051 0.48135593220338985 0.6779661016949152 0.7423728813559323 0.7966101694915255 0.6779661016949152 0.6576271186440679 0.36271186440677966 0.7966101694915254 0.2135593220338983 0.7694915254237288 0.7084745762711864 0.7559322033898305 0.6847457627118645
0.012147992961291982 0.009931087597935184 0.01773195575898502 0.006093634764508489 0.0072943307946498875 0.015581021397339462 0.011525520099821131 0.010707338507459271 0.010285288662135045 0.010689439525182278 0.00952268099373922 0.005843879555967907 0.013463429185622381 0.0068965341306306315 0.009311284900042464 0.01341808349156682 0.010766703867598638 0.006382710989145884 0.009199547848738937 0.008752581752028296 0.01874159887250548 0.010411135556135705 0.008842035346516106 0.007670954023151702 0.016912904721510906 0.01369184671451681 0.0060214160103972195 0.012000520406089822 0.01097918807094849 0.008785731690231452 0.008535450701467679 0.013927067503926515 0.014016827180180689 0.01284822657339844 0.007113390206077714 0.014567987221857847 0.007719838954851568 0.007977036536269383 0.006353516801526787 0.01191258074486647 0.010601266043536424 0.00924535372632481 0.006950133488596095 0.007319432845814415 0.009691839069750253 0.008829143944569946 0.01297548697159805 0.00819732486503384 0.010591449262834179 0.008543160866034774 0.006952110582331369 0.010945413103726601 0.010110135997104313 0.009098759261881197 0.006915109874301923 0.006028231608930348 0.007086950570251888 0.011043038908572599 0.01823624297600277 0.007425076725284127 0.009775187287680169 0.007633741418042453 0.016818082819168145 0.008543011833279244 0.016169021732887364 0.008365088116554915 0.008418184195238258 0.008622432963324508 0.007704163454855858 0.011417554486682168 0.012090154052969416 0.005382001788138009 0.00620322817823535 0.008383270906966172 0.010029847638516111 0.013564694349537932 0.007275717763072437 0.0084414848398947 0.009464020078090475 0.008528012582904275 0.011941303538270765 0.01082489862763445 0.007822078304310953 0.010705717199770074 0.013123563874955429 0.015376109225141134 0.00996727194331773 0.009818860809094778 0.01057404925852777 0.00598728690148817 0.009052148700087097 0.010003718055181545 0.01054115606132584 0.008693981963432419 0.0076080501421553655 0.011073161050181765 0.011032981581147969 0.008052513744711588 0.006706597014314342 0.006905690205617273
