5
100 100 100
100 100 13669
5.0 1.5 0.8
-----
100
100
5.0
0.5182559341574007 1.0484804749544292 -0.9401509946799504 -1.5971766630035877 4.169369913236237
1.1959320666252005 2.8243819109555215 -0.5284864059174028 -1.3529037825722567 0.43219832606931075
-2.4330072480428004 -0.009852694937189987 0.6410639650487391 -1.1355341458646344 4.270187863525865
-2.4499091421208177 -1.2342280209211247 -0.6054472094773313 -1.834617756745474 2.300323073240177
2.1613720428809344 0.6645718637825668 -2.6389168880374902 0.4960029476258305 2.2707353670491637
0.16396142249855128 -2.5620523379593334 -1.230863475114321 0.2805051765578739 4.189318697268179
-2.9089442886158854 -1.1201090586643572 2.565077970036267 -1.4191288317282602 2.507289735769592
-2.8232911102087757 -2.601118769997252 1.6764297715287295 -0.7195816434131719 3.987200598480608
0.4499229837846106 1.8850118607735933 0.33817800296321865 -1.2120171461340163 3.678104428507989
0.0025725597396863975 1.3831703426251618 2.3067702570775825 -0.26970555761297366 2.702633045245888
0.022119506889772378 0.929976436822459 0.3598368392188771 0.26340515684714516 0.8644479121030746
-1.780803252885141 -2.7376566426061304 -0.02571164588352337 -0.9489044169971117 1.8675022989539891
-2.4421424722194742 -0.3584250886065634 -2.39464276448893 -2.909688252075455 1.4935418114960775
2.899545945086075 -1.256820125006965 0.012532643337010096 -1.7516444902338053 4.977373491363971
1.2027637277089323 -2.8237990484733313 -1.774790466919189 0.3595835412388233 4.081349538843872
-1.5121066716076697 1.7653542664235609 -1.6278960655569885 -2.2170808242226996 4.466860702176757
2.800715392732366 -0.15800702597556393 1.0418574279796626 -1.7459476478937233 4.3929634312294255
-1.6216147814894177 2.805779861901172 0.0852673270541131 -0.04527986510075799 3.159484573479916
1.0478714716631856 -1.5571668937012193 -1.2052232838643677 -1.3142723807959387 4.572106891741521
0.6852760231068236 -0.018300885719713555 2.814253940154754 -1.5174397196290417 3.1957717601531743
-2.643699508554409 0.5604594020711935 -2.234312526377235 -0.30626610196681714 4.638343632851557
-1.35902765260753 -1.3311907845555457 0.18691664282423748 0.11010282515684233 4.6645477183522255
-2.828781585008161 0.049218284473651064 2.4735490074435322 -1.1474127314194869 2.0889046101311672
-2.251569418646048 1.2388691198719934 1.7990850166521026 -2.7974179397163796 2.0848340419747258
0.8061023747273186 -1.8396588957320565 -0.5091135045279751 -2.757424628603542 1.923534439762501
-1.2170989995559882 -2.0017800378022126 2.068318450437565 -1.0269564347591427 2.266767625872218
-1.8635268354979124 -1.0035602136380004 0.010585000997502814 -2.7146897665543017 0.6294406524709173
0.23973496654331905 -0.07319214312048494 -1.5699263510411967 -2.9589742433951995 2.0461714381786953
2.137172438549838 1.912826031058465 2.0618047654494323 -0.9585112100391138 1.6311064535432607
0.15463447997558033 2.9782564454485225 -2.0598641876722916 -1.7243503365674964 2.3834811517027665
2.7029571681287123 1.9718965835086895 2.1868179961123158 -1.2984257691285364 4.166653134337391
0.8681387298650987 1.5811902296248874 1.7639788297484316 -0.5251536227094369 4.400922185374504
-0.7933692745382603 -0.5653469640675945 -0.11964169753519815 -2.9209854684362053 1.9385220435413397
2.7667255814658436 1.2998476452639096 0.770597101653816 -0.5890860686135717 3.3035442657271554
2.5691855272469812 -0.14672040258332064 2.655593575007737 -0.6476948002384733 3.306224650335823
0.7579809946152984 1.7521159685105108 -0.18330767281241656 -2.1736017445254054 4.646839475417107
0.9891689151120646 -0.9803160161250948 -0.5404636418203848 -1.2755706519939338 2.6750380498039403
-2.8507895399463825 0.08846753707599664 -1.786336685332277 -1.6148867678934875 3.3389474472137515
-1.3753985998344955 1.8642759753431921 -1.7888751270199612 -1.130959460997352 1.6128981987667745
-0.010393484007646503 0.72927481612858 -2.2657016099207437 0.09558381483517397 2.0622134872255735
-2.4364250625088504 -1.9679647234992745 2.1438937381920358 0.26683364513803776 4.4262390772131335
1.6783032859461589 -2.7894195083286863 1.8501793954014154 -2.9810756724105554 2.5413607008382266
2.0200503282906954 -0.5471711895319564 -1.346310762415214 -2.7016941024068712 3.407275536813432
-2.2234047000429618 2.9403366596876523 2.9636158174431397 -0.6900504206574603 2.4464567407857887
-2.3663484313140404 1.4510561520402803 2.5127191753345954 -1.6223665885775442 0.15950138953576998
1.3301348212917272 -0.7713595127631239 -1.1761304786164697 -0.0557539637805089 2.3280683634267927
1.3080650945523535 0.9046954084186831 2.6159563824537635 -1.7952565853793643 4.253341137430136
-2.9622408269340017 0.2477563488142187 1.9326305112617916 -1.4581692152526107 3.691919531244227
-0.47704963488478835 1.8305664647928435 1.5797558619409395 -2.1196684673113353 2.9678520202745173
1.9378971122817639 -1.3979962710548506 -2.5187048118828352 -0.4288071665018989 1.0904607000295452
1.7635601544008104 -2.459037927387248 1.1242139774030928 -0.6230448418945334 2.095996469852488
1.1311797659591312 1.83329589855947 2.5770652785035697 -1.2893391730333466 0.284355887682195
1.2877007205678028 2.975243685201626 2.427577251447401 -1.3751219250966682 4.601619322356897
-2.405895710257682 -2.4385506482924053 -0.9093989434138252 -2.6078743370002386 3.2790804977393995
1.176615683373008 0.16571635812349284 -1.3995389554412139 -1.3759346135980106 4.473658210260206
0.9226709170841993 -0.2384167789977183 -0.060114545491554594 -1.4966010890983048 0.34556315435258833
-1.8230389967205771 0.06568678337218259 1.290914900556123 -0.6419552054771596 0.5760181866304293
-2.7855159237554 2.096508990206602 -0.08363284255823444 -2.7924287922364543 2.022269801422282
-1.8694210053067093 2.714137210799521 1.0937213688052854 -0.4832732492462837 3.4179128127911316
2.92589042122452 -0.28840967324600575 -0.24122920653293756 -1.0399136703461949 4.858033906798651
1.5469288565934267 -0.14599745561166255 0.09613728564267277 -2.9746398635179854 4.195726022684428
0.1763551623616344 2.9568450073320083 0.6343119748149637 0.19669008850395997 3.705493514159506
1.319834506468732 0.4089269240590805 -1.784525570687863 -2.716275394292717 4.338830339762131
0.7924420354650228 2.1557201737051574 1.9121313990520328 -1.5297957017144 3.2828604254570637
2.0453651856024226 -0.679290622546644 -1.6087900524193341 -2.147232220359753 3.5025903715447635
0.5069093927914388 -1.8325587932362675 1.784841764212672 -0.21411328182868195 0.480190547388194
-0.8308439066153213 -0.19154133575300403 1.1405968301483558 -0.8384647253148971 3.464092026308838
0.045124120656947486 -2.2336102254680608 -2.8221670535305297 -1.4046220330671706 4.762319696710865
-2.9960949247339617 0.9820621921918495 -0.20545657070741186 -2.4769016219634525 3.743657588741952
0.036482111211069146 2.2305847115947355 1.0400611662968817 -2.915822413461589 1.2812935781346924
0.008109239676731494 2.2549392267483412 -1.6204990868512708 -2.650521223253618 4.986924433404311
2.316315284866551 0.34415037158667916 -0.8014359700756883 -1.3157651908385062 4.0171859770163385
2.6945858175707214 -2.695895120742135 -0.44326413035374923 -2.7213268951586143 2.595858625660401
-2.8829977638426696 -1.6749573109995701 -2.806210780082993 -2.2466978261782895 1.7491336695322035
0.6968422836855801 2.493125310025688 2.765952702249459 -0.7691805187111913 1.6746587053874717
-0.9674921142927628 -0.7896705404559601 -0.9505397867264107 -1.4072154214043588 2.295104827877478
-2.8670411597210395 0.5517578133081233 -0.21314664280653428 -0.3922065974920512 2.746078998902556
0.6327482645473363 1.7881239738650585 -2.4146892883716635 -2.6781054231676147 2.2127446019843666
-0.474537988871778 2.813784942700943 -1.3440007865242363 -0.0805695070345056 0.5561477319123453
-1.1268315339378487 -1.4105864345494816 -2.224331334946208 -0.3146470753680215 4.827212544669198
2.1175723909674833 1.2155681978995698 2.740765176636698 0.32853999973509884 4.362815199311512
-2.2401138537721805 -1.3189437066861602 -2.9946782511301575 -1.271394661580876 2.7754972027297455
-1.146181838519201 -1.321437621356671 -0.18196933994368347 -2.9598200338529255 1.6699669158816388
2.597901588778532 -0.09626490700855728 -2.9275447835815305 -2.918186137431249 1.9022926114677452
2.488636734123798 -1.3355764265602126 0.5981011374396625 -0.6631583733127702 2.039991144275606
-1.170609391989501 1.6300637777822793 -1.4329535300134406 -0.36111688870356096 3.4548853622419484
-2.641699448234227 2.9904925943553335 -1.2623490087545295 -2.0114412026447575 2.2659578280180237
0.8020534651298923 1.7650618211025435 2.425785148806688 -1.4591733322609528 3.675204868284295
-2.429751113900232 -0.2537137830414622 -1.7556342765977533 -1.006264673026816 3.014095428125737
1.2171336486144586 -2.124071518191528 -1.6549768057797878 -1.7120596653856204 1.1201240624259556
-0.8191547928566063 2.6680834658596186 -2.319647683190479 0.27644926241864853 1.8398009397628001
0.5224044800097656 2.7170419890752076 -1.203024954461719 -1.1476188650348815 4.854259182722185
0.34059730472949035 -2.8463047609310657 -1.8265048512917477 -2.3972517247898404 2.559381402489157
-2.6051949456925616 1.6395625095681003 1.1179799218696402 -1.1978567966320757 4.980917564679249
1.9623240117416962 2.245578141983666 -1.836970913277427 -0.017677374194184026 3.6629639810116155
-2.780776492243816 -1.5618986896621063 1.6466877302305534 -1.8767183339090314 4.110113785266121
-1.074402529650348 1.737211699371139 1.4818405403115236 -0.4479069616885032 4.10088441025689
1.10690626159741 1.3090413711436355 -1.3048059877177391 0.28287634039701137 0.1594431072175262
-2.8504535465213134 -0.28656319790361806 0.5958884494321048 -0.8591722502391428 2.0795008405101347
-2.909409636955633 1.6955305413936905 -1.8091418497642966 -0.24991038622853345 4.68559259918568
0.9966101694915255 1.0 1.0 0.9966101694915255 0.9559322033898305 0.9864406779661017 1.0 0.9966101694915255 0.9966101694915255 1.0 1.0 0.9966101694915255 0.9966101694915255 0.9932203389830508 0.9593220338983052 0.9966101694915255 0.9966101694915255 1.0 0.9864406779661017 1.0 0.9966101694915255 0.9966101694915255 1.0 1.0 0.993220338983051 1.0 1.0 0.9966101694915255 1.0 1.0 0.9966101694915255 0.9966101694915255 0.9966101694915255 0.9966101694915255 0.9966101694915255 0.9966101694915255 0.9932203389830508 0.9966101694915255 1.0 0.9932203389830508 0.9966101694915255 1.0 0.9932203389830508 1.0 1.0 0.9898305084745763 1.0 1.0 1.0 0.9627118644067797 0.9966101694915255 1.0 1.0 0.9932203389830508 0.9932203389830508 1.0 1.0 1.0 1.0 0.9932203389830508 0.9966101694915255 1.0 0.9966101694915255 0.9966101694915255 0.9898305084745763 1.0 0.9966101694915255 0.7694915254237288 1.0 1.0 0.9966101694915255 0.9932203389830508 0.9932203389830508 0.9864406779661017 1.0 0.9932203389830508 1.0 0.9966101694915255 1.0 0.9661016949152543 0.9966101694915255 0.9898305084745763 0.9966101694915255 0.9898305084745763 0.9966101694915255 0.9966101694915255 1.0 0.9966101694915255 0.9966101694915255 0.9898305084745763 0.9966101694915255 0.9966101694915255 0.9796610169491525 1.0 0.9932203389830508 0.9966101694915255 1.0 1.0 1.0 0.9966101694915255
0.010000000000000004 0.010000000000000004 0.010000000000000004 0.010000000000000004 0.010000000000000004 0.010000000000000004 0.010000000000000004 0.010000000000000004 0.010000000000000004 0.010000000000000004 0.010000000000000004 0.010000000000000004 0.010000000000000004 0.010000000000000004 0.010000000000000004 0.010000000000000004 0.010000000000000004 0.010000000000000004 0.010000000000000004 0.010000000000000004 0.010000000000000004 0.010000000000000004 0.010000000000000004 0.010000000000000004 0.010000000000000004 0.010000000000000004 0.010000000000000004 0.010000000000000004 0.010000000000000004 0.010000000000000004 0.010000000000000004 0.010000000000000004 0.010000000000000004 0.010000000000000004 0.010000000000000004 0.010000000000000004 0.010000000000000004 0.010000000000000004 0.010000000000000004 0.010000000000000004 0.010000000000000004 0.010000000000000004 0.010000000000000004 0.010000000000000004 0.010000000000000004 0.010000000000000004 0.010000000000000004 0.010000000000000004 0.010000000000000004 0.010000000000000004 0.010000000000000004 0.010000000000000004 0.010000000000000004 0.010000000000000004 0.010000000000000004 0.010000000000000004 0.010000000000000004 0.010000000000000004 0.010000000000000004 0.010000000000000004 0.010000000000000004 0.010000000000000004 0.010000000000000004 0.010000000000000004 0.010000000000000004 0.010000000000000004 0.010000000000000004 0.010000000000000004 0.010000000000000004 0.010000000000000004 0.010000000000000004 0.010000000000000004 0.010000000000000004 0.010000000000000004 0.010000000000000004 0.010000000000000004 0.010000000000000004 0.010000000000000004 0.010000000000000004 0.010000000000000004 0.010000000000000004 0.010000000000000004 0.010000000000000004 0.010000000000000004 0.010000000000000004 0.010000000000000004 0.010000000000000004 0.010000000000000004 0.010000000000000004 0.010000000000000004 0.010000000000000004 0.010000000000000004 0.010000000000000004 0.010000000000000004 0.010000000000000004 0.010000000000000004 0.010000000000000004 0.010000000000000004 0.010000000000000004 0.010000000000000004
-----
100
100
1.5
-0.1904878511769581 -0.29973820663677586 -0.9965295411411088 -2.4410907373575927 0.5140688585180864
2.317743661731979 0.5181266083197629 -0.3725409868442592 -2.0447834490478174 4.102833029639417
1.2523504026320573 -1.7126722804975625 1.301119695633226 -0.6030570788297802 4.675643060804793
0.18304814685551501 1.4284296662899114 1.2065838777274052 -1.2886782995036217 0.971588666439591
0.7676415025740247 -0.2061124940581167 0.642521725956744 -2.7226911455421376 1.2027430044921807
-0.82406847733063 -1.9347031968149175 -1.2661763345595807 -2.4470904147490047 1.6969327331981021
-2.3643591844470486 2.232576129147248 0.07322195469978876 -1.7439965648335352 3.926254361172902
1.6233867451935264 1.8463801507841664 -2.0164063692846743 -0.31987359700291407 2.556948604643785
-0.30808081432287615 -1.5539255851369145 -1.1176685638351154 -0.2884192734228165 4.32888655679113
-2.8142565151246464 0.1448936866221029 0.373694032491563 -0.3286223333982903 2.1522317989950643
-1.2604713799565648 1.0990267087933852 1.5056368742197543 -2.459835055026974 3.0195351302306226
2.345701467158457 -0.7216070421078928 2.2957524270898424 -2.697926631314924 3.435352388706513
0.6623009650503764 0.11543364869667228 -0.3034988598868947 -2.1538174124984817 0.6927141007175646
-0.6357465482517441 0.27095039410941135 2.931271452309032 -1.4801955922875094 2.8931070229998843
-0.42883820043256793 1.5849213047055424 -0.5401011978463126 0.4868904402241976 3.2351719106700307
2.210778493039779 1.439217318954739 -1.0692615840279387 -2.671837438957707 1.0481993159053313
-2.0176018872977046 1.6481874088749966 -2.234485756266913 -1.8236558934765226 4.991195077309665
-0.5590606725803773 1.781614773104699 1.1851769360915254 -1.4552719221079284 3.0937938264639255
0.42499632010760147 0.002893858801699345 0.42892676247971706 -2.1609736491847085 3.530672526296856
-2.2122550549336 -2.729051255342962 1.812097612142681 -1.511948521857204 1.5844281254921453
1.6172240921977616 0.20500548694549225 1.4766485530275957 -0.8387832448741477 2.5514968302354717
0.06949676893448112 -0.7201737179380379 1.829941205644971 -2.1933860779224816 1.3320812295181423
-2.4441194650788374 2.906573329229609 0.5579478164671073 -1.464253468561456 1.0077643971630899
0.6506089416334833 -2.951611045549038 -0.6617012924058937 -1.994378089710464 4.722094855608135
2.718294538131312 -0.1786366723403483 -0.07028112988259054 -0.5524063488288484 2.8065529239750595
-0.9110931290282589 -2.3639920336507143 1.7099112528570242 -0.12849562400238967 0.4086460601537423
2.058763825725201 -2.4865273414963616 -2.7758259420523688 -0.22651261907857223 3.0034224228949498
0.06342533558215102 -0.511070479688116 -0.28208627693877864 -1.6931446595784796 3.7561572411119877
1.774295811562253 2.630474820278596 1.8486920767634336 -0.16107746383044197 2.539096889005152
-1.9961557236639473 2.665111922312629 2.8144437273279816 -0.5347163709188489 2.0023878683816783
1.8321653756376213 1.3081305048559002 -2.0386860959189437 -0.42351450316870143 1.4751494693163094
-2.0198624713985533 -0.3721668462894965 2.7949878842602387 -0.7860038762636472 1.5123506064434813
1.0161440667275443 1.7464064770722443 2.7535201336367265 -2.010032749391786 2.801274964816068
2.7962495562556127 -2.9240100364568873 1.6744376646991903 -0.1667231633229881 0.7133455859907691
-1.176572716153141 0.043764760231596 -2.7669597116418156 -1.9025814840086444 0.7108142935150488
2.6889553217227764 -0.890545818257493 0.8928745016855375 -1.6792749206193613 3.7218696764762926
-2.06931639976253 2.5220683620819813 1.5516948334502991 -1.2655922944149771 3.004802978210402
2.7154588825580492 1.4777672863851292 2.7029477774968975 -0.9812024992685487 1.2564083687248053
-0.10013895312403387 2.8022548490837518 -0.8706287805083313 -1.3628136878432868 4.8744910833163155
-2.561250559675891 2.6656347010204082 -1.7924874446937968 0.1482700356678663 2.834808666006426
-1.3534693072052666 -0.2679880479261787 1.5477417501691189 0.26617381386474026 3.959273142246059
2.0750597839322267 -0.6657340855861267 -1.153755218857695 -1.6932528693183013 1.8652183022998285
0.6125497092928018 1.6243312599754394 -0.46673211800288184 -2.3520504546326952 3.4308410071243376
2.059919484392328 1.0100609864809063 -2.4565734089112823 -0.43322162413343634 2.193240478078353
0.155658051823503 2.8930506509750678 2.592018525452324 -0.4779890837140492 4.253622614165307
1.332903025434783 1.4474631462546432 -0.07203214787069134 -1.9222797169564454 3.716589554546748
-0.7341483892932976 1.8892399350416866 1.5835434562940214 -2.9677604722437585 3.54239079627867
1.1646005008275133 -2.7099867427802966 0.6933118761781816 -1.029027942562592 2.8797404282791246
-2.585509776911085 -1.279573818562773 1.2656479870937498 -2.1008945827816703 3.346041959328971
-2.499009576382716 1.7067295292914881 0.7194338644922285 -0.9508723114806266 4.405304727508489
-0.4674044489936564 2.9695194342118643 0.5027828997960795 -1.1922416192513938 4.875164688410346
-2.433629410936611 2.6066952196766158 1.5784966477933389 -1.1778829908926391 4.3298326190103715
-0.9553429603811296 -1.3938283479539129 0.4856747934077694 -2.8035458304653322 1.0360283653362696
0.26064711339580726 -2.073057041889516 -1.9627152529946712 -0.6559721030682294 1.0486924589527455
0.3602759611680333 2.317296578062919 -0.0038310301014812254 -2.520246867923376 3.8486695918211433
-0.1445468246307787 0.24478869861438857 -0.8941115874636005 -1.0033558413305874 1.4813997184254946
-0.8775558910210566 2.158102067750169 1.6270705872164255 -2.2866489713856195 4.872009229375192
2.1147492433433053 1.187258528750136 2.1882754027665516 -1.0796957768514335 3.427183490352329
-1.1708046600943822 -0.6352387661504624 -2.5610546327785335 -2.2653942349025327 4.5012569434984915
0.009387065753677426 0.36507966277852644 0.803333087132402 -1.4954113743632296 2.770413497772838
2.1537967830474156 1.6102781380165996 -2.248442442589889 -2.5262137210051727 3.566352250940658
1.124771608354656 2.365746392210074 1.0344572364451083 -2.9596873741324723 4.441413122236957
-0.049865554712219595 0.6433550906824761 0.7852667581431674 -1.6804327798247343 2.0793772678388733
1.38692596093758 -1.1329800642520067 -2.399234926723307 -0.9452400724790965 3.4140790818472695
-0.024114569933683327 1.6986068226121742 -0.7449722576245594 -1.7461616239245266 3.789179163695062
2.251602428876442 -0.09754646477336432 -2.584253467021522 -1.3712203195714776 4.980351630278568
-0.5714749893157907 -0.6011892792276352 -0.5996271053360953 -1.0425738316086919 3.9342144889950945
1.4463585461660429 -2.4726111553156014 2.0754091182452505 -1.8941593095867582 4.779779757617232
0.5787365026812297 -0.375471182882519 1.3337008349182637 -1.7370944784058895 4.666348692787067
1.8343966340303948 1.6412105279118774 -2.4771438642113215 -1.3770511739410196 2.9689330265596987
2.328027515210572 -1.8726865061886857 2.567647567493152 -2.3001969007419563 3.006529462886829
1.422208749450307 2.138074144345488 1.5968714441046903 -0.25077883900525133 1.7462533567816716
1.9582724275257979 -1.8128456885462876 -1.0531424154311422 -0.9644736763267127 4.681248414104871
0.8910545718629321 -1.6955357082933065 -2.140469161404583 -1.1924837766515997 2.4542306319582337
-2.34740298250071 0.4372639641884055 0.608485803609946 -1.8773992706816862 1.8052807999871574
-0.39349776705040174 1.1089787708718197 -2.940486142381358 0.1270115874805533 3.9128106125736686
2.7352509661940854 -1.116057991620977 0.5198997264382825 -2.8518447000878897 3.0468874159990857
1.3759314141291126 -0.6653447504713128 -1.0469741968383965 -0.5065380068720338 2.046536982945999
0.3952993151986435 0.24087837130591028 0.7796250374990289 -0.8436313769370125 0.12610803487263667
1.0475784078215185 -0.20316960339605333 1.2891641207209137 -1.1524817291059986 4.612378289579238
-2.3733765475077027 2.1111677291119126 0.09516842369096146 -0.1184421126898989 4.797097989253075
-2.22301936651497 -1.3940413880010043 -2.5790323390318153 -2.9432942625427163 0.9307208847809542
2.1628767308921217 -0.6478994272681835 0.06982539374034866 -1.4430679948348326 2.389140045612087
-0.06642192837465055 -2.2861252508577725 -0.9199624446455152 -1.3150302966088296 2.856631635707414
-0.8952215130445353 -0.38128614910943526 2.724669207477084 0.2176167724613649 1.2650479406012969
0.710062595297952 0.3949615674921034 -0.541271500900044 -1.9929107783509568 3.494497827078415
1.7973079762183792 -0.6772383405428715 2.0971343085196246 -1.4948249054520033 3.214218554816538
2.3024718893403 1.15837201363335 0.6057334779918622 -1.2389113615433587 3.1959997850164292
-0.6473389403084635 -2.306910650111752 0.6886604993831886 0.005602993319670679 0.6577198108701245
-1.7651479904500644 -2.494493408743521 2.1895564664767226 0.36585026099847995 3.871083170562833
2.2617808244846707 0.9681174786972364 -0.3191252925231556 -0.8693927439683771 0.3446830170024109
2.4129957664478456 -1.9407249845557382 1.2409556919124416 -2.838023596782 2.2906040408228723
-1.0898662258052685 2.8149635191918145 -1.7182416914399887 -2.529547911521894 2.4902628346381372
1.400753473792001 -0.4439303462457844 -2.671952355899896 -1.7283372260234802 0.9614135174823686
0.4517197227717036 -2.2782055705857647 -0.699202795545266 -2.049053321819144 2.531590136417389
-0.016012037153967373 -2.0873777217822376 2.658518430422985 -2.012374398544336 4.821843366668114
-2.758050412585573 -0.23405035367795923 -1.706845319061708 -0.7305724040360513 1.3343610547612983
-2.561817062424817 -0.8547351851666067 1.7760500317159345 0.09201050948297407 1.2708802290505723
1.6879843752837798 1.75858251647517 1.8532096200861625 0.3480092828944259 3.5859968815710515
1.2725511902187803 -0.905974532317463 -0.16665078320924986 -2.3908135901150747 4.0328149265228195
0.9966101694915255 0.993220338983051 0.9966101694915255 1.0 1.0 0.9932203389830508 1.0 0.9932203389830508 0.9864406779661018 1.0 1.0 0.9966101694915255 0.9966101694915255 1.0 0.9966101694915255 0.9966101694915255 0.9966101694915255 1.0 0.9966101694915255 0.9966101694915255 0.9966101694915255 1.0 1.0 0.9932203389830508 0.9966101694915255 1.0 0.5593220338983051 0.993220338983051 1.0 1.0 0.9932203389830508 1.0 1.0 1.0 0.9966101694915255 0.9966101694915255 1.0 1.0 0.9966101694915255 1.0 0.9966101694915255 0.9932203389830508 0.9966101694915255 0.9898305084745763 1.0 0.9966101694915255 1.0 0.9966101694915255 1.0 1.0 1.0 1.0 0.9966101694915255 0.9864406779661017 0.9966101694915255 0.9966101694915255 0.9966101694915255 0.9966101694915255 0.9932203389830508 0.9966101694915255 0.9966101694915255 0.9966101694915255 1.0 0.9627118644067797 0.9966101694915255 0.9627118644067797 0.993220338983051 0.9966101694915255 0.9966101694915255 0.9932203389830508 0.9966101694915255 1.0 0.9864406779661017 0.9694915254237289 1.0 0.9932203389830508 0.9966101694915255 0.9932203389830508 1.0 0.9966101694915255 1.0 0.9898305084745763 0.9966101694915255 0.9932203389830508 1.0 0.9966101694915255 0.9966101694915255 0.9966101694915255 1.0 0.9966101694915255 1.0 1.0 1.0 0.9932203389830508 0.9932203389830508 1.0 0.9966101694915255 1.0 0.9966101694915255 0.9966101694915255
0.010358396745337017 0.007357467066313456 0.009914814400521312 0.008085865175568835 0.009654926249319937 0.008792580397793464 0.00766914139861349 0.009312324859888945 0.008081975857164459 0.00823612140221261 0.007382995238789923 0.012612455033775005 0.009211759027562164 0.0076890597595485 0.008519323384990368 0.013905266529406357 0.010938280207351332 0.005768620855470533 0.005835210985348822 0.013289103569517699 0.0067913835543530485 0.009270267148046041 0.01176172152523788 0.011894624731316925 0.008105737380559877 0.019775269978934588 0.015210834393894994 0.005492118102855365 0.010051473970650418 0.011699005316205631 0.010583349022201573 0.010640415716990113 0.008978358434648974 0.030140429186482923 0.012040305019806297 0.008197492981837135 0.007708743578199225 0.014155826799864815 0.008725798922666034 0.012491744705813308 0.00904156938039012 0.008051681661741441 0.006629598278983745 0.010367233457996436 0.009993160817704096 0.006255392540355999 0.010346361542527004 0.009308611608917713 0.008521029578859281 0.007751526096799012 0.008668325364621088 0.009565096282682891 0.010743487126281879 0.012263236182616908 0.0079808148696484 0.006608096738721041 0.010325695009155266 0.0076204412956234245 0.009810941720135713 0.005271851003314755 0.010877547599851727 0.012319013490064895 0.005799802956185617 0.008231910040676568 0.005911545029102945 0.011580265072864068 0.005663036585995046 0.015099276424145092 0.007304588793332969 0.009089919268443875 0.014234830698607936 0.009476786696373899 0.009600898748533948 0.008154097061119935 0.007084077619072553 0.011011191325760634 0.010918394860103394 0.007586634234088962 0.010932125806730367 0.00696302774124156 0.010262658930475817 0.015836611759495023 0.007086401542586988 0.007244199272875148 0.014231585377348822 0.005610202269117485 0.007921316975636916 0.0067003424193209545 0.016333125410737347 0.01588563076997159 0.012831986041616165 0.01342725346795334 0.010320099624489496 0.011852874886894507 0.007676473547599139 0.015206998765233078 0.010494667521659748 0.014163685241155285 0.010331420768920551 0.0072887561824811
-----
100
13669
0.8
1.6803759736234118 -2.318269563897468 -2.801774419161741 -1.490815293825341 4.297261098573016
-0.2067329102509462 -2.321918572144504 -2.9624881290304272 -0.876251071927252 4.641850859200542
2.6117902861444704 -2.788932159680445 -2.4076559089440956 -2.020622059062534 4.7381678425592275
2.521634752662208 -1.3043814614731835 -2.7952424406138583 0.3052767435086602 3.696678225225584
2.7008715300914603 -2.449589261146488 -2.4142490604535944 -1.2937593499658206 3.9872764304785617
1.6303756713718434 -2.891517012087127 -2.8318489840677876 -1.730998884693321 3.8709733059388514
2.2759307543915295 -1.884694306933932 -2.835269039409028 -0.044092037733975964 3.3120661198739714
2.661741072051636 -2.2261646834716506 -2.7205020769376578 -1.305381997304717 4.808852099922486
2.0725752820450407 -2.5378038604448045 -2.376947179874972 -2.792040025409679 4.416157480795633
2.2057205807541433 -0.6876517116652671 -2.8030924714499754 0.03495559150073935 3.0457723708963185
1.5234735079963815 -2.5963206954912437 -2.889735161447375 -0.9908584061647767 4.153109862552958
2.7738785249281306 -0.9246229446894689 -2.5867929458141563 -0.8219277398770382 4.885753430032999
2.7375952731797195 -2.0012607191709555 -2.4490785336558556 -0.3387240674675428 2.834508087016811
1.652824636275713 -1.5482477698357473 -2.90930013636248 -0.8166940234610691 2.1146621861585944
2.791716434411593 -1.0968565543004338 -2.6278674151448578 -0.6240132698009431 3.8823460775961456
2.188721961712731 -2.0967010761948535 -2.703233958772577 -1.6142433734354964 2.8777722575641214
1.9995603736948198 -2.8816635294954716 -2.871887421406024 -1.1495561669433743 3.1272527630733213
1.4986921053140223 -2.3828146449883314 -2.402650418840638 -0.47011857823195513 4.303589626149714
-0.33382657511813507 -2.6917068732084677 -2.527976702692449 -2.973166472382288 4.220004625650854
2.666721176501529 -1.1064382985206969 -2.5845307823226187 -0.4153129908374147 2.151172221175634
2.4588448983401303 -1.4640935403342508 -2.4946863123957153 0.32844297314218296 3.6928020310401006
1.402200308958251 -2.6159544805861805 -2.384020893620774 -1.84456142704662 3.698354661480389
2.322813741225987 -2.5755548159822292 -2.901431790225988 -2.780796317903061 2.651789094845234
2.7566520128971606 -0.7076382782363683 -2.676802250336819 -0.5571309423288037 2.4207240766047127
0.5422485059224369 -2.652545429752075 -2.5591401899819375 -1.6451816371158792 3.6245297001940973
-0.6831845430728736 -2.8334557156369877 -2.953012330242485 -1.487178180874297 2.9044616109257846
0.8132741032792739 -2.759917188193808 -2.584557006145704 -1.5178692283415267 2.68439517095133
1.7589199654797496 -1.7268832795365485 -2.938793700682922 -0.3148024682167841 1.5053870743288953
-1.7349254773611849 -2.6183015891384436 -2.817995174562734 -1.187757359189451 4.184265072794464
1.9519855546983909 -1.9819143399518904 -2.3237691971201206 -1.6033583537828218 4.0538106430204035
1.6691520454783384 -2.826979274542187 -2.61272200418963 -2.518724204469555 4.847661752759894
2.7261479960657855 -1.897398867855715 -2.812290401037342 -0.6346917484925398 3.2998691770599993
1.6175359847048298 -0.977123785093654 -2.4382624468049583 0.05236636792707361 4.46742101598371
1.7818202049202916 -2.3784688476899882 -2.6708843863850604 -1.8049939401854793 4.194346661789151
0.26829282844962643 -2.7117551583460164 -2.88388156722407 -0.2594533958572969 1.455354771471804
2.995104132250548 -0.39572493935665476 -2.927509062426122 0.26043313019618364 2.6689104035489755
1.2802306774742847 -1.337591777114656 -2.9443593295216433 -0.5614149182377861 3.26437281491389
2.070419061511278 -0.5006833891703582 -2.445494264656577 0.3081528112414431 4.428612048449296
2.759640547516336 0.6154593442688765 -2.7141975760318315 -0.06848727314194791 4.7286295599033075
0.765129793608536 -0.8100855653232746 -2.7682486129804693 0.49930112731255416 3.93112939546649
2.7701742579894075 -1.1561935516592583 -2.5552999117982287 -0.9630743007005022 3.338788990664538
2.591345278601587 -1.7734058964501267 -2.5522009025203376 -2.187333189691498 3.438743659704386
-0.4140137493978986 -2.455682113089463 -2.929909270003866 -1.0828328828679852 4.143579823799224
0.9006801962636614 -2.3563992659728905 -2.809362636421099 -0.6082064248600847 1.7748943122190879
0.17030155533149705 -2.0613003146656985 -2.3071503166050693 0.3035778769211399 4.796741543551276
-0.01507916794694375 -2.5902975948077938 -2.6130546958796095 -0.9901391259602316 3.0697395370705625
2.614222494988188 -2.835230890247545 -2.7918934998551492 -1.5815817455103494 1.6102856605876164
-0.14270339416763522 -2.7225854043685462 -2.8398425146752757 -1.7554288470790596 3.561179802865002
2.6429469718634766 -2.1591621928846383 -2.545374973288502 -1.414188175573849 3.768593763222167
2.1994158144838813 -2.0665715733443615 -2.836902193726266 -0.04373006912001032 1.7501758037795931
1.6919571093387278 -0.8813814749717406 -2.7370165102851285 -0.17164815307044673 3.0869479614214406
-0.9894132990334561 -2.763606825513386 -2.99190615301635 -1.4188036882667123 2.7465128668076417
1.7946459165264768 -2.470458877964256 -2.784539755941187 -0.8878098653588903 3.7193950278053443
0.6296700037435355 -1.2717875296030843 -2.7610056252022313 0.2695921411412513 4.633907411026828
2.3457437624871957 -2.7173733735847807 -2.37124146706861 -0.9034434162605647 3.344801438818262
1.6225602535965753 -2.277516097577107 -2.966128129669057 -0.6110690223219976 1.9525201093705098
1.4357020939280887 -2.4471970860321375 -2.6017360209587963 -1.4409742493367905 3.805643092237867
0.06407366658845204 -2.495166416455901 -2.7700952219399553 -0.9066776687600209 4.6148149101835285
2.4652219431030096 -0.5085188507700522 -2.6430665849791297 -0.712125638340237 4.0642727392585565
0.7926184156715381 -1.1995512571826588 -2.707218227474973 -0.03480661107762906 4.3584736453715935
-0.003401771762672201 -2.4527087319363488 -2.5111740988080338 -0.005364513559023676 4.537756731679756
1.5474726307256048 -2.5803755510873523 -2.816116285883677 -1.819905218653095 4.951591070271671
2.9446829691324776 -2.5455447730697744 -2.640362153646496 -1.1973158779861908 4.970776109738081
1.8582080574628055 -2.5130605362234366 -2.9215646981377263 -2.8061344283297256 3.0890997859275626
1.8985664469045878 -0.4672893071519941 -2.972390738615921 0.01709985150756904 4.502624133009091
2.0922507175883522 -2.64484435237795 -2.5319273415763517 -0.831953516547606 4.229608511895249
2.3213736611499143 -2.4270038382878205 -2.6320079193549457 -1.9066866103723985 2.085196224265987
1.9630848330690047 -1.915268648275553 -2.8277041422352744 -1.3659706663466384 3.0750074202233693
1.2948315518979565 -1.4153639057025325 -2.6949983951056264 0.3866632593227489 4.605515436405515
1.88602063710593 -2.4963572873602513 -2.4190774992799167 0.18744955471607883 4.724018217724014
2.023831346474856 -0.8001027553085052 -2.8050065961235093 -0.08347430806158548 3.183669246046313
1.07424724664317 -1.4415171541717946 -2.730234288521425 -0.06659054992677305 3.367826800399517
0.8413005268641852 -1.2256852317117324 -2.6936925763854482 -0.04342536944495745 4.438655732093233
1.9827765374242428 -2.7211189468618886 -2.7565904034241226 -0.39168962443557453 2.3234833602394174
2.73379998028645 -1.1517557110482488 -2.907768755901521 -0.33678258811713524 3.1341145748967403
2.951876519374383 -1.2306982799349948 -2.665746614118466 0.26081062489346507 4.2278173529785175
1.6012048293330934 -2.250289382593497 -2.5890220674320124 -1.936844961547382 4.007118571144679
-0.05451237560683242 -2.278894164911676 -2.210251641680592 0.0015497301025866328 4.520138094325144
2.103507927047651 -1.4167205169866588 -2.9801247850117134 0.1886782464508158 3.100167685128568
1.7999998981627585 -2.58066508323384 -2.737564486540172 -0.8235649156749204 1.8622512635325392
0.43925497085173326 -2.4522211534027383 -2.7368041469081623 -2.0944834233235343 4.2078503028654435
0.6088584084033268 -2.4852598818149754 -2.430765832127101 -1.3232343597047043 4.314621643476084
2.2479660044320253 -2.3070303478956298 -2.906135538015887 0.11197016832262618 2.5802238564254703
1.7687359213552916 -1.1580598350634812 -2.664919902242361 -0.5026232157222803 3.06961703494089
1.7142360979489533 -2.653318387203498 -2.4302985389163867 -1.1604713942292293 3.236320272915814
2.7848949234480824 -0.7137271961096918 -2.928876530191971 -1.5531311025836225 4.596698075834343
2.963442406988267 -1.0458475610376654 -2.5239591478804506 -1.9766331640457557 4.962852373974178
0.12309276586005025 -2.563114823904225 -2.604644691741123 -0.49907301944039983 4.162831431589265
-1.8201415731479786 -2.8525657683338634 -2.5609942186467785 -2.1226755556787618 4.060608176251433
-0.8548993547405483 -2.937314539897681 -2.615381801296601 -1.0446439178858395 4.723342646802662
-0.7276058736678497 -2.443168840678886 -2.830274973995519 -0.4472262029620227 3.6934857374552768
2.762203363858191 0.08738880934431048 -2.765316019090199 0.10231375189285974 3.1863340170183725
-0.06380209836734407 -2.923091686894645 -2.3624596879815014 -1.126636564977202 4.58609942832648
1.2110459163230527 -1.2855769251930715 -2.9017788649048946 -0.2676953894225873 2.68059987638091
1.9940167431293934 -2.998869105418101 -2.853204373769572 -0.961410869848355 1.6550803317355172
2.550530778425645 -0.49329413131872935 -2.9080280711089435 -0.022633865893355365 2.7155999659184977
2.1934062116286297 -2.1376389746609927 -2.332534025319279 -2.275055580606308 4.997203478034103
1.0348362765859762 -1.3340326768156208 -2.7846772764093823 0.4340791035199649 4.125005209776166
2.57251957320699 -2.2627482144098243 -2.5106630354999018 -0.9026222994868195 4.174541561848395
1.8178608558104157 -1.5095087949357708 -2.862414275066896 -1.2077125459629865 2.8736594132796616
0.3627118644067797 0.5389830508474576 0.5254237288135594 0.6677966101694915 0.6203389830508474 0.21016949152542375 0.6610169491525424 0.6033898305084746 0.7016949152542373 0.5728813559322035 0.46440677966101696 0.49830508474576274 0.7016949152542373 0.7864406779661017 0.511864406779661 0.6101694915254237 0.5661016949152542 0.6067796610169491 0.7423728813559322 0.7762711864406779 0.5559322033898306 0.7288135593220338 0.6169491525423729 0.752542372881356 0.7694915254237288 0.7152542372881355 0.7932203389830509 0.6745762711864407 0.7932203389830509 0.7932203389830509 0.5152542372881356 0.6203389830508476 0.7084745762711865 0.4610169491525424 0.6949152542372882 0.6067796610169491 0.6847457627118645 0.6745762711864407 0.7457627118644068 0.7423728813559323 0.6745762711864407 0.7966101694915254 0.6271186440677966 0.7186440677966102 0.6847457627118644 0.7457627118644068 0.6542372881355933 0.6779661016949152 0.5254237288135593 0.5593220338983051 0.7694915254237288 0.7423728813559322 0.48135593220338985 0.6305084745762712 0.7016949152542373 0.511864406779661 0.5186440677966102 0.5694915254237288 0.7491525423728814 0.7593220338983051 0.5220338983050847 0.3118644067796611 0.6508474576271187 0.7186440677966102 0.48813559322033906 0.4474576271186441 0.7457627118644068 0.6101694915254238 0.4711864406779661 0.5084745762711864 0.6135593220338983 0.664406779661017 0.7186440677966102 0.4813559322033899 0.6305084745762712 0.6271186440677966 0.688135593220339 0.7966101694915254 0.7254237288135593 0.6406779661016949 0.7491525423728813 0.7525423728813558 0.6576271186440678 0.7728813559322034 0.6711864406779662 0.6745762711864407 0.7932203389830509 0.4847457627118644 0.7118644067796611 0.6440677966101696 0.7016949152542373 0.6406779661016949 0.7559322033898305 0.752542372881356 0.5694915254237288 0.5118644067796609 0.7152542372881356 0.42711864406779665 0.48813559322033906 0.7661016949152543
0.008848131143360156 0.011104692247825032 0.01276255787206162 0.012059331358463975 0.009042218619608739 0.009923601481596918 0.009841827002486323 0.011301087430954938 0.013441910820288965 0.008728510838053587 0.009359284186663075 0.010016407635134967 0.00869196825422945 0.0070269657542320575 0.008344411009740078 0.007574205264211671 0.00922222519678739 0.00895024082562406 0.015031656430757271 0.007897298302956978 0.011433065467737131 0.007792906207250653 0.014248487207911506 0.007601166379653966 0.007854149395702597 0.009884007305585089 0.007563569540777093 0.009061293761308072 0.013997074915990436 0.007100765869071063 0.014629466330390422 0.008831924254120814 0.009626173121331724 0.008900775110354309 0.010849628975232404 0.012058072253138367 0.0070105232867185025 0.011520700787494072 0.013173365866593583 0.011312147967548732 0.007173416054039997 0.008607468923984613 0.01005886143891163 0.008203020450179913 0.013863954777710923 0.007750712672732881 0.011595417629829205 0.009297277030218645 0.008390934517698932 0.01047567747120638 0.007359220124328047 0.010265205718366798 0.008426093644576053 0.012291593153303427 0.008339114852762437 0.008575945173029039 0.007661725392458437 0.010395617736422289 0.007603291091477834 0.009368844418498869 0.012612952318453134 0.011781440822760732 0.013532764499327396 0.01314128500101765 0.011013344117406362 0.009451232357890027 0.009103940275942333 0.007169362968381394 0.013296379178564298 0.014593367960695257 0.008130002436106168 0.007990085313507492 0.009529313159348175 0.009492646419237964 0.008876064062717803 0.014099590305427673 0.008191656124719301 0.011237525279724613 0.010341534518806216 0.008554768934859625 0.009528796632892987 0.008011832631429662 0.011267501355842615 0.006628176085436909 0.0073990685457479164 0.009525196651649722 0.010857239078513457 0.009774379439401154 0.014752983666365831 0.013462378541306072 0.010750034170678161 0.010190434791259554 0.010241936999325919 0.0073598509379163984 0.010450189309449616 0.00922130516881832 0.011351736677225544 0.012018405877489514 0.009162729345039346 0.0065853800886336794
