4
100 100 100
463 2581 6848
0.8 0.4 0.2
-----
100
463
0.8
-4.715565885614623 -5.31446522489947 -1.4387940635009522 0.6120693377418529
-1.1469347259519758 -4.718914288326058 1.1825755364676436 1.12110504879116
-3.2734319598161994 -4.781290479491761 0.5240459557817836 3.3490888332555646
-1.4185131062303409 -3.7474676159264915 1.1406128308423806 3.5139927113467095
-1.619551955866756 -2.5934886270093163 -0.3358653014212134 2.7714328441188183
-1.4516173307538995 -2.3983858659212163 -3.314911260974171 4.040967542573971
-2.880459245410909 -5.489163736732493 -0.09602569023843621 2.1939723946116327
-5.20695974973622 -1.9820933785331114 -3.4074222994364387 4.113977620920809
-2.9125995498701043 -2.3680075479425087 -2.0094699787133923 4.4365651335229845
-2.308290111381581 -2.163951033483576 -3.5965110494922854 0.4172952772343419
-4.758688817973235 -4.556490960095731 -3.4558159828079873 0.49336630753678556
-1.314111083839883 -2.1915767642934703 -1.0402590991756488 3.0666792616926095
-4.528634314579459 -3.7626805453608476 -4.222812213805447 4.052539542454686
-4.687455995336684 -4.818326746314506 -1.3451736253951316 1.5543465147625735
-5.654395034781757 -4.38836601881583 -4.279076830251775 3.753015261122906
-3.463566565352136 -2.7097314939718338 -4.657252469368906 3.4099507779298466
-4.691191311667465 -3.3498406065827058 -2.747227328615141 2.831408997171306
-1.5338411878488554 -3.2203199279519636 0.6938342215124509 4.050099140121733
-2.1245741421727984 -4.124081047105552 0.6841809613485239 3.5210017284590336
-4.8293645269335395 -4.949489356880001 -1.9333409964972583 2.9354965730792673
-3.15805293299062 -4.819629094652619 -0.6860429689927274 2.8467233869996122
-0.8525189730394249 -2.7439353507560793 -0.08939472090692036 2.424696401235269
-0.9407645665839155 -2.6154834593763856 -3.653668751781659 4.975027023266762
-4.879204438340883 -3.7563932419307684 -3.806294534218172 0.24757646259240595
-5.960204202159104 -4.347001902886486 -3.522684196695656 4.897584304679051
-4.113439276471366 -2.016745750345798 -3.688403036188031 0.2111171347279528
-3.525083156058204 -5.169208284003164 1.4826480161732691 4.193018714155887
-0.3575766659924158 -2.110528609353216 0.9080719455885387 4.586008277920717
-4.451408735007336 -5.161044126653063 -0.9239089443743911 3.108957693215504
-2.8253595191760783 -2.605090813097688 -1.756535362252981 0.8863101928842543
-4.457306303822108 -5.671565635414471 -1.1262660054489122 1.6503339206125034
-3.6789034071423874 -3.634079335028682 -3.210723018180933 0.8720740059112198
-3.6642414441189795 -2.0231573772057976 -3.3419166604161323 4.687140038699659
-4.5856395988491165 -2.236742667672031 -4.731907433175499 3.485923501932362
-0.3167092432566516 -2.5864160258240227 0.5922026915662011 3.3344735772495215
-4.147641505895004 -3.0644681813899988 -2.939149569435005 4.329441465337363
-0.4733137047680209 -2.0565752429229276 -4.281222239555138 0.2722251934167119
-4.869635005732427 -4.9673234824009755 -2.736356935774109 3.4939706570511952
-5.90164808479002 -5.700670280764363 -1.3228496764520985 3.7367225723407884
-4.107479678171758 -3.2055011450205377 -1.235710700090495 3.1962049955644356
-2.814381812665285 -3.861822463370478 -0.11455752826533594 4.131261999655104
-3.5874597200905374 -3.0856086872461317 -4.3922455488507275 1.944816721361382
-4.8396814686192 -3.459611048414642 -2.0365826543962022 4.487648884777706
-3.1164775406426073 -2.918772547769817 -3.1646043219434445 1.632864608445459
-2.8823666228048306 -3.715118619589035 -2.2828846875102737 1.7094474273646687
-1.95195824751179 -2.50004718191851 -0.8684124144098462 3.1457672610883836
-4.192261766584268 -5.96331073540474 -0.8314384428136705 2.048722050824898
-4.258992204627584 -2.414201836883631 -3.952221050270364 1.5458056885193716
-4.277571633454446 -4.2249641524821175 -3.2173035343367697 1.6000789545089555
-0.48939034769857415 -3.362128412145036 0.05463867218850815 0.33612529041505135
-3.6101384370145913 -4.638785539726559 0.8028771292047594 4.341962837558917
-3.967451592874807 -2.786206857351233 -4.271587391148503 1.1789786510168099
-0.8645522727747315 -4.836535952179424 1.8657953384742854 1.0156149446509855
-1.567551877064857 -2.6687850640595374 -1.3908545984841156 1.133401571529935
-2.2174797226498852 -5.082274444586545 1.863844866531637 4.6756834664926075
-2.8232703146224174 -4.375181369769079 0.9355600557035686 4.142454970225869
-1.9274310125346794 -2.4361778471437634 -2.832368155697056 4.567822195416439
-5.038902480713981 -5.210130314320169 -0.1729498338791533 4.8106530224695625
-4.1744091415130296 -3.072799774297935 -0.3518744120862429 4.282976219293488
-4.466074870287942 -2.2484094810528736 -1.829011467062461 3.978355974703484
-5.2326267327343885 -3.4186699442705626 -3.5966443386179243 0.8312177436993551
-3.5748047716593536 -4.033127771159153 -0.834117017078265 4.360335687159431
-1.0789890208779616 -3.982510828054893 1.3961440980769488 2.884776864808958
-3.9240327495874667 -4.74183661166946 -1.520263599234728 2.588965120633272
-1.2084618044546023 -2.4062913509216433 0.037404175633030334 3.775678437907616
-0.9989741706388369 -2.5793411071770707 -0.5189503170660581 3.4443824510214704
-4.077638698977188 -2.7454524232908937 -1.0807781843570226 3.493127569363339
-2.4174756400041018 -1.9486198760007785 -2.331960069574995 3.0279972249478004
-2.5834899082896925 -2.286742384263589 -1.5695137279771965 4.56581278147406
-5.143552173256057 -4.530428174255115 -3.2889005354595326 2.8948910275549897
-5.342995676911988 -4.64569107698991 -1.696597475378257 4.136458935602546
-1.3705569418732662 -3.733257370888017 1.0249372164359265 2.845116676153846
-2.755040819987468 -2.887418364593028 -0.09976454608947627 3.7580173509417083
-5.382007646975164 -5.0665873211039605 -1.7234814800787843 2.9411131040919294
-1.506777171739289 -3.3358446478086905 -0.612051039349006 0.8124942272601565
-5.364618693532538 -5.790414911958287 -2.406271158384801 2.38809738645993
-2.953587173733997 -2.238322127548353 -3.4921420114784363 1.8161432860104698
-0.9173934954607432 -4.001805153787535 0.8253160715679506 3.7162377544488
-4.95104080513405 -4.643086638457904 -3.251676200229882 0.5387928559938704
-2.5562906979199873 -2.1842575011308987 -3.069503215865844 4.6453597278350545
-2.664983188195827 -2.7782306116741586 -4.365971247399754 0.7278462635185468
-4.3856776616887965 -5.191841072033481 -1.9470775129134674 2.896576577783981
-1.269452500435511 -1.9763708674971259 -2.9062706315022817 0.5365864793867492
-4.652599627064044 -2.99633668599366 -4.537270254283835 3.182192890123786
-5.153081460298408 -2.3559740256870545 -3.119356437200133 4.384427274311539
-2.6557224518258717 -2.895199922026994 -3.630218807492647 0.5416681691871228
-2.315084433543258 -2.6062931370377815 -3.2308767770747773 4.202761546193775
-5.482864648850818 -4.626875725338098 -4.15959121488566 0.4901851613910435
-0.46919607120661944 -2.085289574588209 -4.703918545912473 0.005210392103708328
-3.8839524275520736 -4.700235194349352 -0.4274603328059925 3.161646584853316
-5.23291947654376 -3.326250234032855 -4.579146898946792 3.525422005547566
-4.866526185100465 -2.214013678219304 -4.685583013357512 4.639698332230714
-4.893557958121535 -3.5652223834093224 -2.346176102970677 3.8062570249961714
-0.11781414817586455 -3.0196392990031735 -0.4047162319816442 0.00804260289233083
-2.6305731568209105 -2.1268458983783276 -4.673861422523912 0.11621010709335078
-4.006942256313365 -3.1944607482503553 -2.544795189590019 1.837673945040349
-5.779866344211589 -4.895212318975947 -3.1210134774410365 3.8873596630489837
-4.737074419487733 -3.7531920372275622 -4.275897014926118 1.8938683974615145
-0.9632952756774733 -2.0491328930195696 -2.7774339235850163 1.615352414112724
-1.263478497901465 -2.02725126004241 -3.0448726735637903 0.8565465999702404
0.788 0.5760000000000001 0.756 0.704 0.788 0.56 0.664 0.792 0.6 0.728 0.472 0.736 0.7120000000000001 0.76 0.16400000000000003 0.632 0.64 0.596 0.6679999999999999 0.5960000000000001 0.548 0.72 0.568 0.532 0.548 0.7999999999999999 0.772 0.752 0.596 0.788 0.652 0.52 0.772 0.696 0.6799999999999999 0.336 0.756 0.776 0.45199999999999996 0.768 0.392 0.716 0.7280000000000001 0.256 0.748 0.708 0.616 0.56 0.432 0.648 0.728 0.396 0.756 0.608 0.648 0.6679999999999999 0.52 0.352 0.772 0.784 0.7160000000000001 0.34800000000000003 0.736 0.336 0.708 0.532 0.784 0.796 0.6679999999999999 0.42400000000000004 0.66 0.792 0.748 0.76 0.516 0.768 0.696 0.784 0.28400000000000003 0.72 0.6479999999999999 0.78 0.792 0.48 0.752 0.6439999999999999 0.5399999999999999 0.3400000000000001 0.74 0.72 0.58 0.704 0.5680000000000001 0.756 0.732 0.6240000000000001 0.316 0.43200000000000005 0.756 0.764
0.009999999999999997 0.009999999999999997 0.009999999999999997 0.009999999999999997 0.009999999999999997 0.009999999999999997 0.009999999999999997 0.009999999999999997 0.009999999999999997 0.009999999999999997 0.009999999999999997 0.009999999999999997 0.009999999999999997 0.009999999999999997 0.009999999999999997 0.009999999999999997 0.009999999999999997 0.009999999999999997 0.009999999999999997 0.009999999999999997 0.009999999999999997 0.009999999999999997 0.009999999999999997 0.009999999999999997 0.009999999999999997 0.009999999999999997 0.009999999999999997 0.009999999999999997 0.009999999999999997 0.009999999999999997 0.009999999999999997 0.009999999999999997 0.009999999999999997 0.009999999999999997 0.009999999999999997 0.009999999999999997 0.009999999999999997 0.009999999999999997 0.009999999999999997 0.009999999999999997 0.009999999999999997 0.009999999999999997 0.009999999999999997 0.009999999999999997 0.009999999999999997 0.009999999999999997 0.009999999999999997 0.009999999999999997 0.009999999999999997 0.009999999999999997 0.009999999999999997 0.009999999999999997 0.009999999999999997 0.009999999999999997 0.009999999999999997 0.009999999999999997 0.009999999999999997 0.009999999999999997 0.009999999999999997 0.009999999999999997 0.009999999999999997 0.009999999999999997 0.009999999999999997 0.009999999999999997 0.009999999999999997 0.009999999999999997 0.009999999999999997 0.009999999999999997 0.009999999999999997 0.009999999999999997 0.009999999999999997 0.009999999999999997 0.009999999999999997 0.009999999999999997 0.009999999999999997 0.009999999999999997 0.009999999999999997 0.009999999999999997 0.009999999999999997 0.009999999999999997 0.009999999999999997 0.009999999999999997 0.009999999999999997 0.009999999999999997 0.009999999999999997 0.009999999999999997 0.009999999999999997 0.009999999999999997 0.009999999999999997 0.009999999999999997 0.009999999999999997 0.009999999999999997 0.009999999999999997 0.009999999999999997 0.009999999999999997 0.009999999999999997 0.009999999999999997 0.009999999999999997 0.009999999999999997 0.009999999999999997
-----
100
2581
0.4
-3.621336602418497 -3.7901649853362263 -0.8356562633456563 4.272004833051248
-4.936314703271796 -4.629655490788215 -2.993681701461626 0.25832279265266167
-4.17137768369701 -3.0191405893951426 -2.5953176530237303 4.326433867872119
-3.924190306203946 -4.093438517428644 -2.4614459228571555 2.892193722763598
-5.582859204490901 -4.652162443289133 -3.0513364339994182 3.151230524853619
-4.2649620436171105 -2.977258155875315 -4.031684258336447 1.9849146627520753
-3.507099708583933 -2.685528533076228 -4.1614727123581465 0.3076744257789601
-5.301480192093014 -3.8378818694733035 -4.181339255825026 1.6499245563208633
-4.273587821504633 -3.8757805716176943 -2.7466339361966443 1.8766050600527144
-5.297710564969733 -4.417580262152548 -3.314445694298895 0.3619959330914072
-5.868611981207632 -4.714428472822939 -4.589133602432725 1.8677707735575222
-5.262312795998594 -4.4412201975997725 -4.297871853479342 2.5799386871853045
-3.4558801761182427 -3.4943909704827236 -2.5786199922117494 0.5106168990953317
-3.845960630999653 -3.425079824793494 -3.157671148788782 3.1881808786638057
-5.315636078986481 -4.91124516302911 -2.6957206921931363 2.744749716025854
-3.9496823071574645 -4.222895101255607 -2.5747869979949662 0.6394849831764386
-4.794306539886151 -4.796218757839566 -2.2992801513012266 1.3880701875591672
-4.079281345097106 -4.028973865250141 -1.6582149607185497 3.3014533043567043
-2.3329430654464303 -2.915836210889315 -0.9862257160722773 4.305153580116812
-4.667136100260754 -4.048715941016961 -2.9802982056570695 2.5197842829127204
-4.577903571367859 -4.1251666624853565 -2.7878263862920485 1.6445616269303729
-4.594195839626258 -3.7920233011628537 -3.2597913806089465 2.1048860004918306
-5.724981056693455 -4.729170726450816 -3.5041076050358626 3.414191079102369
-2.931660731464768 -3.7167095938396475 -1.716416342770715 1.733163167736077
-3.4309382865851745 -3.859256910160223 -2.2033932258900095 2.1294858635406246
-5.44633077513742 -4.709108554154349 -3.033702337321368 3.386244243204287
-5.403796884488764 -4.061213220137591 -4.376899899538786 1.4573639352922774
-5.902667626667854 -4.374390031067864 -4.858191934203125 3.7558400579450666
-4.877741612459426 -4.481435232733437 -3.468956417171432 2.035466882729109
-3.4325709893671945 -2.9862448970070226 -2.338147676397454 3.022337544949434
-5.343965301067778 -4.4502330834933455 -3.317417171067413 3.2146513285391856
-5.685628127280375 -5.524115495971793 -2.3599726606956057 1.6209082421053431
-3.527940622883216 -3.0820108809266205 -2.6564624034856466 3.1571728816108156
-4.659156395630188 -4.709074381466266 -2.800181566949827 2.915881634357527
-5.587779639151922 -4.4343751896681605 -3.995506330046273 4.419754370843543
-4.766269506656733 -3.93966060069599 -3.1990009181740118 0.6311225042491813
-2.8723458934028336 -3.6936248416040875 0.20261744583864344 4.719523096248098
-5.751500675364634 -4.6419384188808674 -4.036429407801009 4.090874564891962
-2.987844850825963 -3.1324708744476992 -1.2286117553542981 3.9503147580810802
-4.366754863030102 -2.8617620470433573 -3.2404780793039216 3.8046393875517435
-5.503642136479556 -4.622768938778819 -3.534284681368164 1.6611254149156494
-3.2515595748546433 -4.045932606125609 -1.5485694750761991 2.6747484794937932
-5.191451868925402 -4.090391720697371 -4.7504303062028095 4.360414681186436
-3.8737060039756406 -3.2000876507674647 -3.6655951184236963 2.393069781822425
-4.440370331216867 -3.528007646448927 -3.3571272976018696 2.4111297993558156
-3.2214161823311813 -4.074033563965854 -1.7287667858781859 0.679917168510439
-5.797582545058682 -5.264494054682499 -2.147567526153749 4.295746421412843
-4.311668605562684 -3.9084841858789803 -1.6730624469323498 4.382203021264464
-4.550573457768812 -3.618460568425017 -4.081242245534002 1.427587028018615
-2.6641867461359254 -3.2833756054786676 -0.15425039663095852 4.621694863965232
-3.234319972265702 -2.74574828353828 -3.6316617027316993 1.6115795705684879
-5.279899749970367 -2.800595892561153 -4.167365146222732 3.9541430942501172
-4.209812720374171 -3.8533161410842474 -2.1004679041801557 4.29694692313848
-5.125463831092417 -4.1711827995368544 -3.9032362590059155 2.509931696061836
-2.691743895882165 -2.6743071796534483 -1.08697127753165 4.48876603342749
-2.9392681094123114 -3.0748800499080224 -1.1245911608093135 4.118525644184587
-5.08038319519083 -4.680292769947331 -1.0873202660739547 4.576895975149479
-2.6691903312661984 -3.126458270711695 -1.997020224629612 0.23543217590936175
-4.991821335490704 -5.298181168949217 -2.1437295527661187 2.3655490932468792
-4.545848492967909 -2.798722002905531 -4.456227201255468 0.34598113371902695
-3.178470294498259 -4.0616163632515425 -0.2989222497271573 4.025980769330362
-3.992850496545872 -3.448739591506227 -3.4528662110366244 2.5740003667090674
-5.430893289763857 -5.258381460960086 -1.5211999360903237 4.4999300193540135
-1.684424271085122 -2.951996163592415 0.2604799473449765 4.59847075397482
-3.7432526327919824 -3.5351754461449376 -2.300520103908159 3.2632211223336673
-5.374283869902314 -4.445437387577556 -4.209050077336576 3.7681783390550727
-4.742682509693447 -4.214737539876233 -2.1353613453188918 3.433858805539951
-5.429032991419374 -2.768475567466935 -3.6243480613805854 4.346157737184477
-5.4220834188445295 -4.543140149199486 -2.566171561978471 4.452875640018098
-4.819674854137114 -4.246545340858863 -3.028817686221612 3.2996143166720695
-4.679969776584587 -2.5613916401759402 -4.685307118371359 3.5205435282077318
-5.814006385358603 -5.012450407789702 -2.811189732719292 4.353407570497639
-5.030117681968779 -4.356143322027358 -4.081496976275083 0.9047603037464134
-2.1611458074859984 -2.685423261401589 -2.283348261963194 0.5979096541033662
-3.106069121733862 -3.2415623745429993 -1.843694529022114 2.9808798935105894
-4.661715198056447 -3.6427988820554305 -1.9485792033513638 4.589086587408986
-2.429350808913129 -3.1664191147716014 -1.8804860546021627 1.33864332907523
-5.538947670600072 -4.425102144573349 -3.568314779484988 0.6749304740956112
-4.8930207151890786 -4.4602777993206395 -1.6137618328701957 4.715689685368931
-3.760303155983853 -3.269618633608296 -3.212613964230196 2.5507128465202644
-4.138337363541623 -2.8628477944391535 -1.9690263323195172 4.234173248806973
-3.8163299446966024 -3.025673080243641 -2.8576682981112134 1.75918206264114
-4.9237785216172405 -4.921412231898645 -1.914086171607379 4.861703877689219
-2.0398242970680793 -2.8749080372084914 -1.9828738762996814 1.8868792194202857
-3.2129859309682756 -2.8500792100766814 -3.332953284160773 2.078436432360341
-4.67464736678401 -2.7059627601745464 -4.317037907785105 2.5430667977715893
-3.282400730475512 -2.8371616719190387 -2.9967015662864545 2.672356763791284
-2.8428345365640935 -3.9544912865723627 -1.394783671969863 2.0048623628379496
-3.8954513240310966 -3.0567883352229943 -3.2785770976999644 2.024093804974713
-3.4497703626503324 -2.870659396943055 -1.3268886569019573 4.885250989569476
-5.0074822156327095 -4.48713456561858 -2.8408580199732736 1.8226283318753582
-3.5312994403826483 -3.600262770482342 -2.5684588115192555 0.42124369383337623
-2.679267822271214 -3.871300343557942 -0.9829444066851185 2.878570467172071
-4.736547341304273 -4.062377673190042 -1.2257293004399474 4.943417275409151
-5.647387221309836 -5.774844727009931 -1.6303154836639038 3.415685313061701
-3.7600513126072483 -3.767938326544041 -2.6687655644208075 2.6910090162468405
-3.8928308148289275 -3.322963876436878 -1.6300216473692077 4.1752215581062355
-2.87031378889756 -2.768093552844571 -1.0341132252606453 4.932189668263426
-5.096279409342795 -3.795288019191501 -2.9218788310840877 4.874019084353374
-5.679785808465781 -4.490199772525856 -4.291089093106825 2.7560908724094473
0.31199999999999994 0.228 0.324 0.28400000000000003 0.176 0.21600000000000003 0.33199999999999996 0.29600000000000004 0.3320000000000001 0.36 0.172 0.376 0.148 0.312 0.2879999999999999 0.356 0.31999999999999995 0.33199999999999996 0.396 0.28400000000000003 0.1 0.368 0.3 0.2879999999999999 0.272 0.3960000000000001 0.376 0.33599999999999997 0.31999999999999995 0.356 0.212 0.364 0.17199999999999993 0.34800000000000003 0.36799999999999994 0.36799999999999994 0.348 0.264 0.30799999999999994 0.24 0.372 0.31599999999999995 0.388 0.312 0.308 0.324 0.272 0.13599999999999995 0.328 0.33599999999999997 0.268 0.33599999999999997 0.17600000000000005 0.18400000000000002 0.372 0.32399999999999995 0.30799999999999994 0.388 0.268 0.312 0.372 0.17200000000000004 0.268 0.39199999999999996 0.20399999999999996 0.396 0.392 0.396 0.356 0.16399999999999998 0.396 0.196 0.31200000000000006 0.384 0.364 0.38 0.30799999999999994 0.34 0.3400000000000001 0.136 0.376 0.384 0.188 0.33999999999999997 0.20399999999999996 0.29200000000000004 0.21999999999999997 0.372 0.24800000000000005 0.22399999999999998 0.32400000000000007 0.16 0.396 0.29200000000000004 0.396 0.33599999999999997 0.36 0.272 0.384 0.21600000000000008
0.008881037608312365 0.013498934236187823 0.008957671940120867 0.007562391614809229 0.009643569887476808 0.00907578771609542 0.012427303960732885 0.010509864590192092 0.008045571871323447 0.013461668395264118 0.013780976609500496 0.010470345555489124 0.01037273827911476 0.00772813906180495 0.009450074188832414 0.010537902847374792 0.010012890388360129 0.007642700310535421 0.009850067480159786 0.007961812233688723 0.008605875128790968 0.008194702075751471 0.010685977474822722 0.008409337495998388 0.007768130469462143 0.009624917834618902 0.011534386130133767 0.013991313881416473 0.009183465724742466 0.007704979254433725 0.009222567656966635 0.013253507580760264 0.007683038085923355 0.008534091834575482 0.012414703087619567 0.010944299986348709 0.011174392463577192 0.012506525579930344 0.008531746824992121 0.008772687379478838 0.010811423461266168 0.007751554555681517 0.012929909817953543 0.00816025029095618 0.007984439407081413 0.010685051748921854 0.012753261914644286 0.008825846870239254 0.009671190230271378 0.010705126172611296 0.009093894636874579 0.011228115653280106 0.008551051927381087 0.009274142706385862 0.010275054593768132 0.008880791712772718 0.011002911913885294 0.011845098591385217 0.01006963489403246 0.013765481525459798 0.009101410678663272 0.007871599405869388 0.012560777728943153 0.012728794999269596 0.007463501898077621 0.011130121348650848 0.008025373405023259 0.011643988662756077 0.010648565737601097 0.008280247621501662 0.011259896417166083 0.012436761965279463 0.011970805275559687 0.01127093100974615 0.00764307047412016 0.009438231899834532 0.009248665671607698 0.013084532470405641 0.010478111712251811 0.007754263409886145 0.009062403794235159 0.008288972817578849 0.011841172436734698 0.009088847629158582 0.008390365323926344 0.009940934284560261 0.00800659755492414 0.008407565010575085 0.00818194624555134 0.010601568917046224 0.009110742041879538 0.010671202976436934 0.008161501287456307 0.01090253470101682 0.013100270350767064 0.00748369023371873 0.008466685743003998 0.011271028804631267 0.010845783646970631 0.011260207057043399
-----
100
6848
0.2
-3.947890824769556 -3.866532390072321 -2.177904312621611 3.537856703305497
-4.954819994203149 -4.279564390668632 -2.9042041828787433 2.872336663640523
-3.309285383289848 -3.292126624521413 -2.67286122565236 1.9633773832100503
-5.134289368868463 -4.2773562091605335 -2.6317473742736066 3.3837648732716046
-3.2472330324348384 -3.1251037387168825 -2.771455012777939 0.0778831468053639
-4.199331502876402 -3.2389583945223324 -3.577999113950618 2.626244848299855
-4.446195665300873 -4.044066348970562 -2.803811735275253 2.3953127441112008
-4.496018454517515 -3.8582119890681486 -3.484779168903187 1.8370205595314957
-5.396340812079209 -4.978737278268602 -1.661327545738055 4.89149406805899
-4.597786542070748 -4.157626916309906 -2.878255024722704 2.170288771209884
-4.363766152124927 -4.061833933426039 -3.0054691582873905 1.073985108778492
-3.150904684947397 -2.9805890928199275 -2.928859924283533 1.1228152643691782
-4.981433717449015 -4.009970889481276 -3.545936304550519 1.7050649814692798
-5.048862848252828 -4.433182793794664 -3.0475304781224537 0.1624790128454756
-5.114141952984205 -4.326012617737182 -3.6956619142139338 1.6244890021740692
-5.6901159356410025 -4.731942323347388 -2.5758222942892433 4.992495977672702
-5.626623686484887 -4.771305043604772 -3.0880299415815093 4.956920434432449
-4.944717011229125 -4.1823162147304 -3.0523481497959644 4.082159106986531
-4.408574588887137 -4.131834721373759 -1.3450462884334016 4.814355358283462
-5.79695755486795 -4.846838688418487 -3.633561025121951 4.150987213981393
-5.802972420075274 -4.597614022193152 -3.973899697897839 2.758396577568946
-5.15708713082749 -3.845217052010904 -3.4420468077112325 3.3660269763608825
-3.5538359084271445 -3.4178704104077853 -2.786956770752878 1.9138240541889482
-5.331331224419572 -4.525563315462009 -3.8775858616209136 3.2823555028212006
-3.4116938690601857 -3.150943054191618 -2.9963062386288226 0.18691299896738123
-5.373973624997174 -4.427583739227347 -3.5050025624709518 2.9453427751829744
-3.5266553911348413 -3.110604761345628 -3.007764185339219 1.6137504845126718
-4.533922618840109 -4.017928512588848 -2.9693784086214277 2.3793326290615853
-4.249894418592176 -3.7640271191897705 -2.1623186533431884 3.8404505327881022
-3.50235216384572 -3.3296551019672496 -1.7905115889875247 4.091057029144341
-5.702708156899211 -4.864484562180298 -2.8025291052113652 0.1983122391340444
-3.5830909721093347 -3.382805822879531 -2.9591590530784275 2.6618326302741373
-4.388053083910875 -4.156858764236894 -0.7277884432417863 4.8754341770318845
-4.714805533922668 -4.028543697722871 -3.8614394442560416 2.46146684037085
-4.6462937818243235 -4.677085498865751 -0.8148249654881321 4.749939420091307
-5.283504411667075 -4.0830662663507855 -3.5929837339539907 3.6944582887430735
-4.15978133586648 -3.812051822657156 -2.8283566122581503 0.24918893687992405
-4.512484990749492 -4.276426154842175 -2.683733035666906 2.709284238970238
-4.263949030111554 -4.285055903142524 -2.577305439761321 0.6047750129708445
-4.472628017675687 -3.9986262997681075 -1.2515685591674697 4.77136606913677
-3.9386766077674764 -3.330045229021857 -1.4304115767058063 4.866130616807538
-3.2259225440584753 -2.9945589458151427 -3.0005881320155745 2.2754923907406654
-5.770036350690041 -4.662694903903717 -3.4456213392321824 4.880747627165175
-3.600698412896472 -3.0104450059257823 -2.341792311861598 3.9318172999933907
-4.142640906940496 -3.592512476336009 -3.078967063750435 2.8225513219569174
-4.675146465563995 -3.7993601956710314 -3.6796832482352273 2.6123702700644107
-3.8859241333791052 -3.610448072603847 -1.2830927190558712 4.844802988841017
-5.107733949369012 -4.585507080181011 -3.080834839352245 1.9264743961014776
-4.577502669052076 -4.196963527832191 -2.7668428661625835 2.7928103754289335
-4.554530410330256 -3.811564223581952 -3.220084100707976 2.686491827608272
-3.7098177236491576 -3.2256500932318746 -1.4690420732746068 4.47116364083792
-5.137797949426696 -4.802657838841396 -2.5538699334309576 3.715367428268
-4.654955040923105 -3.9736530574555498 -2.8002837577366266 2.4450667688897445
-4.71731395426474 -4.508107335830699 -3.5200957748879595 1.0482909347275826
-4.2800092778028285 -4.151347310916513 -2.7854633154680535 1.9871817863797723
-4.735849246835812 -4.071316436133978 -3.8218610620444218 2.5124449383904333
-3.821441442904919 -3.352691861037111 -2.4070947957233164 3.5134439170051923
-4.402742546894374 -3.984894429358669 -3.216590896343278 2.7016729614950163
-5.041388156706661 -4.151766178847769 -3.2570756375002463 4.500321838514694
-4.77865447635569 -3.967737144123674 -3.6667521073147307 2.0563589809361886
-4.883020284093796 -4.032013047264058 -2.962901426112057 3.6258794865108688
-5.6496636641279085 -4.487112204195864 -3.4806957726223695 3.64400127831064
-5.057879944522199 -4.31558628280191 -3.125343533968512 4.006308375171045
-3.9786891437421645 -4.180367171948644 -2.3334210522626426 1.7663656985995688
-4.816121917118559 -4.257785618620931 -1.968088668224449 4.432602076311923
-4.870569620201241 -4.96838912628121 -2.2602382296709878 1.930758046099186
-4.505864183134446 -3.8269251122850427 -2.9668968506127587 3.323371936418298
-4.781306830238167 -4.142197288479733 -2.634594096790876 2.633821316443295
-3.9101120796505144 -3.2974732666987805 -1.8388242969632578 4.242595529888108
-4.144196285794845 -3.4374055246601753 -3.6879672644804202 1.1662871485161332
-5.195178836501533 -4.268707621491387 -3.7128854987360964 0.8213546125951816
-5.357214915447196 -4.729878900929274 -2.863836910553554 1.0483128114026918
-4.7200655719967415 -3.8693388159229536 -2.465618420487316 4.510076485681372
-4.390666115994755 -4.3743456161612455 -1.5782866540734348 4.180408460306745
-5.018612579303673 -4.733475011993882 -2.032248487542971 4.235223170094197
-3.7449137651509163 -3.107392620104556 -2.9947297115877483 3.157692005597783
-3.90730411477088 -3.1079671512194933 -3.01505568319672 3.391474464506802
-4.840318500629195 -4.330764767218008 -3.593888958073752 3.6891826900658473
-4.651818164448605 -4.589789598192873 -1.7486381036575578 4.296254127830937
-3.9981118725076144 -3.4606644504383954 -3.100327352584978 0.8535624406679212
-4.3212716690154975 -3.802700101991557 -3.558246245605022 1.3690592939012203
-5.539082250490961 -4.428453315317707 -2.113670633577585 4.836006717757442
-3.7387381567989766 -3.2168845276682334 -3.3530735843385218 2.1260086118094024
-5.059464972102683 -4.791732417723036 -3.037455221198316 0.7561749362056124
-5.536146777373591 -4.735250665112167 -3.6409943351158267 1.4322228141194626
-4.079799827843182 -3.800467173960644 -2.7499821317777124 1.1479458698306146
-3.737338635629151 -3.674336095542223 -2.757835043797721 0.5067902050773387
-5.178251698361723 -4.510090288367296 -3.5758698749804525 3.3828859989271853
-5.580356344025866 -4.649351918016659 -3.022229642935602 3.6758495992491906
-4.469617236720631 -3.888055263054429 -3.120914300594873 1.8544074632033247
-3.7483649852377043 -3.4290502501616467 -1.286874097169579 4.9845487589660005
-5.4394769514592705 -4.973038297217221 -2.3254334072199567 3.9872780346431256
-3.447303015509368 -2.917586921528855 -3.3509722414588126 0.1984601323191375
-4.121782817401641 -3.2789693832154647 -1.8619200204035415 4.892050120346429
-5.894970953657946 -4.69335353526001 -4.677685880029366 0.5332026815971576
-4.791880637113021 -4.0916829574994455 -3.593939118968169 1.8710214177985032
-5.134078160966232 -4.597479225847962 -2.95926628753603 1.4120113756113108
-3.14723523513938 -3.138453808873987 -2.758213392218947 1.3229354877090755
-5.638352781718654 -4.626796374675503 -4.648665723800357 1.3617872179497066
-3.776513180499951 -3.7298090335833454 -2.6660063441731694 0.638338239468498
0.16800000000000004 0.136 0.176 0.11200000000000004 0.18400000000000005 0.16400000000000003 0.19200000000000006 0.132 0.196 0.15200000000000002 0.12 0.18399999999999994 0.188 0.16 0.124 0.17200000000000004 0.17600000000000005 0.1120000000000001 0.15200000000000002 0.164 0.11600000000000002 0.16400000000000003 0.136 0.17600000000000002 0.14 0.17200000000000004 0.16799999999999993 0.16000000000000003 0.06800000000000006 0.124 0.18400000000000005 0.16400000000000003 0.16399999999999992 0.19200000000000006 0.18 0.18400000000000005 0.18000000000000005 0.16799999999999993 0.17200000000000004 0.188 0.18400000000000005 0.188 0.19999999999999996 0.16400000000000003 0.196 0.18800000000000006 0.088 0.16399999999999998 0.192 0.124 0.16800000000000004 0.192 0.14 0.14 0.064 0.19999999999999998 0.136 0.16399999999999998 0.14400000000000002 0.184 0.136 0.16399999999999998 0.18800000000000006 0.19999999999999996 0.17200000000000004 0.18 0.14 0.18000000000000005 0.14 0.16000000000000003 0.17200000000000004 0.1 0.15199999999999997 0.172 0.172 0.12400000000000005 0.132 0.188 0.17199999999999993 0.07599999999999998 0.14 0.124 0.09999999999999998 0.144 0.10800000000000004 0.124 0.13999999999999999 0.15200000000000002 0.192 0.12400000000000005 0.19599999999999995 0.196 0.14800000000000002 0.152 0.18000000000000005 0.12 0.128 0.164 0.196 0.11199999999999999
0.009037993411283486 0.006891540853609635 0.011336135856074814 0.007230841802417524 0.018830610139665818 0.009151745264540725 0.007396783884906964 0.00774476898568419 0.012729857723228077 0.007323698495059985 0.00901489001405291 0.014945373774247706 0.007562495178137242 0.011933154507055312 0.007698359504292796 0.010788822445378243 0.010352462656735546 0.007629508924381457 0.01251925185331359 0.009034813756126536 0.007941080698333998 0.0073066990770260685 0.010180466366383473 0.007341437499231119 0.016897076639947013 0.006937744778148363 0.011614203820144811 0.0072320516223095595 0.008963222613600347 0.012326802404958257 0.014824041986879283 0.009746033021665568 0.016146074778167957 0.007315778177775444 0.01580740112070675 0.007370825062548875 0.012378411200465912 0.007339043017156342 0.011242260811617388 0.012792539986634904 0.014512440106471127 0.012559140940193685 0.010277144513465094 0.01240925727826116 0.008069276132369274 0.0073666058667076996 0.01413003386712646 0.007529329765378472 0.007172018382071536 0.00725386619618393 0.013866516043898105 0.007982618193260162 0.007263608126819553 0.00901074866421817 0.007907991712784094 0.007223722766793518 0.00986462953107123 0.00725571550855432 0.00839378891893537 0.007351282092001072 0.007251862480905359 0.007525999705891665 0.00747362462010338 0.009367876653698913 0.009398055831132662 0.009678522197211041 0.007465262084738063 0.007215305173247307 0.011794137825052174 0.010180908538160722 0.009355755161731897 0.009776064614512523 0.009153682895593684 0.010412416372777369 0.009279185886186115 0.010410791641287952 0.01025631342027299 0.007382232766256232 0.010061205013653375 0.010918504354366641 0.008671166002161838 0.010559644287317175 0.010126638207932278 0.01048056984828098 0.008846482583745988 0.009655497884226894 0.012581822702764603 0.007104346659716057 0.007617959290590383 0.007698877384579551 0.015403452834502555 0.009090145934446571 0.01834818810981224 0.013503783360129315 0.015313026263922527 0.0073903173392809145 0.008392252335265289 0.013653844607828175 0.010929884515610173 0.01201835429064845
