3
100 100 100
5635 23900 79383
0.4 0.2 0.1
-----
100
5635
0.4
-3.898592367680992 -4.6341327646198955 -2.3182376177015196
-3.8392279104586424 -1.8682933863132378 -4.186340991391083
-5.925532790341628 -3.896849837525052 -4.448719911710551
-3.0837994407780047 -3.1377326041155955 -2.3861379393248074
-5.541377599108365 -3.9437788807959264 -4.168200244426533
-3.301935671911857 -0.9001756984190887 -4.47931627679216
-3.610845978008553 -3.354224935639991 -2.537290137178881
-2.088931458825415 -2.8662668046116146 -2.1475972073503584
-1.3102317845248042 -1.9683218328026868 -2.1245989922974817
-2.8991162489825792 -4.517747390664974 -2.0772388564774507
-4.062837275952308 -4.512853592634519 -2.1906410297503
-3.0349737906497807 -1.6868913594929822 -3.5353650317933907
-1.349909101085978 -0.9721317102388349 -2.652705473545429
-3.596686923608039 -3.393358950801711 -2.650403559884399
-4.166966895607962 -3.545995947709602 -3.1626292281793296
-1.6896726309069745 -4.523437422432298 -2.089229286289928
-3.184568248406974 -1.7030333175689654 -3.516716721686783
-4.814354254120865 -2.7642727238453317 -4.222852640395271
-1.6991685736786142 -0.08948925405899466 -3.65018169643752
-1.3516251606748453 -1.5002572562136276 -2.3408913852993645
-2.867397536406961 -2.8477939155731957 -2.1960013221883075
-3.4132346815849197 -4.329850184819891 -2.0878214674434554
-3.935660070510849 -2.506612436588022 -3.727819870339623
-2.9781808519094706 -2.696186078801189 -2.412285190047252
-3.994332067265293 -2.587765988116561 -3.865846947331596
-2.9071743535191685 -2.4024759171632417 -2.8694123911500378
-2.576917956833995 -1.5063834920416923 -3.2083862255919855
-5.485841229256462 -5.424430065189804 -2.3764709730392037
-0.7993192811294438 -3.79163033164637 -2.089928573174401
-3.0959398846872896 -2.011582046389737 -3.133690949989361
-4.308397856967698 -3.9885178640135255 -2.4276865150666818
-3.017852969648163 -3.2349180124006085 -2.289907503645007
-3.064042593240092 -1.0365122904450654 -4.035819881096714
-5.727527674210876 -4.351142320355471 -4.099263970334671
-1.3126953388002072 -5.050349579047297 -2.114706949472369
-2.0943626460833933 -1.4304081783465215 -2.8441505987796813
-4.217948076646399 -4.40087991776128 -2.4327929034723024
-1.0622176851319889 -3.787348175532248 -2.0885678023919674
-4.489849318366825 -3.403596467734622 -4.042803390363936
-3.69673735222296 -3.1439353626640765 -3.5442914885052117
-0.6385599439554763 -5.654675597879409 -2.106031178936443
-1.4980364151966556 -2.849633621757544 -2.0854742293082436
-2.2873221356058435 -3.3440519272884126 -2.08439605856073
-1.286802436419026 -1.3907401857926676 -2.315928585669622
-3.960233459742166 -3.2142969788705944 -3.3291767825811696
-2.317521184147664 -2.5304787302419296 -2.342066641240492
-3.220115791155212 -3.8143381929142595 -2.148068197428806
-2.708120513507071 -2.7827368888700046 -2.3083874194831813
-1.495626510435958 -3.933882197776244 -2.0837957307335153
-5.056209761211848 -5.475128265601226 -2.364431694620349
-3.5382490726026274 -5.361181343591079 -2.065669576477613
-1.0130731868680902 -2.7680597745882647 -2.0951686379970678
-3.1690073870587487 -2.9444782947354557 -2.3113306845932096
-5.708014901745688 -3.674844360886771 -4.347666706719956
-5.471226465272801 -3.020430875103545 -4.203477119448287
-3.6216397324517375 -1.7213360215987237 -4.003416950176132
-5.787108855119354 -3.7171575136617068 -4.441504229488411
-2.732463927466562 -3.265090474902329 -2.212099455553381
-3.492108348099056 -0.5483097915860213 -5.064510018294753
-5.422808765764418 -3.353275665080942 -4.402288159473628
-5.118620356830392 -3.6093606012009682 -4.126149031443811
-1.6527513353213363 -1.4694155935481206 -2.4722021404276666
-3.9796459031214413 -2.9987601968781163 -3.3430458129206286
-3.323832449655567 -2.0498986241150954 -3.6184814060449555
-2.82208038541694 -2.0789570836737115 -2.913228651398382
-2.8870257525840883 -3.0236317983831027 -2.4807164410238856
-3.4536386586353363 -2.9856854392770362 -2.8930263230635926
-4.414999753681412 -2.8564090815011562 -3.574601849639253
-1.356016637714875 -2.5277307414379426 -2.127813433397597
-5.704159760604394 -5.432709652965306 -2.3697842330531187
-2.4947156072176546 -2.5834070716060866 -2.513409427094576
-3.6381503320690523 -4.178109043496466 -2.116149930029597
-5.167348985143138 -3.1772088086957053 -4.43095571759635
-1.000956499126345 -1.2552652592817353 -2.2727032173836643
-4.44737474408138 -4.644306707327631 -2.092843093025941
-4.133041318933881 -2.972576648191821 -3.5353963536070134
-5.008288263546728 -2.134105749049791 -5.007282544519532
-2.013946882261725 -4.786778734356967 -2.0860018941820373
-3.2267854308361144 -1.7738447196721356 -3.606189345231291
-1.746053792374786 -2.139128325098637 -2.2068975822756927
-5.384685875971478 -3.612997824604566 -4.261090193330867
-3.949847070773697 -4.844408463042623 -2.095706338738392
-3.7989764873802008 -2.0258289622123797 -3.851291082650355
-1.827359376930774 -2.5229839787917885 -2.1837506931822213
-4.348143585543533 -4.372710815592424 -2.141758153682822
-0.35310465439767036 -5.865519882094705 -2.0773567572222564
-3.7662658147408234 -3.00907780573127 -3.1020200656695454
-2.9221077519891665 -1.4046660925606709 -3.769717402221734
-2.2812034276022706 -2.3738518692562205 -2.2129631190988497
-3.5955309474751576 -2.6959233232747257 -2.9132180358843636
-3.687023623980612 -2.0189699901527516 -3.6827736124113253
-3.4377678084654857 -2.3069223408829087 -3.417373912725127
-1.9205562879568383 -2.5851397415683772 -2.1412218559742238
-1.8215467451977752 -2.9371903501103063 -2.153532771663638
-5.5645725258593375 -5.667083613851943 -2.225323043539448
-2.9891853272201847 -3.5076772040517743 -2.2731914390501684
-2.722528291841678 -1.3378893461563788 -3.4777094564628714
-5.642078866959016 -2.811045780122327 -4.967757827388672
-1.90475973758479 -3.4451662537235523 -2.0836174873654074
-4.15319629858169 -5.480181416990531 -2.09183936246638
0.3966101694915254 0.19661016949152543 0.15932203389830513 0.14576271186440679 0.3152542372881356 0.37627118644067803 0.3898305084745763 0.264406779661017 0.3627118644067796 0.3593220338983051 0.36610169491525424 0.17627118644067796 0.3016949152542373 0.38305084745762713 0.3694915254237288 0.34237288135593225 0.2271186440677966 0.22033898305084754 0.30508474576271183 0.25084745762711863 0.3830508474576271 0.34576271186440677 0.20338983050847456 0.264406779661017 0.24745762711864405 0.22372881355932206 0.11186440677966103 0.3694915254237289 0.3355932203389831 0.3864406779661017 0.39322033898305087 0.2779661016949153 0.16271186440677965 0.3559322033898305 0.3728813559322034 0.07796610169491526 0.3525423728813559 0.34915254237288135 0.3593220338983051 0.3627118644067797 0.3966101694915254 0.3593220338983051 0.36610169491525424 0.264406779661017 0.26101694915254237 0.05084745762711862 0.28135593220338984 0.22711864406779658 0.3525423728813559 0.3830508474576272 0.3864406779661017 0.35593220338983045 0.3864406779661017 0.2542372881355932 0.37966101694915255 0.19999999999999996 0.12203389830508474 0.17288135593220333 0.37966101694915255 0.1491525423728814 0.3389830508474576 0.21016949152542375 0.3559322033898305 0.28135593220338984 0.1423728813559322 0.2508474576271187 0.3864406779661017 0.30847457627118646 0.33220338983050846 0.3830508474576272 0.32881355932203393 0.3152542372881356 0.17966101694915257 0.30847457627118646 0.34237288135593225 0.32542372881355935 0.37966101694915255 0.3728813559322034 0.2406779661016949 0.2508474576271187 0.24067796610169495 0.3728813559322034 0.28474576271186436 0.21016949152542375 0.2915254237288136 0.3525423728813559 0.3288135593220339 0.17966101694915254 0.37966101694915255 0.33220338983050846 0.29830508474576267 0.31864406779661025 0.28474576271186447 0.376271186440678 0.2440677966101695 0.31525423728813556 0.16949152542372883 0.2983050847457627 0.3593220338983051 0.3389830508474576
0.010000000000000004 0.010000000000000004 0.010000000000000004 0.010000000000000004 0.010000000000000004 0.010000000000000004 0.010000000000000004 0.010000000000000004 0.010000000000000004 0.010000000000000004 0.010000000000000004 0.010000000000000004 0.010000000000000004 0.010000000000000004 0.010000000000000004 0.010000000000000004 0.010000000000000004 0.010000000000000004 0.010000000000000004 0.010000000000000004 0.010000000000000004 0.010000000000000004 0.010000000000000004 0.010000000000000004 0.010000000000000004 0.010000000000000004 0.010000000000000004 0.010000000000000004 0.010000000000000004 0.010000000000000004 0.010000000000000004 0.010000000000000004 0.010000000000000004 0.010000000000000004 0.010000000000000004 0.010000000000000004 0.010000000000000004 0.010000000000000004 0.010000000000000004 0.010000000000000004 0.010000000000000004 0.010000000000000004 0.010000000000000004 0.010000000000000004 0.010000000000000004 0.010000000000000004 0.010000000000000004 0.010000000000000004 0.010000000000000004 0.010000000000000004 0.010000000000000004 0.010000000000000004 0.010000000000000004 0.010000000000000004 0.010000000000000004 0.010000000000000004 0.010000000000000004 0.010000000000000004 0.010000000000000004 0.010000000000000004 0.010000000000000004 0.010000000000000004 0.010000000000000004 0.010000000000000004 0.010000000000000004 0.010000000000000004 0.010000000000000004 0.010000000000000004 0.010000000000000004 0.010000000000000004 0.010000000000000004 0.010000000000000004 0.010000000000000004 0.010000000000000004 0.010000000000000004 0.010000000000000004 0.010000000000000004 0.010000000000000004 0.010000000000000004 0.010000000000000004 0.010000000000000004 0.010000000000000004 0.010000000000000004 0.010000000000000004 0.010000000000000004 0.010000000000000004 0.010000000000000004 0.010000000000000004 0.010000000000000004 0.010000000000000004 0.010000000000000004 0.010000000000000004 0.010000000000000004 0.010000000000000004 0.010000000000000004 0.010000000000000004 0.010000000000000004 0.010000000000000004 0.010000000000000004 0.010000000000000004
-----
100
23900
0.2
-4.2723702358351225 -2.977642365088497 -3.534504136308297
-5.230933919863025 -2.9336063107284316 -4.641049563589158
-2.780159787590021 -2.9231271526472726 -2.392865170821895
-5.322170440456961 -3.326102354573586 -4.4299065107828435
-2.3488604133614484 -2.3067684801804287 -2.4577706713369776
-2.726469819329568 -3.0097145121265787 -2.2343506760021343
-3.238576573709851 -1.7374254847680008 -3.564275716604179
-2.7608683823274394 -2.796076241572709 -2.4134433487447007
-2.685953310218915 -2.2733714640374405 -2.710555865809182
-2.179376809450172 -1.7789244281389038 -2.580666344679958
-4.1200651175666225 -4.570253719047412 -2.1725523746786717
-3.034719987787553 -3.2029612078264362 -2.301479500087892
-4.451411065024636 -2.1977214611463953 -4.564304545715494
-2.9199171989038493 -2.8346492836669235 -2.4426090981686475
-3.920838207364901 -4.697491220580431 -2.2202862439220334
-2.7878589100551565 -2.905765213199709 -2.32188007522811
-4.6132643820247345 -2.7302745566333444 -4.101392865469508
-1.979705797024482 -1.0696986181853554 -3.0917561702757776
-2.5527607871168403 -2.576599013654189 -2.3756563887975375
-5.512882227799593 -3.4804204602701154 -4.430056059356735
-1.7047427649357154 -2.2318971423869702 -2.220755491722628
-2.3760122710360103 -1.9088299140806835 -2.6890150165689537
-4.110038874371874 -1.7251099436691624 -4.526365906346308
-4.928441203596779 -2.5358467403339127 -4.638691297225883
-2.689570065112738 -1.7033151259498538 -3.0733122425461965
-1.8689969596843343 -1.1796104287243159 -2.913543624091999
-2.604463728528245 -2.797401767007149 -2.2942566263131456
-2.446624269844672 -2.1461361107265438 -2.584679970957316
-3.3739486481989625 -1.8960839761095676 -3.605098139583549
-3.314899982969574 -1.3339768803443333 -3.9739937549018074
-2.3453718633761738 -1.7263643915656826 -2.74806122445745
-2.52887254954498 -2.0438226622365736 -2.735810152276283
-2.246566835209973 -1.2654953695367601 -3.1107779156425135
-2.068577157100382 -2.120178238027417 -2.3103426026277445
-1.8144603546171445 -2.135175360416535 -2.274898418896002
-2.581107635786956 -2.460569130116636 -2.488072387241819
-5.069461516608115 -2.8386499236334424 -4.604698342447508
-3.4548131952647427 -1.5891497348477097 -3.903350386091981
-2.532958076710609 -1.9428661065903277 -2.7878056757857923
-3.5304242188873762 -1.5296720333042717 -4.049754662578524
-4.3613018413507 -2.444217292359388 -4.039264941315031
-2.8623689830702297 -3.540192460044893 -2.197386567145715
-4.40433780048813 -2.004035189062996 -4.240441242819387
-2.6168699953948202 -2.289043615532164 -2.5834728467595705
-4.57880402844133 -2.274477536046878 -4.237110846400459
-2.136209386241321 -1.9456498469553618 -2.549224762862822
-2.0631340923054 -1.4016993044864905 -2.9185189324627547
-2.8667174423755895 -2.209201034954439 -2.840875577629423
-3.914005099194896 -1.8587955167772738 -3.8168017805765535
-4.805313721968023 -2.3822093867679768 -4.487906387393235
-2.3191865729651093 -1.9469230326940048 -2.5617083360820168
-2.6396123444519213 -1.4552861844627387 -3.2629178795651184
-1.9295717404951245 -1.2867925627518488 -2.792919663587007
-2.926909323061095 -3.04295484479923 -2.3182053162165954
-2.450390926862448 -2.6578601254745378 -2.2771961386043893
-2.0158687585337653 -2.6119210889539097 -2.1734020837526185
-2.909498784046645 -2.1148833001906255 -2.967539039321775
-3.5254937480860185 -2.022234957735715 -3.7540186077029163
-2.50729524511926 -1.6135902524864598 -3.0123072036428686
-4.035107123866206 -2.0115678750405643 -4.254111912799499
-2.1735713142634028 -2.442164263305294 -2.2798584628357226
-4.30646786079734 -2.214379436038056 -4.036247333463631
-1.9253302814373852 -1.378602401772202 -2.725812671337763
-2.5276388070808102 -2.686480639098437 -2.375279665954757
-1.8453631945136582 -1.7429233799836246 -2.4689653747669373
-2.637678822595695 -2.320283679783336 -2.601767656987267
-2.482895859134178 -2.265849445014025 -2.425593170711044
-2.839520192016234 -3.1544134390886285 -2.2684765882496527
-2.050435680929038 -1.62246367267627 -2.6690018211871926
-3.0744346980998714 -3.013745265684713 -2.447810938395961
-2.5940819818705965 -2.7712993633400624 -2.3336657572565453
-2.617084315104414 -1.3732945053034296 -3.3299388052522927
-2.889696720201831 -3.0160067831724833 -2.3422315943048604
-2.8073135344380447 -2.028505474180183 -3.153779202990971
-2.472090999250567 -2.702817063628337 -2.3267743797801796
-2.0910968868320445 -2.055297432461737 -2.3255004906951418
-2.102797551731334 -2.014222843278965 -2.389123620695662
-4.366052355085992 -2.174078247552148 -4.481374811990394
-5.391513160267514 -3.057466952637769 -4.591999796019737
-2.812983798606097 -1.7106375692650042 -3.224460869932522
-5.423681258676148 -3.473548061548632 -4.394251554167109
-2.5713684507419816 -2.379904439551005 -2.513301620093887
-2.7168886773086007 -2.010655734470494 -2.9737511218337938
-4.174904234961954 -2.1734618900702376 -4.13880143319878
-2.570531942356388 -1.8327569939872363 -2.90165163658669
-2.960933543383483 -2.44516713136669 -2.7326739065019128
-1.6938593206425994 -1.136779920951593 -2.752883577090531
-1.9294604098198644 -1.686090917549166 -2.4981914433883827
-2.9212601252376107 -3.051169520085064 -2.338045514693834
-2.0400825229119253 -2.3857646373941264 -2.215747557375394
-2.023060804762852 -1.2382625507345617 -2.9187987056334292
-3.256429585435459 -3.3273433851829566 -2.329413633024659
-1.8684395283466633 -2.084872836983724 -2.263723763323351
-3.6792975928748075 -2.1971308347824836 -3.481678676662206
-3.2970731959026476 -2.2901996512035616 -3.143396131646583
-2.858205896474516 -2.8197355079119553 -2.360232618291457
-2.414542256278163 -1.7926417228543057 -2.9267613059288418
-2.738018463005134 -2.391431072485143 -2.6187302186523524
-3.509466748889819 -1.566847957187411 -4.123141725360371
-4.7478703982279296 -2.3461433699756995 -4.610231878765447
0.1864406779661017 0.19661016949152543 0.1322033898305085 0.18305084745762712 0.1016949152542373 0.15254237288135594 0.11186440677966103 0.1796610169491526 0.13559322033898302 0.14915254237288134 0.18305084745762712 0.15932203389830513 0.11864406779661017 0.17627118644067796 0.19322033898305083 0.12542372881355932 0.18305084745762712 0.11864406779661019 0.15254237288135597 0.11525423728813558 0.17288135593220344 0.1322033898305085 0.19322033898305085 0.16610169491525428 0.13898305084745766 0.13898305084745763 0.17966101694915254 0.11186440677966103 0.11864406779661019 0.18305084745762712 0.1322033898305085 0.1694915254237288 0.13559322033898305 0.15254237288135597 0.14915254237288134 0.1932203389830508 0.13898305084745763 0.08474576271186443 0.18305084745762712 0.19661016949152543 0.11864406779661019 0.18983050847457633 0.18983050847457628 0.16949152542372883 0.09152542372881356 0.17627118644067796 0.19322033898305085 0.18983050847457625 0.1796610169491526 0.16610169491525428 0.06440677966101704 0.1932203389830508 0.17288135593220344 0.10508474576271187 0.11186440677966103 0.18983050847457628 0.1694915254237288 0.10169491525423724 0.14237288135593223 0.19322033898305085 0.10169491525423735 0.19999999999999996 0.18305084745762712 0.13559322033898302 0.12881355932203387 0.1796610169491526 0.15932203389830507 0.11525423728813566 0.17288135593220344 0.18305084745762712 0.0779661016949153 0.18305084745762712 0.15254237288135586 0.1322033898305085 0.15593220338983055 0.1694915254237288 0.13559322033898302 0.10508474576271187 0.1457627118644068 0.057627118644067804 0.19661016949152543 0.09491525423728814 0.19999999999999996 0.08813559322033898 0.17288135593220344 0.16949152542372883 0.18305084745762712 0.1694915254237288 0.13898305084745766 0.17288135593220344 0.18983050847457628 0.14915254237288134 0.19999999999999996 0.1728813559322034 0.18644067796610164 0.12203389830508475 0.14915254237288136 0.1559322033898305 0.1694915254237288 0.13559322033898305
0.008875943167238028 0.014176720636887413 0.008118601653800902 0.013258858973017729 0.008715818750374743 0.008360810145629812 0.009782437623489893 0.008146184620769588 0.008360978166504567 0.009673507981531191 0.010593199366565206 0.008197807070915171 0.01324652598677422 0.008068705050270969 0.010549202084322343 0.008225063137996697 0.010621502031904602 0.012330243016208659 0.008415839767111017 0.013926163072702233 0.010056280739929122 0.009128691008888225 0.013927972361137868 0.013856766634007008 0.00937417179058839 0.011950373736898928 0.008372449236279285 0.008737556365609021 0.009537134582222734 0.012151082681713717 0.0095206873198962 0.008757271589488577 0.011098961595194154 0.009491175766735808 0.009903428390656487 0.008365546819180534 0.013626022565633975 0.011056638934238397 0.008914882051219037 0.011785620240524881 0.01036779771310307 0.00849378944533018 0.011894516287134779 0.00844849393584023 0.011577217391906282 0.009397900023691003 0.010776386158634266 0.008353815949689775 0.010311866583548825 0.012948878884338908 0.009196297901849677 0.010239530116714524 0.011388602930792939 0.008178980901363918 0.008566863118825504 0.009216037613089242 0.008485182291635663 0.009672265680715199 0.009679061272117897 0.011599622110697367 0.00898179456899249 0.010611665602629225 0.011084932906335176 0.00834877558361407 0.010363428020950154 0.008387438750997324 0.008720095450758119 0.008259586270606883 0.010164283933700325 0.008009628476196204 0.008327124044227203 0.010610056937381747 0.00814878854997812 0.008764203646330111 0.008440983083689818 0.009552081333457299 0.009505980043425778 0.012700191136249 0.014257980513226468 0.009427356986993214 0.013482032535477254 0.008427599568200944 0.00871418511109182 0.010910069623784373 0.009099450034015319 0.00810305398665968 0.012525703894411034 0.010332556602126224 0.008146774141442475 0.009324409687590485 0.011416655554026772 0.008211834286168587 0.009926285222466118 0.008917687925975658 0.008331777040062828 0.008192607514846241 0.009311360813707368 0.0082597307039714 0.011995784413321628 0.013654132475838522
-----
100
79383
0.1
-3.089342955946842 -1.676287763975409 -3.493302746706189
-2.0611718857267505 -2.1351338371348367 -2.3638075810516237
-2.3938147223817148 -2.6920463579783687 -2.2836554543382945
-2.066921413183361 -2.106865837039418 -2.3500452015716484
-2.48275993451237 -1.9306543606505875 -2.7363493608646094
-2.2948866638418703 -2.4674068338709176 -2.2865156835556375
-2.721770532563863 -2.6806207861613593 -2.391229255053794
-2.0249685004282485 -1.9258972085481671 -2.4575593967273246
-2.9095049575133345 -1.941196933096478 -3.09466868363766
-2.427257144835287 -1.5618370938427113 -3.0365390143508995
-4.168449666752117 -2.163088425050968 -4.113975571721704
-2.2234534523785205 -2.221208818095391 -2.3757927259763467
-2.045778096205199 -2.2414890747824465 -2.3056332522827807
-2.3474517133664667 -2.6215753598524714 -2.279558225475315
-2.2627535555911447 -1.7708566156420802 -2.706505220516586
-2.1590963770749347 -2.0763223899385848 -2.4281632525285737
-3.3633413929174965 -2.0202919588508497 -3.521219388073554
-2.8861564816389067 -1.8823650327918138 -3.0665122671802107
-2.7875469798148043 -2.9353484462581987 -2.304859468290278
-3.1571674931441556 -1.9708185759990293 -3.271305713383448
-3.7439894334735304 -2.2198115219461796 -3.6244714192249807
-3.1980680880160084 -1.7559005657044204 -3.516928365261608
-1.983709910467193 -1.5831289508447155 -2.665167414886945
-2.6959990621380574 -3.1188054507087326 -2.2502676680622566
-2.164185558517381 -2.289795630489348 -2.3472406936572
-4.317386288230662 -2.496936335095052 -3.9831145128393484
-2.6187964169623905 -2.1084933512556043 -2.7100098563581234
-2.4602082990761067 -2.6274070241896954 -2.3002499238300724
-2.1799443899705886 -2.194305751253562 -2.4109150790863403
-2.102351932048865 -1.9722390384354183 -2.485187134630448
-2.4676485959391377 -2.2498406306967813 -2.5669589172983396
-2.1658199803114533 -2.1354666227492594 -2.45654612311544
-2.0910132184087247 -2.0560284425187665 -2.4549947628113085
-3.311734448277934 -1.8087234414602016 -3.561875979213409
-4.029462372696262 -2.220337734072609 -4.233731579060492
-2.9969322241792553 -1.7409040377685367 -3.23268636283661
-3.1748712096844436 -1.8301796432894952 -3.4886963647019584
-2.597239586888466 -1.9883930884050298 -2.7954945493295935
-3.5490714909714147 -1.5341261108294102 -4.072731890291294
-2.6618229360999806 -1.9132249632416376 -2.9614930553070082
-2.3315941165715373 -2.114562438179987 -2.5521168316736116
-2.4044295838064227 -1.8286736566210697 -2.8758872532720763
-2.2152156055522374 -2.185069951283645 -2.415881493457321
-3.333490763453855 -1.576059129041202 -3.7075441056362783
-2.2639588330960656 -2.184578794910119 -2.4044917757945963
-2.5631523134788647 -1.7457944771445117 -2.988010781551891
-2.5709093695201064 -1.8604124588142055 -2.939315462395103
-2.2296094072669517 -1.879376527914065 -2.6617702193045427
-3.2033641785522735 -1.755545812056974 -3.4816113327845564
-2.093296452382432 -1.9744977886731965 -2.493979146211909
-2.1260856626781903 -2.391618260727402 -2.3067735651609853
-2.0995866437623905 -2.101343309081745 -2.424094641196981
-3.471110098917795 -1.7725443356850414 -3.7607881191698507
-2.3329037730472284 -2.178866340788154 -2.5337979760121825
-2.3122426544698786 -1.6426331145798199 -2.852654890755511
-2.2670489537353724 -2.491245856465652 -2.3003536531910567
-1.9062451667632312 -2.078171542664229 -2.3327249618131325
-2.1353626088492583 -2.3068681207622928 -2.3445712268862704
-3.0376762488624323 -2.0540064908729696 -3.2044830896232313
-2.9619261646617043 -2.045946490957776 -3.181429110755622
-3.2309339947847353 -2.076025619075549 -3.453091111805596
-2.9219747250236447 -1.943939376556523 -3.1553721774886228
-2.711997643007554 -1.732790301798251 -3.1872303353534144
-2.2325265666752183 -1.9367327618445023 -2.5339316240803553
-2.2095062234697482 -1.856442274487448 -2.602197211870705
-2.7750789772521154 -1.596848442372952 -3.2827595348558525
-2.0372350257199305 -1.6476194810887463 -2.6716853514657743
-2.8403512967306304 -2.8456991466628176 -2.3512677580725687
-2.6085520062265517 -2.8115632190976934 -2.3192331283778005
-2.111657742119356 -2.096438711523999 -2.376332695829329
-2.4188759398476547 -1.6024003790937416 -2.9715731368566054
-2.3283209624392063 -2.4888642635819176 -2.3643580852926624
-3.196421671910719 -1.3807180648331268 -3.779664681436156
-2.7111123865296856 -1.9293039884446874 -2.9716709860280943
-2.3553657059778583 -2.196047333212009 -2.519142211974939
-2.6284440799928657 -1.4294297187281721 -3.3592826292179017
-2.794447119017619 -1.3504698709498515 -3.541530957412716
-2.9239526748988913 -1.5181941236389696 -3.584445381010504
-2.6278913134338926 -1.7449302745871402 -3.0251980643332472
-2.3726411786692365 -2.3855520656357214 -2.4206604538039254
-1.928255903038239 -1.7799375854873052 -2.4693526199594578
-2.931711585305127 -1.8888254018500008 -3.2017521436777985
-2.29062920987 -1.2224219854178093 -3.208618006687491
-2.917674992505238 -1.4605422605034069 -3.516551452406697
-3.8496769441322574 -1.7847139051301764 -3.763019053598738
-2.450079748331351 -1.6503405225450534 -2.934572980530864
-2.47870880499971 -1.6412501023064987 -3.0332171533180476
-2.5530449153228565 -2.0277289833330765 -2.7414252782391317
-2.733209826670188 -1.5184463462516133 -3.4015272463723565
-2.936165570546371 -1.7967400700386906 -3.364793246733101
-3.3821709103079893 -1.9134738636155126 -3.5045071930733713
-3.3284245734722893 -1.7446654510004955 -3.6510573783465707
-2.187663253619576 -1.6980039918193535 -2.666081866810976
-2.20787688769327 -1.6760707308342122 -2.7394860639186835
-3.683838114131209 -2.275588862563197 -3.4368604796637454
-2.149212718373352 -2.085361893935091 -2.429079342971981
-2.6470596654251417 -1.4977570039639492 -3.3196474324904623
-2.4231505355323106 -2.389816371127122 -2.4248214622109527
-2.447698311555189 -1.6034669910416335 -2.964059923306546
-2.368510922732147 -1.5870706957581049 -2.921776441662623
0.07796610169491527 0.07796610169491525 0.09491525423728808 0.08474576271186451 0.05423728813559325 0.08813559322033893 0.09830508474576272 0.08135593220338977 0.09830508474576272 0.06779661016949157 0.057627118644067776 0.0847457627118644 0.0949152542372882 0.08135593220338988 0.08135593220338988 0.08813559322033904 0.09830508474576272 0.0847457627118644 0.08813559322033898 0.06440677966101696 0.07796610169491525 0.08474576271186443 0.08813559322033904 0.09830508474576272 0.09491525423728808 0.09830508474576277 0.09152542372881356 0.08135593220338988 0.06779661016949157 0.06779661016949151 0.07118644067796612 0.08135593220338977 0.061016949152542355 0.09830508474576272 0.06101694915254238 0.06440677966101693 0.05762711864406783 0.08135593220338988 0.09830508474576272 0.07796610169491525 0.09830508474576272 0.05084745762711865 0.05762711864406783 0.09152542372881362 0.09152542372881356 0.09491525423728814 0.06440677966101695 0.09830508474576272 0.09830508474576272 0.08135593220338988 0.09152542372881359 0.08135593220338988 0.09491525423728808 0.057627118644067804 0.09152542372881356 0.07796610169491536 0.09152542372881356 0.07457627118644072 0.09491525423728814 0.09830508474576272 0.06779661016949157 0.08813559322033904 0.09830508474576272 0.0949152542372882 0.08135593220338988 0.09152542372881355 0.07796610169491525 0.09491525423728814 0.05762711864406789 0.08813559322033893 0.07457627118644068 0.09830508474576272 0.07796610169491525 0.07796610169491525 0.09152542372881356 0.06101694915254241 0.0949152542372882 0.09491525423728811 0.09152542372881359 0.08135593220338977 0.09152542372881356 0.06440677966101696 0.08135593220338988 0.07457627118644072 0.07796610169491525 0.07457627118644067 0.0745762711864407 0.0847457627118644 0.07457627118644068 0.09830508474576272 0.07796610169491525 0.0847457627118644 0.09152542372881356 0.06779661016949151 0.09491525423728814 0.06779661016949146 0.0847457627118644 0.09491525423728814 0.09830508474576272 0.08813559322033893
0.010234070766774205 0.009763362876495605 0.010709594089824413 0.009781987733503032 0.008836499154334052 0.010035088647551645 0.01028634963113157 0.009736598713640925 0.008942564627194453 0.00978212622563052 0.01252529364732412 0.009499436933112074 0.010012228108018884 0.010480968661876347 0.00928779383160308 0.009440350072312717 0.009928517920164154 0.008977891013225514 0.01190703744140939 0.009314617051816637 0.010704487369436322 0.010156318181430585 0.010374084020323363 0.013532311085162252 0.009729209188596991 0.012799855477322465 0.008731135560713591 0.010341914964030042 0.009468913496891334 0.009483920265177892 0.00896899749311259 0.009377348982416647 0.009511714189266732 0.01025672865922159 0.01270027469260761 0.009494190820384692 0.009901473638176169 0.008732253481857178 0.013532031502660809 0.008811026306004863 0.009015462137023636 0.009000540783318755 0.009400626035757755 0.011486832465952711 0.009360293431024834 0.009122094600905063 0.008882480020880771 0.009167427140332102 0.010083741348106093 0.009483547757487639 0.010075168472671512 0.009549810718223242 0.011080643819335864 0.009058551641381972 0.009523761736009313 0.010097737509828507 0.010216172019811063 0.009810444152340746 0.009074980902075609 0.008997044225530031 0.009633812365605747 0.009004097720521102 0.009332552393929423 0.009239946642784649 0.0092883735277932 0.009896595319724845 0.010017790249358971 0.011257795422540686 0.011072048324484633 0.009632293431280557 0.00959409230146514 0.009855161958278047 0.012757170815758228 0.008801344264898753 0.009067913836408491 0.010819546306544034 0.011814472149090803 0.011038866462844733 0.009134974748636667 0.009454649982183209 0.010201664440758793 0.009125964529311047 0.012103592942749701 0.01110205512393211 0.011777996992941409 0.009400649430093963 0.009472334728427338 0.008737509754239786 0.01047467545209009 0.009546945340441274 0.010032416576586123 0.010669673302607778 0.00960125203958731 0.00958074014310443 0.010397867714393955 0.00945314308647854 0.010382921061625392 0.009414479915552122 0.009566211426479985 0.009666480334732707
