3
100 100 100
2048 6946 42161
0.4 0.2 0.1
-----
100
2048
0.4
-2.476413587522834 -1.4116915792996902 -1.7006380731532467
-3.587847533064733 -2.0660087117889065 -2.597721448802383
-2.625678748583566 -1.57781157318398 -1.8256075144049104
-4.273619796922313 -2.9752238088639205 -2.9522333355302655
-2.407249917843291 -1.0097397503686558 -1.9463297566983595
-2.4078066341948214 -1.5626214279162909 -1.3246597867439078
-3.511979221822721 -1.4973932386689004 -2.472502129737115
-3.937114953433902 -2.7078345703907476 -2.702060959491249
-4.569682100865227 -3.9462152753996116 -2.285064265616226
-4.840190988719562 -2.7067172053998365 -3.068851305608293
-3.5451439535685174 -1.7263868250204712 -2.037285672060243
-5.343440175914191 -4.906977638970943 -2.68691917900412
-3.439626214203955 -0.511454475082429 -3.6568723865670387
-4.605133092239983 -2.80639881593659 -3.189292694902369
-3.859554649509645 -1.9204963593786513 -2.4490979425133776
-2.723754819515422 -2.4429945160517472 -1.8686530686214287
-5.732774173488042 -3.6018412202255 -3.688430716891059
-5.673349828916971 -4.621843843936343 -3.744444719773261
-5.776335457549374 -5.112634568226234 -2.1481149122003145
-3.26681867112592 -2.859903216330847 -1.257459045986299
-4.629616224605957 -2.1932862073259334 -3.7720609357914263
-5.964268236968036 -4.900876747416213 -3.5586730357452208
-2.841328004546624 -1.6077670658239853 -2.440229550875635
-5.9477476209462115 -3.8356051008533396 -3.9602798222636704
-3.06937819412439 -2.9507903141850473 -1.3049917297777611
-4.3827431557958105 -2.887292534930541 -3.113480950588436
-5.17725606168305 -4.1473915541460435 -3.334717604029306
-4.39715899189045 -2.9786920088926245 -3.6192148017463643
-3.4288150354920774 -1.8076241699465383 -2.286272206752917
-3.4550415434719377 -2.9649470645752136 -1.3564314540040678
-5.56475512747609 -4.666567487836411 -1.2998494594773584
-4.339368003159279 -1.1382637049909636 -3.515599310006517
-4.4797619881621955 -1.554218474615947 -3.414901728855154
-5.512078465880746 -4.146966592083575 -1.399172261658384
-5.436876187622792 -4.201195418915059 -3.4462111666258894
-2.631189725937532 -1.0254582829879286 -2.44588179499136
-2.9514548368957776 -1.2038892036926399 -2.7515678594609
-3.7905145197578802 -1.271161387549295 -3.5138996650879113
-5.781794713847003 -4.423604875812535 -3.555666116751475
-1.818657134411323 -0.5835120254357733 -1.8261649929930783
-4.044504709046273 -1.5493899438135248 -3.0879142860274587
-4.313897335702349 -1.6559019493637397 -3.363394857276421
-1.9722339387136856 -1.56290991463527 -1.0709024376314389
-2.593179236420176 -2.4273622588695343 -0.9551973106193294
-2.210128060881654 -0.9896589937354596 -1.6305880014250693
-4.160496834359387 -2.2494581402660723 -2.937802731523137
-2.7928209514734723 -2.3974493896489784 -2.066205910473138
-2.9629008748408165 -1.81245706695654 -2.531293834345713
-1.9750364902922062 -0.8665393167267368 -1.6664862239789127
-4.390385059643576 -1.5526775548396614 -3.642462938614424
-4.380232769000653 -3.8001667390003706 -1.9448799818069773
-4.578911661613242 -1.4431009879823211 -4.073127706980456
-4.237032585122993 -1.726061270370896 -2.7844293005250926
-5.102827104131137 -3.747307288713331 -1.4658547382991465
-3.711803143886045 -1.6448686983836884 -2.608586641358469
-5.542999664059721 -2.5319645369046353 -3.1994926316182566
-3.293015518423105 -0.9837684171565453 -3.1758055415442534
-1.483242421785926 -1.3599530996799913 -0.9146355425420385
-5.0395880612905835 -1.1049881631042586 -4.201874885250459
-3.559369295801645 -0.6606633809200986 -3.2405858547406177
-2.4954474516390297 -2.8080048678850695 -0.7664724741818247
-5.69964910252489 -1.176531343747559 -3.7034506176177717
-5.691411366323322 -4.183085605280107 -3.6317121268982233
-2.305754577394698 -1.7970038929096939 -1.3096662000904846
-5.550882487488511 -3.3303537153160914 -3.5819687065001724
-4.777170673300842 -4.096970424016595 -2.986104652432251
-1.439451932234146 -1.9142834167323013 -0.7376549421002689
-5.00530043401176 -2.7448501309503097 -3.6260078968060068
-2.56669904563172 -2.4310375656431655 -1.2380330889596651
-4.144893461269856 -1.0945178251101852 -3.692489146555829
-2.7090095296512655 -2.3754294186473084 -1.192069735585223
-2.5508051203497937 -0.8471990576813884 -1.8253600908389966
-3.742022695535901 -3.820618891162328 -0.9789365930846614
-3.2465095242125948 -2.9354981565681526 -1.8610999188972936
-3.381783996503546 -2.535307138459694 -1.6611743940501853
-2.850616473140985 -2.0629333658737985 -1.1302268785106167
-2.693989754936788 -1.6734287659053226 -2.16295056395336
-2.8038687273790455 -2.5252333500993425 -1.2914758049595951
-2.987108241867464 -2.597726799230489 -2.239916838888937
-5.4404120180942375 -3.674083261715191 -3.6213367472255373
-3.5889008477394424 -3.222475535033029 -1.4945460536209687
-1.8866505852950564 -2.1883453254632994 -0.7912813994643564
-2.315454505817066 -2.4380581413214393 -1.3864319604677338
-3.145023777263153 -2.8267798934036286 -1.449690720647249
-1.9719772510771625 -2.0469018907721166 -0.8812156905663002
-2.6571819713473204 -1.5155841833999375 -1.6612052524456473
-1.9498670193434373 -0.4313585197890131 -2.1210027175715127
-3.0671917021080897 -1.190682285270812 -2.7452889668194342
-3.942967812841186 -3.783011855857961 -0.8965638925969497
-2.844181325768424 -1.8905703873836242 -1.4310557090506668
-3.386809097685277 -0.6587034476197164 -3.618458052227197
-3.871655493605796 -3.0598882634748104 -2.480741621406992
-4.054476229539074 -3.085858058908185 -1.5190833164152169
-2.180643280015787 -1.7904725868535287 -1.5181934452570243
-3.8227425660834573 -3.0875369889140307 -2.512412270655893
-4.179282969987473 -2.286533194276724 -2.513944971423767
-2.870374355600261 -1.1804805952825461 -2.4028282510777537
-5.513884099812211 -3.414314449109585 -3.070424431415596
-2.534252990776654 -1.4591780268334826 -2.2903223008595446
-5.543304935492647 -4.749427191556848 -2.855965734300413
0.30508474576271194 0.1084745762711865 0.2677966101694915 0.22711864406779664 0.35593220338983056 0.35593220338983056 0.311864406779661 0.16271186440677965 0.3491525423728814 0.359322033898305 0.32542372881355924 0.3355932203389831 0.3830508474576271 0.24745762711864405 0.39999999999999997 0.3457627118644068 0.38305084745762713 0.34915254237288135 0.2711864406779661 0.311864406779661 0.2 0.15254237288135591 0.3288135593220339 0.34237288135593225 0.29491525423728815 0.07118644067796609 0.26101694915254237 0.16610169491525417 0.22711864406779658 0.27118644067796616 0.3694915254237288 0.31864406779661014 0.2711864406779661 0.32881355932203393 0.35254237288135587 0.36271186440677966 0.3152542372881356 0.3220338983050848 0.247457627118644 0.36610169491525424 0.38983050847457634 0.34237288135593213 0.3728813559322034 0.3694915254237289 0.3593220338983051 0.13559322033898313 0.3593220338983051 0.3389830508474576 0.34576271186440677 0.38983050847457623 0.32881355932203393 0.38305084745762713 0.34576271186440677 0.31864406779661025 0.28474576271186447 0.36271186440677966 0.29491525423728815 0.37966101694915255 0.38305084745762713 0.3864406779661017 0.3966101694915254 0.3830508474576272 0.11864406779661019 0.30508474576271194 0.3932203389830508 0.2915254237288136 0.39661016949152544 0.3254237288135593 0.2983050847457628 0.30847457627118646 0.32881355932203393 0.3830508474576272 0.34576271186440677 0.22372881355932206 0.32542372881355924 0.36610169491525424 0.3152542372881356 0.2983050847457628 0.30847457627118646 0.23389830508474577 0.2813559322033898 0.3966101694915254 0.3661016949152542 0.26101694915254237 0.3830508474576271 0.3118644067796611 0.3864406779661017 0.2983050847457627 0.37966101694915255 0.33220338983050846 0.38305084745762713 0.19661016949152543 0.3661016949152542 0.2576271186440678 0.11864406779661013 0.38644067796610165 0.28474576271186447 0.37288135593220334 0.39661016949152544 0.3288135593220339
0.010000000000000004 0.010000000000000004 0.010000000000000004 0.010000000000000004 0.010000000000000004 0.010000000000000004 0.010000000000000004 0.010000000000000004 0.010000000000000004 0.010000000000000004 0.010000000000000004 0.010000000000000004 0.010000000000000004 0.010000000000000004 0.010000000000000004 0.010000000000000004 0.010000000000000004 0.010000000000000004 0.010000000000000004 0.010000000000000004 0.010000000000000004 0.010000000000000004 0.010000000000000004 0.010000000000000004 0.010000000000000004 0.010000000000000004 0.010000000000000004 0.010000000000000004 0.010000000000000004 0.010000000000000004 0.010000000000000004 0.010000000000000004 0.010000000000000004 0.010000000000000004 0.010000000000000004 0.010000000000000004 0.010000000000000004 0.010000000000000004 0.010000000000000004 0.010000000000000004 0.010000000000000004 0.010000000000000004 0.010000000000000004 0.010000000000000004 0.010000000000000004 0.010000000000000004 0.010000000000000004 0.010000000000000004 0.010000000000000004 0.010000000000000004 0.010000000000000004 0.010000000000000004 0.010000000000000004 0.010000000000000004 0.010000000000000004 0.010000000000000004 0.010000000000000004 0.010000000000000004 0.010000000000000004 0.010000000000000004 0.010000000000000004 0.010000000000000004 0.010000000000000004 0.010000000000000004 0.010000000000000004 0.010000000000000004 0.010000000000000004 0.010000000000000004 0.010000000000000004 0.010000000000000004 0.010000000000000004 0.010000000000000004 0.010000000000000004 0.010000000000000004 0.010000000000000004 0.010000000000000004 0.010000000000000004 0.010000000000000004 0.010000000000000004 0.010000000000000004 0.010000000000000004 0.010000000000000004 0.010000000000000004 0.010000000000000004 0.010000000000000004 0.010000000000000004 0.010000000000000004 0.010000000000000004 0.010000000000000004 0.010000000000000004 0.010000000000000004 0.010000000000000004 0.010000000000000004 0.010000000000000004 0.010000000000000004 0.010000000000000004 0.010000000000000004 0.010000000000000004 0.010000000000000004 0.010000000000000004
-----
100
6946
0.2
-3.0510129865585487 -1.6015811482397613 -2.2423969966602186
-5.246258236715909 -4.576899545634421 -3.4653855708125723
-3.664414852805136 -1.9761230212713063 -2.91923281549841
-3.4055335957135666 -2.2741265750844852 -2.3022216144425314
-3.2079378499363203 -2.5999707137674664 -1.9126868061450704
-3.5129537248312475 -3.0306461600484536 -1.737380603707298
-3.5108758275246092 -3.1518758804932787 -1.7423133812729383
-4.016030049296067 -2.2450746592835404 -2.662362698157718
-4.648297794875255 -3.642013763677025 -2.9963872348462552
-3.5006847448316383 -1.8711588949064033 -2.632613837817947
-3.842260051545837 -2.1893402109683744 -2.6465648768682586
-3.3933144648281894 -2.4146213615568604 -2.363452513601767
-3.593155097540077 -2.0582709013493146 -2.328846987297119
-5.730213546447634 -4.862906026434924 -3.557873400431349
-4.369077376345482 -2.7645959833354703 -2.8853240706784176
-4.780656785397502 -3.136715443600685 -3.249479362000415
-5.036538037248672 -3.7679051311053935 -3.670031002420971
-3.33158811861414 -2.701307801679011 -1.9423402990395642
-4.252927848663933 -2.376678563230229 -3.699024295366185
-3.209684795878248 -2.9482121460717376 -1.9551068120496258
-3.1898636501413633 -2.491772256660444 -1.7645732653793407
-3.7634401242501614 -2.7491226959693313 -2.3394894805583024
-3.784857692059942 -2.1905633959098196 -2.8152101793551036
-3.634296961228693 -2.1241751492480425 -2.4698874368375634
-5.626565208109191 -3.6532072799751223 -3.580429466455946
-4.209122862944486 -2.9471367542848865 -2.6270613183265015
-5.30307730193774 -2.053674861240017 -3.507019244219414
-5.508483651565269 -4.198945797622076 -3.688357292171887
-2.722964643879055 -2.155634808850669 -1.9696234618661093
-3.035447836480722 -2.2451459494898773 -2.219283493059478
-4.699541059091158 -2.899127429083586 -3.7493588050270583
-3.732466510058555 -1.7975125940530041 -3.0657468069349028
-3.317092741880219 -2.5290406729613535 -2.271166155282682
-5.051673833388493 -3.524656210845583 -3.3861141262156464
-4.328868037982292 -2.3582865240554853 -2.997362927116774
-4.062454023406709 -2.2075098594652083 -3.2067901506945256
-3.517523764960069 -2.909264111018107 -1.7848600955948355
-5.332259563347717 -4.344729670218168 -3.592963292071606
-2.687378335610263 -2.2960670460635697 -1.7168896842613215
-5.695353308447734 -2.758249041265135 -3.7124872265209983
-4.648432613208222 -2.80688355210057 -3.373937731623078
-4.189250281294205 -2.3345623479190216 -3.008652515355294
-3.5259337837443376 -2.3486912946656715 -2.698515042548292
-3.3284157879463883 -2.564544790029543 -1.96006721453508
-5.66477972035029 -4.112506552636726 -3.76466791997839
-4.354411915955516 -2.2746179306238927 -3.2938482780900546
-3.6707104292807813 -2.2436831253660916 -2.7678173635624983
-3.1370563650070973 -2.125385284716508 -1.9930384781112602
-4.467870971509098 -3.5216882919487142 -3.1906096488024778
-3.6398222048922833 -2.674041277674937 -2.610051731753694
-4.140177912344161 -2.386289042174769 -2.8153479463096582
-3.2168679116613337 -2.116940882434007 -2.024275287888142
-5.725881584428503 -3.710619698305618 -3.3532073564978226
-4.428808659825788 -2.539751340180257 -3.151376542021017
-3.3135917532025054 -2.2954755708082644 -2.3459435993722453
-3.0369587676957632 -2.4169174524606 -1.8481669604137245
-3.1512203542917394 -2.0610860407326688 -2.293690899245167
-3.817553268613662 -1.865545682952815 -2.873066234838999
-3.2065487226742047 -2.330166515515568 -2.262776295083772
-4.403420658129816 -3.7128366059002826 -3.1707306146727827
-3.1384214857396526 -2.9493703781643545 -1.8023351571034203
-5.891086218807347 -4.472626626045184 -3.609218800628797
-4.929502050651274 -3.0816877955577104 -3.523215641797497
-4.102504229365843 -3.8817534774556735 -1.6825746451027535
-3.8705524131885687 -2.761268076554177 -2.7565025873259748
-3.187108032297308 -2.2765291294344383 -2.0614568640927926
-5.5505244856949965 -4.1229545112189045 -3.5910283334754265
-4.123902656816651 -3.3665247447621187 -2.74381259510315
-3.090875140005708 -1.8566132924837637 -2.2608356295940704
-4.530304524898617 -3.4169484082566264 -3.390164650648682
-3.061857299191807 -2.652616631811232 -1.5711873870483197
-3.396260422052278 -2.4184154926860044 -2.097219767560104
-5.602050962550491 -4.023137366870691 -3.7095811509493375
-5.4616306889743 -4.611114327461392 -3.5233286738171503
-5.264778839271573 -4.607932757501894 -3.610358980640376
-5.514712111455463 -3.5413436785624555 -3.7277571641155607
-3.220240703681082 -2.7427969930185867 -2.123964797431046
-3.891314931964854 -3.268446025284411 -2.00986547696416
-3.539605669384485 -2.3732268499674696 -2.544231438568545
-5.7131742479605645 -3.3146144147387853 -3.340078270195395
-3.0193550786053978 -2.0855352346841367 -1.816069797498311
-3.4067676889029164 -2.4637455061972613 -2.1264151065454806
-4.398500347380169 -2.5820988367343256 -3.3304203104391
-4.94993317857137 -2.4910570314336113 -3.664228830422739
-4.211451136761663 -2.4143218120122283 -3.4295469692549094
-4.2895531775030395 -2.226335047340533 -3.1890106363696242
-3.750010261864261 -2.5001467203157177 -2.4138738534387008
-2.8193757487293465 -1.640827182440559 -2.0164569277108364
-3.2876388992081145 -1.57300035674707 -2.718004721257019
-3.9428348816493757 -3.094973417121606 -3.0663652950980578
-4.77570865577346 -3.1722669411388464 -2.8052234562616207
-4.788341988721806 -2.6351397287253757 -3.3078198895396262
-4.8499822655917555 -3.561501843463715 -2.9373947383457364
-4.026707050759884 -2.4662584183416687 -2.8045921560852562
-4.280157679994934 -2.075995463033633 -3.1434276084448496
-4.210783760077051 -2.5624551791658634 -3.3769051676302326
-3.919203158414115 -2.7426067945636023 -2.6000191427027777
-4.221040089853559 -2.692695720817136 -3.3304445545968986
-5.598791944557685 -3.824892447519451 -3.781772925616129
-4.798875796780141 -3.568159785431557 -3.4022237593670757
0.19661016949152543 0.11864406779661013 0.18305084745762712 0.18305084745762712 0.1932203389830508 0.1694915254237288 0.18305084745762712 0.13898305084745766 0.19322033898305085 0.16271186440677965 0.1423728813559323 0.13559322033898308 0.18305084745762712 0.10508474576271187 0.1084745762711864 0.16271186440677965 0.08135593220338977 0.14576271186440676 0.1728813559322034 0.16271186440677965 0.1932203389830509 0.17288135593220338 0.176271186440678 0.1457627118644068 0.09152542372881356 0.19661016949152538 0.06440677966101693 0.11864406779661019 0.18983050847457628 0.12203389830508476 0.14915254237288134 0.09830508474576272 0.08474576271186446 0.13559322033898302 0.1457627118644067 0.12203389830508482 0.17288135593220344 0.09152542372881356 0.1694915254237288 0.1559322033898305 0.10169491525423735 0.18983050847457628 0.06779661016949151 0.14915254237288134 0.07796610169491525 0.16610169491525428 0.11186440677966103 0.1932203389830509 0.1559322033898305 0.1389830508474576 0.12542372881355934 0.19661016949152538 0.19999999999999996 0.08813559322033898 0.07118644067796609 0.1694915254237288 0.1694915254237288 0.1457627118644067 0.17966101694915254 0.11864406779661019 0.18305084745762706 0.13559322033898302 0.08813559322033898 0.17627118644067807 0.09152542372881356 0.14915254237288145 0.16610169491525417 0.19661016949152538 0.1796610169491526 0.12542372881355934 0.18983050847457628 0.1423728813559323 0.1728813559322034 0.12203389830508476 0.1694915254237288 0.1694915254237288 0.13559322033898302 0.18983050847457628 0.1389830508474576 0.17288135593220344 0.18983050847457628 0.1694915254237288 0.12203389830508471 0.17288135593220338 0.1389830508474576 0.0847457627118644 0.1864406779661017 0.19661016949152543 0.19661016949152543 0.1457627118644068 0.18983050847457622 0.12881355932203387 0.15254237288135597 0.08813559322033904 0.13898305084745763 0.1559322033898305 0.1322033898305085 0.1389830508474576 0.0949152542372882 0.14915254237288134
0.008384688372159731 0.014988706329965072 0.008586233792217055 0.008086459233005354 0.008480267518856497 0.009266545275300395 0.009511455161433379 0.00834887881736497 0.010456317089818918 0.008282282185744822 0.008256873401092565 0.008171577048949037 0.008082963581113971 0.017891332038246784 0.008924390709534437 0.010104311032825091 0.012615610348060264 0.00853431645535248 0.010724895666995677 0.008972968124592166 0.008523223175926454 0.008414497010510554 0.008403574829086291 0.008112036206198126 0.01312529383272917 0.008823098782609774 0.01203008296563025 0.014604413419221227 0.008505366679617264 0.008234956405509102 0.01134420343314437 0.008948125781990113 0.008264425657918217 0.011223257805488464 0.008885810066177117 0.009117279335736559 0.008981148796360637 0.014470480333344745 0.008780988205175637 0.013402188452624 0.009982554111089873 0.008801164258163905 0.008338034226068242 0.008373295853666913 0.015046327856948016 0.009448596098907304 0.008351817474241888 0.008173371251312688 0.010467749389057921 0.008454986943428423 0.008547552530175305 0.008134982849925686 0.012932762042266784 0.00922317085013551 0.008131619732495833 0.008444006152933675 0.00813584723134504 0.008588255674737541 0.008174371528273858 0.010913741996137172 0.009153332112446946 0.016468890115605095 0.010881658549445682 0.01202404154450507 0.008638772010622709 0.008167360336311444 0.014057635349851676 0.009546247157571372 0.008196525934449557 0.010732262070046789 0.009027771736839314 0.008177339017650307 0.014356795756671962 0.015644320673565627 0.015728726109733637 0.013192961786215422 0.008561028727049525 0.009441124347799652 0.008203958111159555 0.012422128805202352 0.008342580072828058 0.00819542711000261 0.009591864561250295 0.011206383586830163 0.00974397861769524 0.00918633081335398 0.008214680570052155 0.008513296688537973 0.008664364507503793 0.009546669728416621 0.009641741051848313 0.00992864789224208 0.010378001963050058 0.008502058490064723 0.00914968979860433 0.00964239283206146 0.008499094093828225 0.009596572790648171 0.01417265797665979 0.0111309551928401
-----
100
42161
0.1
-5.835911147285303 -5.106056277107307 -3.5345508692453373
-3.6892209759036274 -2.5680527994771056 -2.4353973011465646
-4.768012942550692 -3.4665813736453357 -3.5532079106920507
-3.3632548098306767 -2.4289789587825212 -2.4418461616415983
-3.6888365400505734 -2.6825062160656006 -2.440088399123727
-4.003677949423989 -3.336996454322324 -2.9114098113666733
-5.7452052109962075 -4.866639085114291 -3.5202240602456962
-3.9154086813478166 -2.697263100538366 -2.7398818114638455
-3.6236640572027694 -2.536467556651804 -2.83474264646158
-4.465004921363434 -2.1555548064532144 -3.2759117132597155
-3.3270243713107157 -2.104612045746709 -2.2904713728766692
-5.449998580397301 -4.136212148127507 -3.651433280239169
-5.056322343505075 -3.873048369868408 -3.646556763590236
-4.694291473120864 -2.89840767308292 -3.060573987831659
-5.541203890948713 -4.705747947883463 -3.573827289698893
-4.53774010440478 -3.1085543959723902 -3.4634306738231406
-3.4439633594723 -2.4871146326312488 -2.4824745311230574
-3.9063876259670822 -2.9172074266216512 -2.846815130032263
-3.6256330583937197 -2.599700323170142 -2.332052627628308
-5.354752572602324 -3.208972340827423 -3.6700306037033865
-3.2887330512386965 -2.6869642064833577 -2.1954483469473915
-3.4030327075445914 -2.486448710148639 -2.3108117356207556
-3.509842333038952 -2.686656761343826 -2.3096850667741906
-4.119569560222924 -2.5682748805376856 -2.8865881661220065
-5.697986612752546 -4.626858421763087 -3.6040898814557156
-4.555715311927682 -3.414520373165958 -3.227930010329566
-3.4110464355525134 -2.6926650272163353 -2.223674957246574
-4.386517225600429 -2.6770201386811316 -3.2645277049635917
-3.973301997015863 -3.449514957362557 -2.7577628941163654
-4.5934235248141055 -2.9952136909625615 -3.4938934753729676
-5.883870602032827 -4.156465540855418 -3.804017841276556
-4.118327188763879 -2.318985497020946 -3.288467995005554
-4.612361311305866 -3.3183164977211477 -3.6768795005254256
-4.714681385791643 -3.591500795227327 -3.5663436637510197
-3.5857812872911987 -2.519630376399124 -2.8149703069845113
-3.4272646384708585 -2.23511634879713 -2.610465600870023
-3.7830584969090206 -2.9352758045013667 -2.7682471722311104
-3.424255864087266 -2.639939845279768 -2.219601603182854
-4.089133907129476 -2.5504431727631545 -3.0884745100753346
-3.5226693271969665 -2.1681324287174326 -2.516910980245948
-3.6603716866344795 -2.704521735441836 -2.7796041453180185
-4.702582316523483 -2.9465824133197414 -2.9250757347093668
-3.1850292430305354 -2.265621954205154 -2.325210847165716
-4.313486899125138 -2.799999550343211 -3.3901083299310573
-4.683160351931944 -2.432745562349949 -3.0400381035537616
-4.9390351844874605 -4.065972631170711 -3.536916669710179
-3.925332111721965 -2.7091317237908186 -2.6159422884732093
-4.4937652769261796 -3.06722816081459 -3.293363624068557
-5.373523410058346 -4.792180545938525 -3.491066644281202
-4.804633280169715 -3.1441571859444335 -3.361923920821632
-5.16646235607678 -2.592388029189655 -3.50427966975884
-5.876722289237056 -5.357996683602945 -3.4767383762164554
-3.233136526327117 -2.568500920642161 -2.1138423781033455
-4.388591680267057 -3.023982730605098 -3.088120060967764
-4.332134048288002 -2.824975784744163 -3.11006412118592
-5.140004571046274 -3.6015757454977475 -3.494486518438404
-3.35361075791333 -2.5480455462273692 -2.254638570850553
-4.009423341086872 -2.655269100320958 -2.826564112961091
-3.2386590048374053 -2.552340091398353 -2.0300113176081718
-3.444587336618536 -2.256397059669701 -2.2976632181071706
-3.4518647339839874 -2.4966404370897055 -2.3019883203723386
-5.017586050556259 -3.9374077862412666 -3.3700620000388968
-4.416385096052843 -2.9209939021488784 -3.302354287254196
-4.171547373479269 -2.813354805548649 -2.780242046128322
-5.200274089324988 -3.670890023333023 -3.723269710355014
-3.8386312569765018 -2.4437527147298423 -2.861015908540997
-4.783367080628135 -2.4126812084089737 -3.839227082250404
-4.192608391312241 -3.5337903385981413 -3.547169014209707
-5.203009647049944 -3.691497162092627 -3.5949412181401774
-4.264578582487355 -2.8731501255253264 -2.984958317407676
-4.164211299182533 -2.982577265102604 -2.7177265038304093
-3.4916532194680894 -2.4445215559687936 -2.2874507750851114
-3.922243975997101 -2.3583288312229747 -2.8566429966285876
-4.9400953683955535 -3.7161098215007393 -3.6783133813889366
-3.55874859330646 -2.3283481224377276 -2.380734628338565
-4.014114161302891 -2.9795396871801256 -2.5552990254755157
-5.39931809573886 -4.107158254771394 -3.6106034473770077
-4.199521674486597 -2.7584470102596237 -2.9600612987141264
-3.405770793629146 -2.2513901882366785 -2.310853982139606
-5.060366764892868 -3.619157849299487 -3.708384053500274
-3.444277683278442 -2.6095749011379925 -2.279527079549881
-5.070627748479372 -4.246782368114306 -3.5716507688223347
-5.139902697600441 -3.765784637164069 -3.2723919943240127
-3.6640773390848267 -2.898703717916918 -2.5484671768649476
-3.8129735254778234 -2.832769257842444 -2.2453749864847503
-4.4562127628637995 -2.8257477185874276 -3.207072829585381
-3.1000533511684942 -2.3812113104408454 -1.9699552952636015
-3.3777015377737114 -2.4583995461444634 -2.383723875531559
-3.63041872060435 -2.4522755037075825 -2.511259882561604
-4.323621128894872 -3.076561082407549 -2.7768485559096074
-5.527365222274631 -3.631999024694987 -3.8627642139830933
-3.7832259821956242 -2.5640278781658847 -2.6258092711425065
-3.8206756361889953 -2.4517548117674703 -2.538605375265186
-4.027953108080574 -2.383024683451094 -2.858855913585672
-4.535765330336353 -2.6987016548563965 -3.213501150076541
-3.350812229455798 -2.7063728695881504 -2.202911062520129
-4.259288212633711 -2.8958633886573986 -2.8488042690539785
-3.8238254365423723 -2.4785771079338796 -3.0706216224069802
-3.7576735824180645 -2.407340198882201 -2.7717039640490686
-3.6939520034606526 -2.235448319912367 -2.5953135874589144
0.09152542372881356 0.06779661016949151 0.09830508474576272 0.09491525423728814 0.09830508474576272 0.05423728813559325 0.09491525423728814 0.0847457627118644 0.0949152542372882 0.09152542372881356 0.0949152542372882 0.07118644067796609 0.08813559322033898 0.07118644067796609 0.09152542372881356 0.08813559322033898 0.0847457627118644 0.09830508474576272 0.07457627118644072 0.09491525423728814 0.07796610169491536 0.09152542372881356 0.09830508474576272 0.09152542372881356 0.06440677966101693 0.08813559322033898 0.08813559322033898 0.09491525423728814 0.09830508474576272 0.09830508474576272 0.09830508474576272 0.09830508474576272 0.08135593220338988 0.0847457627118644 0.07118644067796609 0.06779661016949151 0.08813559322033904 0.09830508474576272 0.07457627118644061 0.09152542372881356 0.0779661016949153 0.09152542372881356 0.0847457627118644 0.06779661016949151 0.0847457627118644 0.07457627118644072 0.0847457627118644 0.09152542372881356 0.07796610169491525 0.0949152542372882 0.0847457627118644 0.09830508474576272 0.09152542372881356 0.061016949152542355 0.09830508474576272 0.07457627118644072 0.050847457627118675 0.09491525423728814 0.0847457627118644 0.09830508474576272 0.08135593220338982 0.09152542372881356 0.0847457627118644 0.07118644067796609 0.07457627118644067 0.06779661016949157 0.08813559322033904 0.09491525423728808 0.0847457627118644 0.07457627118644067 0.07796610169491525 0.0949152542372882 0.06779661016949151 0.08813559322033904 0.06440677966101699 0.07118644067796609 0.08813559322033904 0.09830508474576272 0.08813559322033904 0.08813559322033898 0.09152542372881356 0.0949152542372882 0.07796610169491536 0.08813559322033904 0.0847457627118644 0.06440677966101693 0.09830508474576272 0.0847457627118644 0.07457627118644061 0.09491525423728814 0.08813559322033904 0.06440677966101699 0.08135593220338982 0.07118644067796615 0.0949152542372882 0.09491525423728814 0.08813559322033904 0.09830508474576272 0.07457627118644067 0.09830508474576272
0.018408009670042958 0.009284303317209825 0.009176329462177401 0.009856541773160844 0.009306825093141022 0.009611436608899848 0.01510905163002989 0.008766323473414255 0.009226921032668594 0.010553698009559014 0.010796458232202202 0.01043571866532579 0.009711396285312595 0.00870136204017036 0.013232814153172918 0.009029960067787442 0.009600139300404981 0.008898431395008259 0.009575449230994605 0.00996328495787293 0.010645923303958119 0.009961855443051532 0.00983971315749063 0.008709407044778369 0.013023801213926132 0.008891752113208307 0.010272695155218918 0.008947162577495652 0.010258247704726841 0.009122649481082998 0.01204855093371401 0.009903016017223968 0.009683748916111084 0.009397971845135867 0.009295333289221004 0.00989337250299941 0.009125763810857957 0.010206361777916607 0.008921164555858984 0.009901186500263696 0.009112952177800952 0.00881995839419543 0.010719846199418973 0.009167233384267809 0.00948897511174848 0.01008977892664101 0.008868030644257074 0.008721223340412435 0.01379669427890306 0.008761341507762834 0.010747121323906858 0.02338209570031764 0.010975287342490796 0.00859152509661648 0.008613709567572401 0.009114422553992684 0.010204411332095561 0.008687400018335999 0.011311881587029726 0.010170134539509181 0.00988775311998723 0.009568428432455483 0.008799584910774597 0.008661551393307392 0.009684079516986986 0.00900065613936024 0.012670269728846401 0.010554551102329094 0.009368801455673804 0.008572157683642815 0.00886720854002899 0.00988288778492269 0.009064566122145975 0.009626962653468199 0.009706166069376397 0.009212238768614562 0.010230396959083747 0.008592841900002786 0.010216611254579488 0.00957679007009507 0.009974930249543643 0.01063394866329574 0.009289826861629049 0.009433610228585474 0.009952285367662078 0.00869212645097207 0.0120804594028557 0.00988539438279172 0.009281360501328585 0.008876513010213596 0.010664274849097299 0.008953944956693539 0.00909465519150365 0.008978003378054936 0.00885487030135486 0.010489842192252201 0.008629066714669167 0.009294870497048604 0.009084821167960893 0.00947253725673378
