3
100 100 100
5249 10923 69921
0.4 0.2 0.1
-----
100
5249
0.4
-3.8844587237835917 -2.688584102492612 -3.28776260953688
-3.870477184683077 -3.2577679218525453 -3.1942636666940833
-2.0121154501368834 -2.1230527023022336 -2.50534503465131
-5.367073760390348 -3.3611472479486717 -3.3680051939748457
-3.4707569700329866 -2.2740019222387082 -3.0792623107901935
-3.4725759119031667 -2.654983889674326 -3.0659961889918037
-2.5346523192891337 -2.31663844824317 -2.678121859040286
-5.219764102161129 -2.6187283187085475 -4.734442097791851
-2.568824218169199 -2.0088336936802564 -2.570451641286785
-3.3382068453109808 -1.880757906423181 -3.7739854313332497
-3.4793190943822565 -1.6096749318760057 -4.060545770255615
-4.807242014543219 -5.0891874228680924 -2.2106342787949935
-4.832790148274837 -4.957886693907894 -2.365808659067549
-4.74845760111187 -3.5521046700096135 -3.9746818325931117
-2.6446125505094003 -1.683000252602639 -3.125262722864073
-4.359961925673732 -4.273190869321658 -2.843622402090088
-3.007528302480483 -4.021532797706091 -2.247726411859715
-1.55098176915845 -1.3018989164290735 -2.6014576785594032
-4.093058029560623 -3.644298171047235 -3.276915499433207
-3.117867283795514 -3.405986812940736 -2.4483555265459866
-4.049726169647923 -2.6118689968003252 -3.39513901392527
-3.362226211956632 -3.490054959606152 -2.3492896315306666
-1.9667513690043403 -0.9739253054442383 -3.1554997856810822
-5.240618702452348 -4.288638876827281 -3.928021961808604
-4.89284799920764 -4.056473926896275 -2.674482788169164
-4.216095701637935 -2.0141001789944446 -4.315530155104697
-3.450389782840954 -1.4712105893023955 -4.146424624020261
-4.117445083242526 -4.029376753810324 -2.5284596350191775
-2.8929201524056927 -2.914887771190982 -2.3700564851813177
-2.3886195705777817 -1.2376554918509273 -3.433034672308751
-3.507133353705381 -3.418382434678635 -2.670766013831353
-3.803708747407533 -3.28687349252736 -2.7548758800456605
-2.9845926928367845 -3.5884444430321456 -2.3344581344310344
-3.761667209009884 -2.9919118550845916 -3.0475752544208463
-2.999120086447201 -1.7243695177044138 -3.580028862803703
-3.6770847020949913 -2.876047202864255 -2.9143452605304256
-3.9898919854242885 -2.745450403823507 -3.366779327236981
-2.7306287116973893 -2.2588558746457 -2.6951963114346005
-3.2813302754865727 -1.5735068345915746 -3.6075357144145115
-4.875383465785544 -4.301457457446396 -3.8360486083474017
-5.422689512128544 -3.47646096614006 -4.385421937343891
-4.930763183865284 -2.8752696172651278 -4.460964209225221
-5.5029222926134675 -4.4091758569265025 -4.095793119118064
-2.938007159944392 -3.2626078539700987 -2.3943417975590013
-5.072540426223041 -4.312332055662479 -3.5131768647771313
-4.440284019165114 -4.951584342463807 -2.233757649184153
-3.488568830624166 -1.778112428477968 -3.716080167037047
-2.629036812949796 -2.0334882851990606 -2.9966519926475224
-1.6639889110730959 -1.9263976682945323 -2.4212289606681074
-3.8001434703896337 -1.794915190098635 -4.274593437429775
-4.634816650494242 -3.3392837020618202 -3.5226166242438253
-3.554029041838044 -3.098007859263653 -2.7330400673967445
-4.585085419458183 -2.708608300127159 -4.135003867178044
-2.977123221888502 -3.3827352482908526 -2.4210674745660876
-3.2344170483208052 -3.435195734989654 -2.2838068058715653
-5.042276524328927 -4.188820219775821 -2.6992853578861777
-5.333423462625161 -3.1162138755112525 -4.491055950967921
-5.147398013958135 -4.3216481140521275 -4.038481806705292
-2.896933592642505 -1.315490093613346 -3.7966785692841816
-3.671687441124655 -3.203871340201047 -2.573969518553789
-5.83689214993673 -4.522026177581397 -4.079768405215379
-5.1139021285614055 -3.5018956839017465 -3.8042009185713903
-3.7609459068752407 -3.24106671463959 -3.14163296485655
-3.3520507139591733 -2.1176675732306083 -3.484959875837117
-4.725118127068523 -3.1893492283265763 -3.6835906606664848
-1.6171990795775315 -1.1390670004045802 -2.780236815708851
-3.442594278125942 -4.428726072911349 -2.310627138581286
-5.376257289442675 -3.3698085890760376 -4.529369994162077
-3.3489712113365178 -1.9691560534241823 -3.4647277924554145
-4.394918838104457 -4.601118074614404 -2.7135248538065477
-3.6211432730167394 -2.936351460565587 -3.163340168985186
-4.756455442550541 -3.959060617839393 -3.8095122288087664
-3.348438209835107 -2.5138856010853243 -3.1070799584684092
-5.77252089312528 -4.839670985274413 -3.9749518359506837
-5.788192616289333 -4.4619650190000995 -3.98653660845335
-5.015044520825532 -3.717771768783251 -3.3177661411195403
-5.372604377917156 -3.397643213449411 -4.491784257838029
-1.8808101481663373 -1.3878655740031212 -2.8109376096401304
-3.5847607446256085 -1.6822742022171386 -4.100941521946746
-3.1527617388262006 -3.4992471752687404 -2.4894527642654505
-2.8572103099380097 -1.8856993838218363 -3.308077697803673
-1.2933017626109322 -1.3954164071467865 -2.3856295750060066
-2.422846573180393 -2.2009489218589193 -2.5397697088425257
-4.2449140354237525 -2.119175726652449 -3.91181682296908
-3.6148696953581756 -3.6992372075145363 -2.244951751388906
-4.928274372194429 -3.620537746557945 -3.856926856816088
-3.9317769681106536 -2.9222732880819677 -2.9181713511225227
-5.410009396243666 -4.518752002408341 -3.838997676906951
-3.8029760002355424 -2.121185324922521 -3.8207340948705317
-1.8456344176245363 -1.1043763736411476 -2.9906342291846744
-5.654877754475283 -3.784122377708511 -4.232946968941854
-5.226194848358845 -5.58488024421273 -2.2296481884654855
-4.730193429789907 -3.452079363492777 -3.328491732587559
-5.255115202547795 -4.012104350183245 -4.159542456389946
-3.326111983460197 -2.4624562570105493 -2.976284670662144
-3.984062468183644 -2.2507274167293874 -4.134941279306672
-5.874375442023975 -5.26696177035636 -3.4259716814372596
-3.1481211750464206 -1.6644274471045257 -3.7161755181093903
-4.076415558887201 -1.944768252826072 -4.312100165760649
-3.618872983119008 -3.489313826590667 -2.467079131443362
0.25084745762711863 0.3525423728813559 0.37966101694915255 0.23050847457627122 0.223728813559322 0.1559322033898305 0.28135593220338984 0.3525423728813559 0.39322033898305087 0.23728813559322032 0.3389830508474576 0.3389830508474577 0.3694915254237288 0.33559322033898303 0.30508474576271194 0.376271186440678 0.3389830508474576 0.3220338983050848 0.31864406779661025 0.2677966101694915 0.31186440677966104 0.2576271186440678 0.3762711864406779 0.25423728813559315 0.28135593220338984 0.2338983050847458 0.39322033898305087 0.38644067796610165 0.2169491525423729 0.3864406779661017 0.22033898305084748 0.2779661016949152 0.3254237288135593 0.21016949152542375 0.3864406779661017 0.3016949152542373 0.11864406779661019 0.21016949152542375 0.3661016949152542 0.23728813559322035 0.21016949152542372 0.2305084745762712 0.28474576271186447 0.24406779661016947 0.29491525423728815 0.3491525423728814 0.39322033898305087 0.3016949152542373 0.3864406779661017 0.30508474576271183 0.29491525423728815 0.18983050847457628 0.22372881355932203 0.3254237288135593 0.288135593220339 0.33220338983050846 0.35593220338983056 0.3355932203389831 0.2983050847457628 0.3491525423728813 0.2 0.2677966101694915 0.11186440677966103 0.1288135593220339 0.3762711864406779 0.36271186440677966 0.36949152542372876 0.2983050847457627 0.3491525423728813 0.34237288135593225 0.13898305084745766 0.37288135593220334 0.27118644067796616 0.19999999999999996 0.32542372881355924 0.3728813559322034 0.2711864406779661 0.3423728813559322 0.36610169491525424 0.2542372881355932 0.3525423728813559 0.3762711864406779 0.24745762711864405 0.19322033898305083 0.33220338983050846 0.2033898305084746 0.36271186440677966 0.38983050847457623 0.3457627118644068 0.32881355932203393 0.33898305084745767 0.3355932203389831 0.28135593220338984 0.2271186440677967 0.17966101694915254 0.2169491525423729 0.352542372881356 0.31186440677966104 0.30508474576271194 0.26440677966101694
0.010000000000000004 0.010000000000000004 0.010000000000000004 0.010000000000000004 0.010000000000000004 0.010000000000000004 0.010000000000000004 0.010000000000000004 0.010000000000000004 0.010000000000000004 0.010000000000000004 0.010000000000000004 0.010000000000000004 0.010000000000000004 0.010000000000000004 0.010000000000000004 0.010000000000000004 0.010000000000000004 0.010000000000000004 0.010000000000000004 0.010000000000000004 0.010000000000000004 0.010000000000000004 0.010000000000000004 0.010000000000000004 0.010000000000000004 0.010000000000000004 0.010000000000000004 0.010000000000000004 0.010000000000000004 0.010000000000000004 0.010000000000000004 0.010000000000000004 0.010000000000000004 0.010000000000000004 0.010000000000000004 0.010000000000000004 0.010000000000000004 0.010000000000000004 0.010000000000000004 0.010000000000000004 0.010000000000000004 0.010000000000000004 0.010000000000000004 0.010000000000000004 0.010000000000000004 0.010000000000000004 0.010000000000000004 0.010000000000000004 0.010000000000000004 0.010000000000000004 0.010000000000000004 0.010000000000000004 0.010000000000000004 0.010000000000000004 0.010000000000000004 0.010000000000000004 0.010000000000000004 0.010000000000000004 0.010000000000000004 0.010000000000000004 0.010000000000000004 0.010000000000000004 0.010000000000000004 0.010000000000000004 0.010000000000000004 0.010000000000000004 0.010000000000000004 0.010000000000000004 0.010000000000000004 0.010000000000000004 0.010000000000000004 0.010000000000000004 0.010000000000000004 0.010000000000000004 0.010000000000000004 0.010000000000000004 0.010000000000000004 0.010000000000000004 0.010000000000000004 0.010000000000000004 0.010000000000000004 0.010000000000000004 0.010000000000000004 0.010000000000000004 0.010000000000000004 0.010000000000000004 0.010000000000000004 0.010000000000000004 0.010000000000000004 0.010000000000000004 0.010000000000000004 0.010000000000000004 0.010000000000000004 0.010000000000000004 0.010000000000000004 0.010000000000000004 0.010000000000000004 0.010000000000000004 0.010000000000000004
-----
100
10923
0.2
-4.449031872808078 -3.4906110630406446 -3.9976000047102254
-3.345206348287227 -3.2900408741959932 -2.554293131814185
-4.398449715881036 -3.03732626498739 -4.038370176336296
-2.9838330042228307 -2.326740927714444 -2.8669236389425987
-5.022904133399688 -3.3132741290974863 -4.093158362074207
-3.044191023058345 -1.5712673801335433 -3.5988612182013355
-2.92027856791054 -2.995123846652772 -2.3899543417698874
-3.4920584182585963 -3.332863367112919 -2.484593332867671
-2.9491744664055366 -2.38685521407339 -2.8858293332604728
-3.9312780721028293 -3.287668220963169 -3.1162018264384694
-2.852767112318251 -2.9975295022968784 -2.426409063567698
-3.559458786724858 -2.287462452546856 -3.4024418752327406
-3.7473682185640755 -3.701453199868724 -2.5692985534733754
-4.981230154864938 -3.315096117854564 -3.859224283850021
-2.3595500204524025 -2.380461598107093 -2.5369152289184465
-3.8294426123376986 -2.884536792388871 -3.2653531970653455
-3.0690802755098625 -2.7852227865046064 -2.577289390851057
-3.215622266961523 -3.2124917437730627 -2.5387942826746563
-3.095837449251678 -3.168323325977007 -2.432289495262424
-3.0565871395361373 -3.099612892155315 -2.4789917536980983
-4.035434982481506 -2.642752347141854 -3.747416412862444
-4.706492202272852 -3.6570308489503462 -3.9915357386197714
-3.682278885050114 -3.257890993509189 -2.6460968041435615
-3.138440563714046 -2.8285751436052626 -2.8330541125206965
-3.7533500085031077 -2.571334824686876 -3.4386008956148664
-2.787738302401256 -2.9907729627713735 -2.4139821172228113
-3.961050646219504 -2.518422932939254 -3.4778466386365556
-2.924896401193612 -2.604838813744927 -2.7049919294460714
-3.2317716466679567 -2.295939615196648 -3.1924535250153356
-2.8586163183539366 -2.8845302814151186 -2.5920897217496233
-3.7388165804449818 -2.8466980419601597 -3.286946277524704
-4.939282652879017 -3.940948160131891 -3.7380233241780094
-3.692775290262294 -2.3923082873624715 -3.55386384486766
-4.8221981040978505 -3.2576831037690845 -4.0235024462895
-2.909383681145293 -2.595876130810412 -2.8067061436952363
-4.171342090013467 -2.949670179392416 -3.3623019897899034
-4.443463130761804 -2.7898649900571866 -3.9394576527575422
-2.8752731958183455 -1.7525595676291015 -3.282879051988562
-3.873810439125113 -2.895006499984328 -3.316682589618989
-3.4386377967826887 -2.3313116113249555 -3.246588593335337
-3.471783471560151 -2.4885088600383476 -3.223462124717802
-5.1988577445588025 -4.0619630100483235 -4.038768272184984
-3.5901916898044997 -2.986699122376251 -3.2261802765599104
-4.044013968477213 -3.4990867243645773 -3.439677539351049
-3.4996165831883963 -2.4378541587078746 -3.249974482083628
-5.576459566333773 -4.156830198577794 -4.1409324271449846
-4.164245535773622 -2.9269808658557226 -3.5308839736004316
-3.1828503311703584 -2.960169827831424 -2.758520775181849
-2.9014556885891625 -1.7792751822225854 -3.1996348765985103
-4.221805606463376 -2.8777034419548317 -3.7133892799605652
-3.539104837348743 -3.279040150247614 -2.638977813181058
-3.5759797536222293 -1.860814939956597 -3.8334775346262355
-3.545660886800781 -2.5758391380905614 -3.034339117917849
-3.8440775118301285 -2.74051059194699 -3.4540515183370775
-4.995359902108428 -3.6669886461280163 -4.1306271610545835
-3.0606078220068182 -2.7485110555761474 -2.943101299756867
-4.613119964183511 -3.6133760916746427 -3.8764515964285664
-4.9543203884919915 -3.194966565777906 -4.303317345886899
-3.244992216125785 -3.1018786484954837 -2.636887183770325
-3.504605559942997 -2.7262872621639787 -3.297665022332545
-5.1669204682014325 -3.831969725196108 -4.0822642776472335
-4.193571955458556 -2.3767272229213106 -4.11660331954679
-4.612128894538086 -2.3420410870433717 -3.864030244260891
-4.050232710072679 -2.641090073816763 -3.960323137098851
-3.942512421147285 -2.2932353148600955 -3.8771005343651597
-5.125286397103904 -3.399097725847546 -4.317406859398329
-4.230621708358708 -3.049917925072766 -3.4098900660163927
-2.6842248677679024 -2.653634126181248 -2.5823808667481583
-2.9561041535708874 -2.033435573338837 -3.187642364295847
-3.531765463719001 -3.334451151412873 -2.4612653539289555
-3.0180683519995055 -2.289239831873773 -2.9427621888857036
-4.648970306492867 -3.118328116001162 -4.1290106700034155
-4.55480010327631 -2.409840942049431 -4.162609044150925
-2.8747506086725823 -2.0259745629687145 -3.102708139510552
-3.943604410516567 -2.564333103458199 -3.675248270528768
-3.198582260842057 -2.4764940097977375 -3.0278576184889783
-5.666469297743552 -3.7704645152665783 -4.3228372805598205
-3.3576812535183542 -2.4986581369391123 -3.070368098731705
-2.633046804933768 -2.0372172962912 -2.7784160702049276
-2.808966152350506 -2.2051795110556762 -2.732303845324133
-3.870032104608698 -2.9166058359309934 -3.068075478829365
-3.6789873114592258 -3.9380711910033344 -2.5021815665358567
-3.8703877422604283 -2.7130406796230533 -3.616390028344313
-4.096948115274844 -2.8196128228841526 -3.647510232235457
-3.6411426251905175 -2.9405892494277244 -3.128571715680227
-3.067901272341975 -2.708865814917724 -2.578548075687774
-2.7907913924276984 -2.689560732282882 -2.409847286744463
-2.865788956644228 -2.563868401863921 -2.7787702109468304
-4.579869201616645 -3.0979856588816785 -4.113906474276238
-3.9579663883932685 -1.6026416608384377 -4.142180596366783
-4.909596959509975 -3.9748511503669177 -3.6892231337317174
-3.1953863458269103 -2.1205314583654746 -3.1888980157079345
-3.3421514247607575 -2.6324671641171364 -2.9003360972143595
-5.25238843461424 -3.7621675793816958 -4.160538082579967
-3.4958384012421786 -2.3771930166883264 -3.3712385117177774
-2.6079472864055955 -2.306541729135645 -2.626150603124863
-2.6469328254687126 -2.195981192610517 -2.827718967557981
-3.6071672438502613 -3.27797847692524 -2.6296762182093483
-5.879098682770229 -4.674275772626278 -4.090951476950558
-3.710208232982662 -2.781915152283755 -3.1246594234355087
0.18983050847457628 0.14237288135593218 0.15932203389830507 0.12203389830508471 0.18305084745762712 0.19999999999999996 0.19999999999999996 0.10169491525423727 0.16610169491525423 0.1864406779661017 0.14915254237288134 0.12542372881355932 0.18983050847457628 0.18983050847457628 0.19322033898305083 0.13898305084745766 0.13559322033898302 0.15932203389830507 0.1423728813559323 0.17966101694915254 0.16271186440677965 0.13559322033898302 0.18983050847457628 0.18983050847457628 0.16610169491525423 0.15932203389830513 0.17627118644067796 0.06779661016949157 0.0847457627118644 0.10847457627118644 0.15254237288135597 0.16271186440677965 0.14237288135593223 0.1288135593220339 0.12542372881355932 0.1084745762711864 0.17288135593220333 0.17627118644067796 0.07796610169491525 0.18983050847457628 0.13898305084745763 0.14237288135593218 0.13559322033898302 0.17966101694915254 0.16610169491525417 0.13220338983050847 0.1559322033898305 0.16949152542372875 0.1932203389830509 0.16271186440677965 0.15254237288135594 0.1694915254237288 0.16610169491525423 0.1694915254237288 0.13220338983050847 0.1694915254237288 0.13898305084745766 0.1694915254237288 0.15932203389830513 0.11525423728813555 0.1559322033898305 0.19999999999999996 0.1932203389830509 0.17288135593220344 0.17627118644067796 0.1864406779661017 0.1694915254237288 0.14237288135593218 0.18983050847457622 0.16271186440677968 0.11186440677966103 0.13559322033898305 0.1796610169491526 0.19322033898305083 0.0847457627118644 0.0711864406779661 0.19661016949152543 0.1016949152542373 0.1694915254237288 0.18305084745762712 0.17627118644067796 0.16610169491525428 0.1423728813559322 0.16271186440677965 0.11525423728813555 0.14237288135593218 0.18983050847457628 0.13559322033898302 0.18305084745762712 0.16271186440677965 0.16610169491525428 0.19661016949152543 0.15254237288135591 0.14576271186440676 0.14237288135593218 0.1796610169491526 0.16610169491525423 0.1457627118644067 0.1559322033898305 0.13559322033898302
0.009459926298512805 0.010285233171162632 0.009537485476047864 0.010036020326581921 0.010065740429579409 0.011741626914354828 0.011699505051563907 0.010482036315271396 0.009983331610311983 0.008522089635646943 0.011653252839119244 0.009118404294828016 0.010329075541750471 0.009374951628308526 0.01276721517836649 0.008444664406772561 0.010461121430774508 0.010478051392747222 0.011174936755529538 0.01096631385689872 0.008996827911895655 0.009573841889311423 0.009633070370927081 0.009535278422418136 0.00870637617800088 0.011895996719904607 0.008763744081645484 0.010319414492949878 0.009345796285008727 0.01081156048508977 0.008488556834678553 0.00947265566675661 0.009051143593644225 0.009613573713381021 0.010068135112828308 0.008411130796960705 0.009399253016259192 0.010985185430511276 0.008423595716338403 0.009095363147389587 0.008891659633323326 0.010646896194512636 0.00857431113067885 0.008563194229214683 0.00892100631901981 0.01199363384863211 0.008480582099566482 0.009654384591414183 0.010848821679649661 0.008743010890749574 0.009749408683535354 0.010880214241297828 0.008918269050665966 0.008553405910439302 0.010251282299366027 0.009473008914701778 0.009195995683554257 0.010969386463094845 0.009984380946848148 0.008697213511562687 0.010426096474871539 0.010617862800244484 0.010153693490445675 0.009596306800099331 0.009844287956275087 0.01121473098206969 0.008393953134544933 0.011314234865891103 0.010163514420449228 0.010570268875777781 0.009882450701783367 0.009919322456521763 0.010969856471071127 0.010361488518606733 0.00895150875323537 0.009303347382308166 0.012669589337513809 0.00907010807209769 0.011450115244909524 0.010895529690348663 0.008578532324522678 0.01115028551874932 0.008744236228082392 0.00866875808556549 0.008581101530576821 0.010489593953483973 0.011908836380114826 0.010245524995105542 0.009836942935520123 0.013299692322699862 0.00943347684174482 0.009661805027471026 0.009229352594725586 0.010796116267610428 0.009017907259140449 0.011616268957505208 0.01100016644977551 0.009738348531005758 0.014469679808409 0.008603558817270198
-----
100
69921
0.1
-3.177642324320792 -2.7652821224498547 -2.732860295340218
-3.220966064956612 -2.4145204836703 -3.182279182100666
-3.183110336451847 -2.4209641472598893 -2.9873657132441767
-3.5940895746366226 -2.9401768595981417 -2.94876397217358
-3.3318024458982936 -2.3959090563493626 -3.0785537262422613
-3.064454461890592 -2.1256869801160296 -2.976035738961608
-3.2104643074218675 -2.549909547978866 -3.0028918831389344
-3.3270536012542293 -2.169336834389202 -3.2638726534537135
-4.057105291657457 -2.9920342383501963 -3.4480425339787883
-3.325325326468567 -2.3922862462360923 -3.2194959121367517
-3.957663200959651 -2.7264201784299678 -3.3125360063719445
-3.1343227325696064 -2.8270132835230104 -2.756330694023698
-3.8239417385582537 -2.8243351445325953 -3.291972506727739
-3.33883499140268 -2.5682656734724385 -3.233344988672592
-3.410645527315604 -2.372717657827622 -3.1631673079664715
-5.0690403957838015 -3.6007523816311684 -3.9213333933789047
-2.9341830327091567 -2.5187824227380244 -2.7105680302760167
-3.323342755039011 -2.9007007884778555 -2.7332907286826744
-3.036896262185149 -2.932301432373735 -2.560642139303531
-3.233858247836795 -2.725489410357269 -2.847006180483339
-2.914601497745493 -2.4875871012920725 -2.9041731033635667
-3.0259158635192893 -2.8801379883100005 -2.5661746780066284
-3.1124869336350707 -2.5539985249473838 -2.849561153319363
-3.397422257705697 -2.431419926909463 -3.0688415637374624
-2.9075669558224804 -2.173386833328798 -2.952559840784514
-3.6519649612593 -2.939462607666624 -3.014921198188842
-3.0931836360966236 -2.178089524859967 -3.060132883056735
-3.2005051647766125 -2.397674021717841 -3.237415284698298
-3.0504576840204978 -2.5218255873545297 -2.912551584787568
-2.9052046231966937 -2.3882931306503115 -2.875752764544112
-3.694270219124685 -2.8332909583132384 -2.9509328601459255
-2.946503575545293 -2.438028592326989 -2.797417948641981
-3.442495805203426 -2.5407950684830487 -3.135587525896139
-2.9699612997219584 -2.5800546623823024 -2.7774497041471475
-3.0954885313788933 -2.24156959137723 -3.0530948698072553
-3.454124262802168 -2.3063848934694358 -3.2158952802897733
-2.8605555618049467 -2.907106146713895 -2.519006135968768
-3.6264683405971905 -2.8740548532739227 -3.211978658894489
-3.173884659966066 -2.8297825127687277 -2.673795577061562
-3.392100599054346 -2.5400110879140017 -3.2464986816840025
-3.308003867290027 -2.662922892010368 -3.0102970289372983
-2.8035045339783493 -2.778731629053076 -2.4957947486018948
-3.6213040425119143 -2.6619986572074255 -3.3991032732744717
-2.971283453089518 -2.7541555445714097 -2.710829654264615
-3.1326635826350304 -2.7985636352492373 -2.744114551100643
-3.4008514026363144 -2.4253042547225006 -3.1291032398034266
-3.1696860856577986 -2.753335033728033 -2.9063647214442696
-3.6617118550448584 -2.6633594677278563 -3.3114790392108695
-2.9497897152523738 -2.5196480775334775 -2.6854479256869133
-2.9441660980928335 -2.8069788865443597 -2.576824556205633
-3.0991142665784186 -2.452102240184055 -3.024943090511974
-3.628656988635252 -2.7922336834044224 -3.0615726139813253
-2.910479713275719 -2.8339077061792786 -2.525552895349185
-4.158769716455054 -2.65766868452105 -3.546396680113489
-3.008103638056329 -2.5861736480849347 -2.781638063068075
-3.9088953653526044 -2.5460977024792895 -3.3155858820194557
-2.7640535536580275 -2.21164953957192 -2.823018671788157
-3.0612647562675286 -2.448728635191992 -3.0124129568333657
-3.15651910453615 -2.7348689159222372 -2.707665493132907
-2.8119348488262257 -2.606587087342497 -2.6092536297306506
-3.3079523789755996 -2.491829702805938 -3.0238680809153076
-3.0053748397946793 -2.830753304252317 -2.5499507962509886
-3.2635559984091214 -2.866992850368836 -2.634901104323464
-3.939269569560227 -2.832963615369759 -3.4945209567159687
-3.0457410546568804 -2.535070518118976 -2.826418066413988
-3.143975584018976 -2.6153093710461564 -2.8056677049956313
-2.8841871291627683 -2.3782243779125167 -2.8130119466264505
-4.3909434419668045 -2.961945654743864 -3.729350949065946
-3.327312460245642 -2.475181403851279 -3.16075315323682
-2.997058202911521 -2.6008904917497135 -2.9273499829282477
-3.2876319529354747 -2.4799983525461493 -3.1684550157211615
-3.511202263949216 -2.4457771971807496 -3.2507308611404877
-3.879510146556715 -2.789338039819597 -3.168340063906811
-4.047908543440961 -2.759948973111368 -3.5000966045476156
-2.9716174762360317 -2.539406657033923 -2.708824715217024
-3.513000831592182 -2.740299801160948 -3.1716985492482364
-4.1262982534093915 -2.852078442828412 -3.591052677715761
-3.6958882058247235 -2.588142208644373 -3.060945619768778
-3.101265171887658 -2.6178932551519662 -2.732957399120804
-4.186163388586607 -3.093305664147672 -3.6793051144101643
-3.1705039086457076 -2.441892558853593 -3.0308345122219227
-2.9243014902550915 -2.425935951383574 -2.8312876900386375
-3.438782596653993 -2.7135181666591994 -2.9922319407991664
-3.0626772107527636 -2.4256857604145114 -2.920407764698123
-3.303827552744199 -3.2572490042609847 -2.4953601199457527
-3.175646519151559 -2.99486767464531 -2.5082003767177397
-3.185739704227756 -2.3952434771751254 -2.996221975282185
-3.0748063242696224 -2.803975596092296 -2.6763052904417832
-3.3364338322068994 -2.6871438858122816 -2.779509060594444
-3.1030355374858694 -2.798746164187581 -2.7321181536438575
-3.2124924668952533 -2.5512110397528787 -2.92596952581108
-3.3366919354700344 -2.521556277955306 -3.052060741907381
-3.3658746426327832 -3.211789200684101 -2.711554460800003
-2.9928780754046436 -2.4508427306555576 -2.6904198700446007
-3.1577780879836665 -2.496749014512996 -2.898324548690505
-3.20402827749561 -2.4612846671855806 -2.9974959693903336
-4.271181525376471 -3.3896306890423897 -3.8879885179115097
-3.2942963555209785 -2.5678842813186478 -3.0094908842276005
-3.1756122162956846 -2.8497918409825864 -2.656083910178513
-3.2092335956400553 -2.837453109255684 -2.6573713407030994
0.06440677966101693 0.0847457627118644 0.08135593220338982 0.08135593220338982 0.0847457627118644 0.09830508474576272 0.07457627118644067 0.09491525423728814 0.07457627118644072 0.09830508474576266 0.09830508474576272 0.0847457627118644 0.09830508474576272 0.08813559322033898 0.0847457627118644 0.09152542372881356 0.061016949152542355 0.0915254237288135 0.08813559322033904 0.08135593220338988 0.09830508474576272 0.06779661016949153 0.08474576271186442 0.09491525423728812 0.09830508474576272 0.09152542372881356 0.06779661016949153 0.09152542372881356 0.08135593220338988 0.09152542372881355 0.0847457627118644 0.07118644067796609 0.09152542372881356 0.09830508474576272 0.08135593220338982 0.09152542372881356 0.08813559322033904 0.09152542372881356 0.09830508474576277 0.08813559322033898 0.08135593220338988 0.09152542372881356 0.09152542372881356 0.09830508474576272 0.08135593220338988 0.0983050847457627 0.0847457627118644 0.09830508474576272 0.09830508474576272 0.08135593220338982 0.09830508474576272 0.06440677966101693 0.09830508474576272 0.06779661016949151 0.05423728813559325 0.09830508474576272 0.09830508474576272 0.07457627118644068 0.09152542372881356 0.09830508474576272 0.09830508474576272 0.09491525423728808 0.0847457627118644 0.09152542372881356 0.09152542372881356 0.09152542372881356 0.0711864406779661 0.0949152542372882 0.06101694915254241 0.06440677966101693 0.07796610169491525 0.09830508474576272 0.08813559322033898 0.088135593220339 0.09491525423728814 0.06440677966101696 0.09830508474576272 0.0847457627118644 0.07118644067796609 0.08813559322033898 0.09491525423728814 0.0847457627118644 0.08135593220338982 0.09491525423728814 0.09830508474576272 0.08813559322033904 0.08135593220338988 0.08813559322033898 0.08135593220338982 0.06440677966101693 0.09491525423728814 0.07118644067796612 0.09152542372881356 0.05423728813559325 0.06440677966101696 0.08135593220338988 0.09830508474576272 0.08813559322033904 0.09491525423728814 0.09830508474576272
0.009679768972019762 0.009570962732926269 0.009579244620775171 0.009335514969443647 0.009483652302242627 0.01114356840845932 0.009260309436565911 0.010609220874262224 0.009932467484067876 0.009564285432189564 0.009467762378098541 0.009718248001115428 0.009246629018623628 0.009191692622294205 0.009542302050199146 0.0159160155888974 0.010366317946941513 0.009726719125460019 0.010834754491262448 0.009320145676735971 0.010037915632679707 0.010717607554503596 0.009577139243491632 0.00936328836246396 0.011252484694916203 0.009284677988029821 0.010706733975204588 0.009722829864117764 0.009634930766718104 0.010370554028568993 0.009292124035199021 0.010271830963166199 0.009106800053849378 0.009977680328458803 0.010364432771423947 0.009823254825540976 0.011478278088676429 0.009100321581376764 0.009939714338402536 0.009207908722179265 0.009059320178249033 0.01160942866496377 0.00927727713223069 0.010104010285756781 0.009725508140090475 0.009371130601434473 0.009304474875091001 0.009138932190748166 0.010417041866529225 0.01074946434342104 0.009603303881930925 0.009045986490904767 0.011143830227930666 0.010303085780331083 0.009874108335976217 0.00962326317789741 0.011767655213543303 0.00968756008953286 0.009776108225932644 0.01099926263694386 0.009268171955071446 0.01076785174573454 0.010073386262217729 0.009667076663329006 0.009768164611887063 0.00955398797765483 0.010593292992190263 0.011191840406728083 0.009291629683646491 0.009631559672055397 0.009320534695938798 0.009383104697996587 0.009308715276939947 0.00984667224572336 0.010242898057473474 0.0089659036129395 0.010178118002121503 0.009227805090770619 0.009813190283544753 0.010817944251946147 0.009513739567454963 0.01028494984722347 0.009015642268526684 0.009820093412752137 0.012317470406621397 0.011079452128924581 0.009645521161801885 0.010043781128242559 0.009440335850631995 0.009806199501198442 0.009330642662626612 0.009179964328401805 0.010891018725013015 0.010473448553804575 0.009531616330739335 0.009441986672167333 0.012808195083209312 0.009153998287203103 0.010031381581994436 0.009977872024565944
