3
100 100 100
2145 12704 98739
0.4 0.2 0.1
-----
100
2145
0.4
-2.4811543860655743 -1.7913900783293029 -1.9977660324675401
-3.903819517911117 -0.8202452137373761 -3.4755924533701212
-3.2417509283629755 -2.740614865448005 -1.258695053687127
-3.4887366428140685 -1.1315814437900222 -2.6397105455490664
-3.1900926168496606 -1.9286999929679318 -2.518564346063458
-5.224030692542526 -2.8843093173507777 -3.6397248177844523
-3.7844416086419 -2.083706288957695 -3.2608931057662667
-3.9242785565076064 -1.4621046980984937 -3.611287288875992
-4.194862150478315 -3.497949252648034 -1.9255083059503928
-3.703658603018724 -1.196505859416754 -3.0112841852367644
-4.91440952627301 -2.598694395703819 -3.7423938246036186
-3.6740048237930907 -1.9688692462359683 -2.879515620947488
-2.78580787074072 -1.8546331149427964 -1.848206479957219
-1.8425579277396986 -0.8016503342921624 -1.849553254406537
-3.2033154170885987 -2.864967182306531 -2.186136418695635
-3.9949581403489516 -3.5571683420585463 -1.3050985337507255
-3.1991842564433344 -2.7316912699551605 -1.7569392777319832
-2.829622216963962 -2.2668537213379363 -2.1111995270540063
-4.460075176287427 -4.583311517078291 -3.0767972344980015
-4.011847558713045 -3.626359364303362 -3.3831279591286907
-5.020543272253758 -5.084739514747543 -1.3533713374059069
-3.129931675922899 -2.350560673796675 -1.8287648347358125
-4.431839720772036 -2.6687216305086388 -3.4649762806157693
-3.421396745152883 -0.8701419941553619 -3.204624960992689
-2.740464431857193 -2.039541650933823 -1.4397714069147698
-3.768980029797377 -1.080532568551492 -3.546450632283058
-3.8769940273176746 -1.1809060837177787 -2.933594148435344
-4.337023097922026 -3.1426623143782777 -2.7758110790278385
-3.181729759473209 -1.9543629435735568 -2.3020709922184035
-3.0152402954126276 -2.5124351709079185 -2.304966968227831
-5.445318481769878 -3.88495268701683 -3.20477433333243
-3.214426010215896 -3.2736494528638445 -1.389030404036534
-4.950618926892812 -2.4442638284916547 -3.6324996962480753
-5.015195250174543 -3.1764385932199404 -3.439461909307624
-3.780905802835841 -3.733652978926874 -1.5114837261707352
-3.8535973691698056 -3.4070071357522695 -2.485679438418424
-4.564757138629023 -4.02824735756402 -3.5814482165278596
-4.333388599021719 -2.3768582731926706 -3.057998585593338
-2.731250964717958 -0.6663221003666493 -2.548775499533702
-3.851417135199672 -1.4132206372010838 -3.2791335483344564
-4.125377267859264 -1.6505960458538418 -3.409737636376247
-5.7768497370525935 -3.8442619425467 -3.7488053171717364
-4.0940409765759025 -3.833678856110812 -2.1644944138826987
-2.8717066217950804 -0.8106082149543443 -2.81499743377646
-5.060804884882514 -1.5207951223023084 -4.254840789824765
-3.7783835665431003 -0.895078830074171 -3.350737855671959
-2.4754347829418526 -2.7102227869771265 -0.9600626277491688
-2.689141924013364 -2.101863012276469 -1.524993379546693
-1.7062873301760852 -0.8507317550849605 -1.6354723209486322
-3.8367829922304084 -3.22711370764992 -1.7004213154742116
-2.2356423542699915 -1.5001803939286376 -1.2410490165033954
-4.672552678351873 -4.142695740786084 -3.224623009314205
-4.472909135874487 -2.076730808270449 -3.011326051386289
-2.7265699606752865 -0.45866715678283754 -2.983237935883423
-4.724042020335978 -2.476275954843835 -3.3232671386257047
-4.331361766429446 -0.9036172005371004 -3.7867722092069225
-2.4089440667916335 -0.4728311247640651 -2.452882952386841
-1.839154319708662 -1.2023174524346842 -1.5230915351488274
-4.066050265111523 -1.0440145153073903 -3.4065619694815314
-4.168092094235325 -0.9992888706571472 -3.4841455365591267
-2.134336653968779 -1.8179248464616924 -1.1425552674645232
-2.8182919123176022 -2.3094639923389093 -1.52528664628188
-4.472260343773968 -3.6898470243469936 -1.5225577212807933
-2.8770506049312883 -2.8220090603160117 -0.9939538482183767
-4.577530375686901 -1.1587018837273124 -3.792955948011822
-3.6941235661166556 -3.1346907012293976 -1.931241514089736
-4.65717402686741 -4.544269809548627 -2.142291080561903
-3.845882614616741 -3.410784226963836 -1.7629814661626728
-2.3636176728844367 -2.0484392082762133 -1.2964758836505084
-3.027218648839503 -1.4730859308036504 -2.431796972615337
-2.874326033959741 -1.5370955791995193 -2.253457042535985
-1.745263054600155 -0.6361454183614503 -1.8335269934047567
-3.159194754284976 -2.5680951960577336 -2.142947376590856
-2.7081542715956517 -1.417046005480552 -2.075741477077804
-5.466367292404092 -5.250872836828696 -2.29830338947933
-4.205222101546923 -2.1232658028715337 -3.4931144517647006
-4.52527021540504 -1.3131378666572484 -3.84447836831777
-3.6187078298698183 -2.6519930714594078 -2.256086648842695
-4.168434272899027 -3.579283639613198 -1.0204761030498517
-2.134213189167267 -1.1686939995499124 -2.1694410796847947
-5.438067987371708 -4.9153401370804755 -3.757122215912832
-4.709127373571402 -2.192550670347053 -3.5296578072606253
-2.550627364778004 -1.5330839864784647 -2.140358931410892
-5.949236158797005 -3.791120288003645 -3.788436716048251
-4.285569470751803 -3.9046647587372916 -2.706018197517255
-2.3809956450571605 -1.2200002795985165 -2.109059080584945
-3.755512262027487 -3.3056819486752134 -1.842301808659606
-5.193291251967407 -2.733249083176037 -3.9380236146307994
-4.661462423787408 -4.1255834082746 -3.1243106553620783
-3.540245674780137 -2.5745037644596422 -2.8576771856569283
-5.393478875705226 -4.680040835836362 -2.881772620115837
-3.35486876892762 -3.402799579015755 -1.876781397057207
-2.999547383026518 -1.641291290072683 -2.3240671705283247
-4.656810971930448 -0.803663686185037 -3.7556470467563368
-4.404810460922899 -2.288931321684721 -3.2199309536331318
-5.024507741129398 -1.704278458029032 -4.209390277901521
-4.766401199036592 -2.7012996488224412 -3.090272009471421
-1.6071568617530438 -0.620729235189545 -1.838127752430906
-4.114622198581216 -1.944711467106977 -2.947515160342148
-3.7912523696674834 -4.308633410086342 -1.0164178044594845
0.3152542372881356 0.37966101694915255 0.34576271186440677 0.35593220338983056 0.23389830508474585 0.35593220338983056 0.20677966101694917 0.3593220338983051 0.376271186440678 0.36610169491525424 0.3220338983050848 0.18305084745762712 0.2677966101694915 0.3593220338983052 0.19322033898305085 0.34915254237288135 0.2271186440677967 0.26101694915254237 0.3491525423728814 0.37966101694915255 0.36949152542372876 0.22372881355932206 0.17288135593220338 0.35593220338983056 0.3593220338983051 0.3389830508474577 0.3694915254237289 0.31525423728813556 0.2169491525423729 0.288135593220339 0.37288135593220334 0.34576271186440677 0.21016949152542375 0.1254237288135593 0.311864406779661 0.1694915254237288 0.3593220338983051 0.10508474576271187 0.36949152542372876 0.3593220338983051 0.29491525423728815 0.23389830508474574 0.3932203389830508 0.3728813559322034 0.3593220338983051 0.3728813559322034 0.3830508474576271 0.3016949152542373 0.3728813559322034 0.3186440677966102 0.3830508474576271 0.31864406779661014 0.29830508474576267 0.3830508474576271 0.28135593220338984 0.3830508474576271 0.39322033898305087 0.34237288135593225 0.3728813559322034 0.311864406779661 0.3627118644067797 0.2915254237288135 0.3050847457627119 0.37966101694915255 0.3254237288135594 0.2711864406779661 0.2711864406779661 0.31186440677966104 0.33220338983050846 0.2779661016949153 0.2745762711864407 0.3728813559322034 0.21355932203389827 0.2915254237288135 0.30847457627118646 0.23728813559322037 0.3457627118644069 0.264406779661017 0.38983050847457623 0.39322033898305087 0.3627118644067797 0.2779661016949153 0.30508474576271183 0.2745762711864407 0.37288135593220334 0.3016949152542373 0.37288135593220334 0.30847457627118646 0.3694915254237289 0.32542372881355935 0.36949152542372876 0.30847457627118646 0.25762711864406784 0.37966101694915255 0.17288135593220333 0.3593220338983051 0.10169491525423724 0.39661016949152544 0.24406779661016953 0.3728813559322034
0.010000000000000004 0.010000000000000004 0.010000000000000004 0.010000000000000004 0.010000000000000004 0.010000000000000004 0.010000000000000004 0.010000000000000004 0.010000000000000004 0.010000000000000004 0.010000000000000004 0.010000000000000004 0.010000000000000004 0.010000000000000004 0.010000000000000004 0.010000000000000004 0.010000000000000004 0.010000000000000004 0.010000000000000004 0.010000000000000004 0.010000000000000004 0.010000000000000004 0.010000000000000004 0.010000000000000004 0.010000000000000004 0.010000000000000004 0.010000000000000004 0.010000000000000004 0.010000000000000004 0.010000000000000004 0.010000000000000004 0.010000000000000004 0.010000000000000004 0.010000000000000004 0.010000000000000004 0.010000000000000004 0.010000000000000004 0.010000000000000004 0.010000000000000004 0.010000000000000004 0.010000000000000004 0.010000000000000004 0.010000000000000004 0.010000000000000004 0.010000000000000004 0.010000000000000004 0.010000000000000004 0.010000000000000004 0.010000000000000004 0.010000000000000004 0.010000000000000004 0.010000000000000004 0.010000000000000004 0.010000000000000004 0.010000000000000004 0.010000000000000004 0.010000000000000004 0.010000000000000004 0.010000000000000004 0.010000000000000004 0.010000000000000004 0.010000000000000004 0.010000000000000004 0.010000000000000004 0.010000000000000004 0.010000000000000004 0.010000000000000004 0.010000000000000004 0.010000000000000004 0.010000000000000004 0.010000000000000004 0.010000000000000004 0.010000000000000004 0.010000000000000004 0.010000000000000004 0.010000000000000004 0.010000000000000004 0.010000000000000004 0.010000000000000004 0.010000000000000004 0.010000000000000004 0.010000000000000004 0.010000000000000004 0.010000000000000004 0.010000000000000004 0.010000000000000004 0.010000000000000004 0.010000000000000004 0.010000000000000004 0.010000000000000004 0.010000000000000004 0.010000000000000004 0.010000000000000004 0.010000000000000004 0.010000000000000004 0.010000000000000004 0.010000000000000004 0.010000000000000004 0.010000000000000004 0.010000000000000004
-----
100
12704
0.2
-4.054146753142342 -2.3661393485533266 -3.011765275205303
-3.466945436757287 -2.8583272223718934 -2.4471799677413024
-3.0719736869018046 -2.619969081056322 -1.9304294307212655
-3.4921574328651808 -2.1493692645001063 -2.645526261052534
-3.954762256920311 -2.7400498460961207 -2.883710531733397
-4.855313808757452 -3.6446711999228203 -3.385967353467842
-4.956974057719825 -2.215908732179265 -3.6621694132897127
-5.323713737036636 -4.1781733294571675 -3.196458198342299
-3.524948075383881 -2.756488294286043 -2.366949633884018
-3.906635436823173 -1.9878999025066826 -3.153624979058502
-3.441298468496984 -2.8474490658868907 -2.3344708395538514
-3.609532239551198 -2.0935141774351225 -2.7913583323171407
-3.4889491008688553 -2.6122610945376223 -1.9572323059612065
-4.7901841897980155 -2.3663127095512695 -3.2916364933452122
-3.675748705347233 -2.435224959638764 -2.6661407569328652
-4.536584183044214 -3.6020600348258593 -3.5834932440455396
-5.447614442738621 -2.4784175003933853 -3.5819645589331373
-3.444614732357711 -2.405035042786343 -2.656993504327137
-3.31972522006798 -2.8335416179504986 -2.328207934554185
-3.9187503873632723 -2.587868147370297 -3.064139916396003
-3.8958502130874075 -2.0221049674804945 -3.082896682470113
-5.611808427703207 -2.966655486514373 -3.4740164971364917
-4.003955440729909 -2.5909947984465536 -3.0195631405337147
-5.001296594227279 -3.60786794414449 -3.668978749031695
-3.292409589575714 -2.524346137670675 -2.2980536133546514
-4.806706905597064 -3.62713582977768 -3.277509451030076
-5.247215483569006 -3.268345579640382 -3.6500344996321257
-3.5079817574321654 -2.365842426806214 -2.4640212610312497
-5.159116087368903 -4.595970019949758 -3.5238367901073513
-3.9451094135774665 -2.397793316904482 -2.6845427202649987
-4.063238247605845 -2.1448202551418696 -2.957539781541067
-3.6087096712166344 -2.4609185513211402 -2.818733475687517
-3.6687739406535185 -2.381331019283163 -2.769016630592247
-3.2291892854207673 -2.7386885864868855 -1.9654056294573692
-3.316809743631403 -1.9948352722159277 -2.55013549536162
-3.8976292743266923 -2.934549462673279 -2.5094826115828925
-3.2839707883237987 -2.2779144511334315 -2.40587609575732
-3.2603000675230707 -2.610019678693023 -2.0817213863593995
-4.226852740063769 -2.6202678041203833 -3.0150723704058264
-4.941739459833257 -4.258485669610763 -3.55240534256367
-5.075438128450359 -3.3179702373116227 -3.4736619693416153
-3.508224526906062 -2.1098207099302697 -2.7333763060484295
-5.855260684286105 -4.312637103490933 -3.704319384673603
-4.261864221764082 -2.096355889324494 -3.085856399931417
-4.298697515797377 -3.37242245905366 -3.018037344190116
-4.6186772774591915 -2.442895806760374 -3.4178684537458466
-4.956806138436045 -4.1312986116350405 -3.2691970786733324
-2.9804765112559224 -2.3213372780089796 -2.2183794231271516
-3.2349417225856323 -2.030685031283003 -2.508801725535337
-5.187179803733923 -3.85577099781177 -3.608880214223402
-4.162519120189772 -3.3325765400397804 -3.1284039371735872
-3.7970416610651556 -2.6195060925333213 -2.974983878282803
-3.3700799428311226 -2.745835275715211 -2.274095498765254
-3.656267529250616 -2.3911976417867096 -2.8622015637381195
-4.850611440058045 -3.3561647043534615 -3.3176427790698066
-3.1675056433031274 -2.3594141408421123 -2.097910335726283
-5.360009932742026 -3.4832884016101895 -3.889157838185866
-3.6698146914298335 -2.569914188522848 -2.61729527078172
-4.674418208811336 -2.8310776091214036 -3.183249882515304
-3.4328473032969775 -2.4077790015501783 -2.92716983459977
-4.541547205920744 -2.816474356667071 -3.173666152186509
-3.7361538828610446 -2.939667292287708 -2.497041149292998
-3.5130345596050816 -2.028103948105705 -2.5981387425256486
-3.484366427083999 -2.552658070860593 -2.4181489807179433
-4.394005843358877 -3.907026553435779 -3.275010127278689
-4.805342446306602 -3.653768521332579 -3.555121404153499
-3.466380487246254 -2.650341351116571 -2.3409311643948443
-3.756816910997599 -2.6115750939122413 -2.9232525644961314
-4.400233971536659 -3.542774819570998 -3.3158235195176187
-3.8707373322847602 -2.339412398504802 -2.938750682208372
-4.031156551737213 -2.572736686905616 -2.8704638353518215
-3.5887839574378533 -2.3645503279463664 -2.683399051145171
-4.561506276788797 -3.1079997026420445 -3.481756056381293
-3.333031043398951 -2.581538690980018 -2.38244746307143
-3.8179390795631947 -2.410904647006566 -2.7878487432519323
-4.279960849067531 -3.395584410729193 -2.92358702630023
-4.247245898430793 -2.2886075099381813 -3.1164499685085625
-4.508761621284254 -1.9940288280137257 -3.5997374945724094
-4.891708413684271 -2.7355702000759186 -3.4999342146332366
-4.048650555521904 -3.0507607003451493 -2.867873617392094
-4.301365844513987 -3.163665023228479 -3.4242854892050465
-3.2765953409338824 -2.7116589533507915 -2.0942614217315527
-3.1409038683339396 -2.156994253428031 -2.2475526183369374
-3.3805933621205426 -2.1907549720582336 -2.4416747791935
-3.7709983270019674 -2.810503887623887 -2.6798836097840733
-3.4615979194721223 -2.240572735990397 -2.6366980819876815
-3.431329701449141 -2.658067390594832 -2.2361530191497945
-3.8884275692399095 -2.343139330095539 -3.0975026623028166
-3.4128449121885014 -2.6779383366386598 -2.2944692031778975
-5.273096460005341 -4.319110236862502 -3.631647521031776
-4.9490478784519425 -3.3025164025285347 -3.6923580707846626
-4.429724599761337 -3.593691506928091 -3.1569579284529894
-4.531161701589853 -2.083306540947153 -3.2390308571525894
-3.5329786881690817 -2.771896398915973 -2.525062365398139
-5.383995272575391 -4.405610553119458 -3.2381193731630136
-4.974116061132519 -2.139637414820985 -3.6261261095555533
-5.474003991954579 -4.940442179538582 -3.5912336082004086
-3.6486435905823056 -2.850712365314158 -2.4793205744495364
-4.47060729809461 -3.0336710345699696 -3.572609501680229
-3.524520215990912 -2.891669640849141 -2.359133742584718
0.18305084745762712 0.11864406779661019 0.19999999999999996 0.1932203389830508 0.11186440677966109 0.15932203389830513 0.1254237288135593 0.13220338983050844 0.17627118644067802 0.13898305084745766 0.1559322033898305 0.18305084745762712 0.1932203389830509 0.1932203389830509 0.19322033898305085 0.1322033898305085 0.17966101694915249 0.19661016949152543 0.12881355932203387 0.17627118644067796 0.17627118644067796 0.13559322033898308 0.16610169491525423 0.16610169491525428 0.11864406779661019 0.06440677966101693 0.16271186440677976 0.19661016949152543 0.17627118644067796 0.16610169491525428 0.13559322033898305 0.15932203389830513 0.1559322033898305 0.19999999999999996 0.19661016949152543 0.11525423728813566 0.18305084745762712 0.18305084745762712 0.11864406779661019 0.17288135593220338 0.18644067796610175 0.18644067796610175 0.16610169491525428 0.19999999999999996 0.17627118644067796 0.11186440677966103 0.17627118644067796 0.17627118644067796 0.17288135593220344 0.13898305084745766 0.12542372881355934 0.12203389830508476 0.18983050847457628 0.18644067796610175 0.18305084745762712 0.19661016949152543 0.1932203389830509 0.14237288135593218 0.1559322033898305 0.18305084745762712 0.16271186440677965 0.18983050847457628 0.1932203389830508 0.18983050847457628 0.13559322033898302 0.15932203389830507 0.13559322033898313 0.12881355932203392 0.17966101694915254 0.14237288135593218 0.1322033898305085 0.15932203389830513 0.12881355932203387 0.17627118644067796 0.17627118644067796 0.1389830508474576 0.1932203389830509 0.19661016949152543 0.16271186440677976 0.16610169491525428 0.16271186440677965 0.1694915254237288 0.19661016949152543 0.15932203389830513 0.1322033898305084 0.17966101694915254 0.1559322033898305 0.1932203389830508 0.1694915254237288 0.10508474576271182 0.18983050847457628 0.1322033898305085 0.18305084745762712 0.11864406779661019 0.1423728813559323 0.1593220338983051 0.15932203389830507 0.15254237288135591 0.0779661016949153 0.16271186440677965
0.008398920457906288 0.008687077384398037 0.00928871621085327 0.008199897454585037 0.008492942240402349 0.011654478213968004 0.011030309081066484 0.014712040541514282 0.008552697162425531 0.008534467096287612 0.00873075076216231 0.008205595593392052 0.008941908719346204 0.009733397841630862 0.008207751272519206 0.01171504830476317 0.012933461253897074 0.008309786482362195 0.008830896237409996 0.008544869576913137 0.008430973241022452 0.013854143413792786 0.008496378844130856 0.012837501084487822 0.008545321740120883 0.01126439812084529 0.012786641973864105 0.008244030468177708 0.017381642296712782 0.008230167688835126 0.008355507481311489 0.008320816846718605 0.00822125540441421 0.009179555564588883 0.008312249572003586 0.008635537511242792 0.008374398140724803 0.008845212373839926 0.008615594167975782 0.014813149551031982 0.011704162366437555 0.0082214917686528 0.021002813924046584 0.00863105932772677 0.009653875256244154 0.009572672066710222 0.013304804780503563 0.008851616498411426 0.008378264386911718 0.014003583854917878 0.00968552227170626 0.008492082957722007 0.008700822233372669 0.008292419662216935 0.010814027353656124 0.008740262429461534 0.014927541141854768 0.008280500857316247 0.009522861443502905 0.00855863403173326 0.009270368289000698 0.008643707260674956 0.008195928059722626 0.008370916299443629 0.01168365916931459 0.012093998409957783 0.008495103832194236 0.008446004549172364 0.010629449982271123 0.008287808553932349 0.008378360727454424 0.008210530204713304 0.010254574484824084 0.008516654960186745 0.008218340735753213 0.00960182614146773 0.008616473206269407 0.009898539593377966 0.010484521821197934 0.00886540166344994 0.01001467259658517 0.008915835375174805 0.008563662806091749 0.008273123482571941 0.008480830744442584 0.008227502481811621 0.008598349844048602 0.0084600638984046 0.008583123334787324 0.016609091745066983 0.012019543613874617 0.010451525766982857 0.009180180854034325 0.00852463980862132 0.016224276620967037 0.011019209833657067 0.022305718825545183 0.008561830908257309 0.010317704620971346 0.008718438906974154
-----
100
98739
0.1
-4.607625642352055 -3.167379442228716 -3.132721731533025
-5.5095802806511625 -3.842570438844706 -3.260913931809885
-5.59458701778643 -4.405856212570875 -3.7011078737386978
-4.624319066184767 -3.5125623161666955 -3.047712152463305
-4.031172061340529 -3.0747558672378723 -3.0177529541836194
-3.9360092807093765 -2.758667615905785 -2.7692979271961624
-3.6324357652253645 -2.381700199982298 -2.7164013502120885
-4.216339623335114 -3.255494625332625 -2.8638154438898327
-4.506471606766839 -2.8736800182368647 -3.290199669032693
-4.689051793910798 -2.2180073152267408 -3.416965010267313
-3.9246257853048605 -2.4302595722166003 -2.999601980966755
-5.052170700047337 -4.243751521854306 -3.610059000942378
-4.891428472614913 -3.4344552605375176 -3.090334907871476
-4.04674061627737 -2.7213648827741457 -2.8060357411669328
-5.129340191379035 -4.019331726296746 -3.193318071763206
-4.053063715381412 -2.7707646773087373 -2.7762823949515383
-4.312948987857449 -3.3845170267973064 -2.870285983208265
-5.005232839378029 -2.695534181110521 -3.3762610798068478
-4.314178804380984 -3.0927945601563787 -2.8474076379412168
-4.919057494739654 -3.8538625481537956 -3.6671675543342688
-4.204425357319753 -2.1549825487395395 -3.2035754554771634
-4.624647683473018 -3.70450838640664 -3.2851096380805505
-5.361133540092186 -4.193513261057746 -3.6221560886488344
-3.7193818793674236 -2.810226544788775 -2.5709167536254114
-4.315974334900165 -2.7799711494643065 -3.025254312172021
-5.2010677056938786 -2.828430452339562 -3.534848344008304
-5.959119364342995 -4.898455276501707 -3.571504060678438
-4.572995416452287 -3.3910193670939814 -3.621087844922252
-4.760444670753199 -4.109300193381748 -3.5943110427442906
-4.459056602777046 -3.3238167044254183 -3.2400950786966
-4.213840936824491 -3.6149304806338205 -3.471518833529825
-3.706237914303213 -2.5270557628762433 -2.69675614250753
-5.253617487138967 -4.514856423168858 -3.644564347104732
-4.597919937679198 -2.9422248299031777 -3.2665240983590027
-3.8611683249415725 -2.7645177909537733 -2.75581680959999
-5.111968463688445 -4.560449561664345 -3.5156946745243265
-3.5131538905414446 -2.598388181278477 -2.573952894027028
-4.275927905255545 -3.014938485094313 -3.231819387205773
-4.070264932949761 -2.556342112072545 -3.1159987114676757
-4.664332661628926 -2.6197919197041615 -3.3378793796336836
-5.628035078077983 -4.8310077556562545 -3.552541339051019
-4.516296342649724 -3.685576951450737 -3.57708809968096
-4.405388121864997 -3.330357964773575 -3.343053498567707
-4.709274485676537 -3.170924341324392 -3.2272783321847864
-5.292355607768667 -3.2338551981977313 -3.4670598527546073
-4.165946029717989 -2.6375984154092844 -3.129815827053573
-4.385322610024496 -3.713964196656852 -3.5620979152562238
-3.7102456470848844 -2.899497665438867 -2.694638093696202
-4.845501789316875 -3.8647569713727545 -3.6669722983660753
-5.0011568399281545 -4.16020369632957 -3.690045285101473
-5.284596169695897 -4.750489781679155 -3.5439724301144424
-3.9408081444975194 -2.8605754820062668 -2.617857559390011
-5.1435043749334834 -3.9064140281832103 -3.6543364203997695
-4.996935766180309 -3.638113667652208 -3.2289867231670017
-5.130427064508647 -3.3648688390342607 -3.386993245122329
-4.082264484307727 -2.790036021104892 -3.216285835734727
-5.480094028012982 -4.284436502300175 -3.6795619632319703
-5.031400832459483 -3.8132738130117283 -3.155702337147743
-4.049631311784831 -2.790723188814522 -3.0744994159334595
-5.662187741618496 -4.704503125270214 -3.6537073914266234
-5.915537165350881 -5.1525610909022195 -3.60079807457358
-4.926515429412143 -4.394788488031513 -3.635114511389726
-4.9190137726892615 -2.728714052423467 -3.6027070234328726
-4.879289398421911 -4.415195276098564 -3.496990621925676
-5.543879760017591 -4.878812460305889 -3.5687301914108285
-3.9641478124144878 -2.8155305945419444 -2.9850140282942266
-5.047917241898803 -2.908055907487811 -3.387352900908187
-4.038316835677288 -3.194838302043046 -2.8359762253679657
-4.683721458800799 -3.4363219067389785 -3.4604386363770168
-4.699120600338189 -3.5635042827706513 -3.6633706942528668
-4.021335612885477 -3.23996307635056 -2.931712087185024
-3.9398543581190153 -2.5706269211953408 -2.9415623155308377
-4.948652836657421 -3.6676020339985023 -3.3168968313031706
-4.302215306086492 -2.9717345115544895 -2.8817839910702547
-5.117759516651983 -4.105958248635425 -3.606884640789565
-4.490033631658334 -2.9017290337168085 -2.982247267322501
-4.3965839514162335 -3.0894294549860186 -3.368894294932254
-5.198916028283329 -3.327198672346912 -3.476390945545529
-4.6664042784962945 -2.897733062158652 -3.3319390006320218
-5.7402073555004405 -4.637306757806836 -3.67322380032701
-4.6432132865642215 -3.948368813771885 -3.4962204342343197
-5.729417465651499 -4.660954803370225 -3.623057660773902
-4.0379021435899345 -2.9465962765688216 -2.7180506931327333
-4.058730763613299 -2.6415128965418893 -2.884455708521438
-4.810405557208756 -3.762383508889311 -3.6963026944032724
-4.2146911964044325 -2.5777209420781584 -3.3113637467701107
-3.8578048941509904 -2.623555474986014 -3.0687941423506366
-4.775956242938838 -2.700779324460205 -3.37425683403481
-3.885370974325981 -2.8796151829387533 -2.7147124912617624
-3.7876226553847783 -2.97423026672218 -2.7931748895221924
-3.742029560752483 -2.6165266112705514 -2.666637582394131
-3.857532506457069 -2.399020729909088 -2.7690596310143527
-4.790886026418736 -4.178759144261525 -3.273372150605156
-4.717508681908821 -4.173632587275893 -3.534078710587318
-3.9991451355498406 -2.973036348884386 -2.891596178809524
-3.8364594152165274 -2.984115102882607 -2.554437435223705
-4.541611655519933 -3.24076783785109 -3.189262106546724
-4.268288950779103 -2.85797854869486 -3.208100165491435
-4.125839049448372 -3.2876599020909523 -2.9920341607176533
-4.287729435419664 -3.1480998767830117 -3.023115882398706
0.09491525423728814 0.0847457627118644 0.0915254237288135 0.08135593220338988 0.09830508474576266 0.08813559322033904 0.09152542372881356 0.08813559322033893 0.09152542372881356 0.07796610169491525 0.08135593220338982 0.07457627118644067 0.09491525423728814 0.08135593220338988 0.09491525423728814 0.06440677966101693 0.09830508474576277 0.08135593220338988 0.08135593220338982 0.09491525423728808 0.09830508474576272 0.0847457627118644 0.0847457627118644 0.0847457627118644 0.09830508474576272 0.09830508474576272 0.08813559322033904 0.09491525423728814 0.08135593220338982 0.09152542372881356 0.09830508474576272 0.08813559322033898 0.08813559322033898 0.07457627118644067 0.09152542372881356 0.08813559322033898 0.09491525423728814 0.0847457627118644 0.0847457627118644 0.09491525423728814 0.0847457627118644 0.08474576271186446 0.09491525423728814 0.08474576271186451 0.0847457627118644 0.08813559322033904 0.08135593220338977 0.09152542372881356 0.08813559322033898 0.07457627118644067 0.08813559322033898 0.08474576271186446 0.09830508474576272 0.08813559322033898 0.07796610169491525 0.09830508474576266 0.09491525423728814 0.09830508474576277 0.09830508474576272 0.09491525423728814 0.08813559322033898 0.09830508474576272 0.09491525423728814 0.08813559322033904 0.09152542372881356 0.08813559322033898 0.09152542372881356 0.09830508474576272 0.09491525423728814 0.09491525423728814 0.07457627118644067 0.07796610169491525 0.09491525423728814 0.07457627118644072 0.09491525423728814 0.0779661016949153 0.09152542372881356 0.09491525423728814 0.09152542372881356 0.09152542372881356 0.0949152542372882 0.08813559322033898 0.08135593220338988 0.0847457627118644 0.0847457627118644 0.09491525423728814 0.08135593220338988 0.09152542372881356 0.09152542372881356 0.09830508474576272 0.08474576271186446 0.0949152542372882 0.0847457627118644 0.08813559322033898 0.07796610169491525 0.09152542372881356 0.09830508474576272 0.09830508474576277 0.09830508474576272 0.08813559322033904
0.008137325016471927 0.01147665184334347 0.014354731254073749 0.008939700985163637 0.007953327882111666 0.007659489427317163 0.008065124020638881 0.008465827696116325 0.008095333679365824 0.010881522999310417 0.007921795860077852 0.01153531630035285 0.009043864429894537 0.007631370450451859 0.010802555295705878 0.007688029503785489 0.008903113092746624 0.00968652325225519 0.00816471888727552 0.010214979588904336 0.009397724042545493 0.009133386098677584 0.011832940700627948 0.008151249035310823 0.0077155228727128905 0.010546655237192617 0.02278850123168382 0.009348918574657788 0.011033797964060498 0.008270798921844973 0.010023683817375966 0.007828378587914351 0.01363924687080918 0.00810830530828432 0.007692717492365912 0.013547719799185471 0.008232214105517398 0.007949620913028884 0.007900223951489089 0.008812824273378038 0.01819513716473256 0.009812134038200153 0.008451087409732256 0.008231496437519033 0.009921100948682286 0.007826327914128085 0.01019287679631668 0.008066772192596204 0.010272517710614854 0.011460541157187596 0.015710118763606614 0.008064539916811737 0.010461326539725329 0.009272509069745955 0.009187862028771828 0.007977535529645894 0.01294600822778979 0.010004838263722624 0.0076969278192832846 0.017179506607995797 0.0277937931498396 0.01267265694353975 0.01015572269239817 0.01250176151372678 0.018384105637732573 0.007655526030363094 0.009331258443173309 0.008362408004610494 0.008715080262203828 0.009680587627125968 0.008401104385794101 0.007657707096809454 0.009131740304299325 0.007900012655543107 0.010913679586873958 0.00797043955068973 0.00825566797256244 0.0095036367731443 0.008329530302825109 0.017163165848318736 0.010209791942625975 0.0170905824461459 0.00798657868156916 0.007598564754502161 0.010175315108295896 0.008428468285389767 0.007886716232524004 0.008952063475063169 0.007870555742409661 0.008026491968182486 0.007805808386968296 0.007863373823003495 0.01114503401407749 0.011276826734407275 0.007793218074536884 0.00851612474693252 0.008139334404779375 0.007860591831480601 0.008404710290578595 0.007983368474118763
