3
100 100 100
2010 5042 25073
0.4 0.2 0.1
-----
100
2010
0.4
-4.305632414162008 -1.3086506265842281 -3.03414661372021
-3.9249821343151146 -3.186871876496257 -1.1906656033664529
-4.786708946132736 -2.7799356525129935 -3.488550145291879
-3.5762488977351827 -2.8238693834931277 -1.59300274752942
-3.999771646865748 -1.5491899404155598 -3.332493088366733
-3.0271017243269203 -2.469335298816157 -1.9349066433624076
-2.7898683405664197 -2.7415245685890097 -1.504320803590721
-3.011199678639193 -1.5085616511587618 -2.194142311405807
-4.645649236760642 -3.4920754333281936 -3.268540498128984
-3.6081433014096835 -2.732366311023356 -1.7343096367106448
-3.6791578974657515 -1.7420958307391956 -2.74613076396664
-4.5817639571651 -4.0234146671191375 -3.2257500904069714
-2.876992313462848 -2.1647993822905884 -1.166238206338429
-4.544990096120102 -2.1510099656368666 -2.7799501648464804
-2.7279815694965253 -3.0946002247019613 -1.0549612318682362
-1.7561607769691898 -1.2134626149015766 -1.3932993919123433
-5.504228667591138 -3.0202703347546875 -4.022473931800374
-4.358035990007371 -2.0853547612981016 -2.7648537918256744
-2.6123823118691334 -2.2638358706306843 -1.9376313737613513
-3.5994939207323666 -3.479638892905309 -2.221872798833611
-2.9856836199023253 -2.6976113408163314 -2.4161650246654998
-4.645636894817226 -4.999243809692403 -1.4185116311263073
-5.9252574675610115 -3.95456871008472 -3.6907572742285844
-4.279819005016952 -2.5639188821325676 -3.3034292939544487
-4.56353663553475 -3.43442275591789 -2.826631808237956
-2.873792838808425 -3.0548777239459772 -1.6043158220759226
-4.012874681097251 -2.111430320226241 -3.3801292964704417
-2.2715067310375976 -1.7977626621560177 -1.1768860154488392
-3.1894294477349856 -1.6916920567853282 -2.23046866866115
-5.005517708406634 -4.023113425044182 -3.521977348460545
-2.751944020253317 -2.4167418114999393 -1.7757574693576146
-2.9064919245318435 -1.3336027831253894 -2.1730998202900302
-5.3512012251414225 -3.6753616510937284 -3.4225170618268814
-2.3846031264624767 -1.1551763564175737 -1.8421920859132976
-1.8209581619884645 -1.0871294867838115 -1.6664989240454195
-4.417798825759416 -3.298750115700452 -1.6045180626178848
-2.743821516601141 -1.4223084448143357 -1.5843469015979323
-3.8584385375201258 -1.4107832747900648 -2.865402768904085
-2.451607781087427 -1.4231030821365778 -1.6822542979014212
-3.0647839825502983 -2.865219160480461 -1.6318000752368427
-4.003755042780549 -2.8520922010480168 -3.038183861544809
-3.3059391049840965 -2.8970325932799463 -2.1510215371873644
-4.736817902364149 -1.5343584388205116 -4.197737087556068
-5.112415517106023 -2.446123997550105 -3.530893705235298
-4.048953846641873 -2.7485588172738544 -2.4769165232073087
-4.7414114621645655 -2.163914780014954 -3.4729289299146684
-2.4655404084477888 -1.2887023051647581 -2.1964092357755356
-4.24531625412123 -4.353805455730314 -2.7773221092908047
-1.7277634773109858 -1.9164554481526253 -1.1476689083376161
-4.184543326926962 -4.363083898274189 -1.6897946203202787
-4.059148012576763 -4.461879169286835 -1.8257348527801067
-2.8072696354824123 -2.1270435703448216 -1.4882592590059502
-5.384887899118272 -2.2750734463393956 -3.7778270968354697
-3.2604952395106173 -2.694767342878283 -1.6535097215208232
-2.1425638493369767 -0.9452049093207346 -1.7253339685744784
-3.3869985907402658 -1.7301377033417173 -1.8486070643638142
-3.350676972283342 -2.7388664806723892 -2.0510850135710554
-4.769708321148743 -3.148256025566772 -3.442825671901469
-4.282581022164829 -3.075871118030283 -2.7129684495520734
-4.515912101149011 -3.381245673338981 -2.6503232495956506
-5.0570146632152575 -3.7657234656628704 -3.593868547320288
-2.074540684331549 -1.3325556273518089 -1.336324344606986
-4.049789575981892 -3.254333589076782 -1.4483739376595182
-4.2951502805933455 -3.4943877474877274 -3.438620769464428
-4.180504162730601 -2.9586103813821545 -2.554386506972791
-3.234735967061388 -2.211529093710294 -2.583407744529397
-2.4042524209583784 -1.762725026608317 -1.5959337864416394
-1.2502888042573526 -1.222498988819213 -1.1270610653801558
-3.1826166728009837 -1.5584775904854773 -2.2247006891222694
-3.3147905108947078 -1.7645337885415895 -2.3821422937683843
-2.5490717291951146 -1.9860527499514733 -1.4131953501224679
-4.1951894870059245 -2.861812738802203 -2.491189159935995
-4.607862167694002 -1.1747945026767566 -3.399389695036788
-4.559379435040305 -3.55871301582796 -2.487188123838389
-3.923030127450735 -2.3965051270800277 -3.3521152508187337
-4.986059433687262 -2.6310815479102185 -3.6855834406178256
-4.574724047107275 -3.3151292577933713 -3.7633403154682137
-4.149703014817147 -3.074775229315571 -2.5915052647270826
-3.64193189098565 -3.180636825279987 -2.2412697864918223
-4.04165864784052 -3.72091683847102 -2.5063122136729947
-3.534138128438243 -2.671227011630599 -2.808006756500351
-3.892320635296446 -2.0616547730324757 -2.637667318022547
-5.6447497521374 -3.9888218964805624 -2.703615001589646
-5.429392328801891 -4.82106712504978 -1.5691483955015784
-1.6574180126082112 -2.1605649195412187 -1.0189070206368278
-3.75188670540126 -4.019080738846556 -1.467257581347047
-3.284226914985036 -2.146558955950407 -2.448912671407077
-4.968334344717053 -3.8001358745612954 -3.4665200666382483
-2.291611317156253 -1.360642322262148 -1.3669039574628652
-5.458943677939675 -3.848261814706933 -2.3776242601340676
-2.6866578070512457 -1.5957814443067324 -1.6426613257240597
-5.961958461621886 -3.2646304557495838 -4.03706375783227
-4.054214712893842 -2.0669663452883933 -3.5518671850762056
-5.347711270171462 -3.233908962856938 -3.6418846984325355
-4.1712907699918285 -4.468634352487825 -1.8601063831255198
-3.5794176734641217 -1.5247970147147374 -3.1384316076224748
-3.0929255278729926 -2.0093110543283945 -2.237702970036415
-4.440559849728034 -2.8011136503562972 -3.4900208722175137
-4.118219858066411 -3.5247424146396393 -3.3253414590599233
-2.2832587593618925 -1.8553374140182388 -1.8127357724335251
0.34237288135593213 0.35254237288135604 0.25084745762711863 0.31864406779661025 0.34915254237288135 0.17627118644067807 0.3016949152542373 0.3152542372881355 0.18305084745762712 0.30508474576271183 0.24406779661016953 0.18644067796610164 0.39322033898305087 0.3966101694915254 0.37966101694915255 0.3593220338983051 0.36610169491525424 0.30847457627118646 0.3322033898305085 0.34576271186440677 0.39661016949152544 0.30847457627118646 0.23050847457627122 0.27118644067796605 0.28135593220338984 0.39661016949152544 0.1694915254237288 0.37966101694915255 0.2779661016949153 0.15254237288135586 0.21016949152542372 0.3627118644067796 0.36610169491525424 0.36610169491525424 0.3593220338983051 0.33220338983050846 0.37966101694915255 0.38983050847457623 0.3457627118644069 0.23728813559322037 0.3050847457627119 0.3661016949152542 0.3728813559322034 0.3423728813559322 0.37966101694915255 0.240677966101695 0.3254237288135593 0.36610169491525424 0.36610169491525424 0.28135593220338984 0.2542372881355932 0.33220338983050857 0.2067796610169491 0.26101694915254237 0.3864406779661017 0.3864406779661017 0.22711864406779658 0.17966101694915249 0.3593220338983051 0.3525423728813559 0.21694915254237288 0.3966101694915254 0.36949152542372876 0.2169491525423729 0.34237288135593225 0.3389830508474576 0.2779661016949152 0.39322033898305087 0.31864406779661025 0.2983050847457628 0.31864406779661025 0.34576271186440677 0.3966101694915254 0.2779661016949153 0.36610169491525424 0.38983050847457623 0.34915254237288135 0.2169491525423729 0.13559322033898302 0.28474576271186447 0.23728813559322037 0.29491525423728815 0.3830508474576271 0.32881355932203393 0.3864406779661017 0.25762711864406784 0.2033898305084746 0.17627118644067796 0.37966101694915255 0.311864406779661 0.3627118644067796 0.36610169491525424 0.23728813559322035 0.30508474576271194 0.3661016949152543 0.30847457627118646 0.18305084745762712 0.3525423728813559 0.2779661016949152 0.36610169491525424
0.010000000000000004 0.010000000000000004 0.010000000000000004 0.010000000000000004 0.010000000000000004 0.010000000000000004 0.010000000000000004 0.010000000000000004 0.010000000000000004 0.010000000000000004 0.010000000000000004 0.010000000000000004 0.010000000000000004 0.010000000000000004 0.010000000000000004 0.010000000000000004 0.010000000000000004 0.010000000000000004 0.010000000000000004 0.010000000000000004 0.010000000000000004 0.010000000000000004 0.010000000000000004 0.010000000000000004 0.010000000000000004 0.010000000000000004 0.010000000000000004 0.010000000000000004 0.010000000000000004 0.010000000000000004 0.010000000000000004 0.010000000000000004 0.010000000000000004 0.010000000000000004 0.010000000000000004 0.010000000000000004 0.010000000000000004 0.010000000000000004 0.010000000000000004 0.010000000000000004 0.010000000000000004 0.010000000000000004 0.010000000000000004 0.010000000000000004 0.010000000000000004 0.010000000000000004 0.010000000000000004 0.010000000000000004 0.010000000000000004 0.010000000000000004 0.010000000000000004 0.010000000000000004 0.010000000000000004 0.010000000000000004 0.010000000000000004 0.010000000000000004 0.010000000000000004 0.010000000000000004 0.010000000000000004 0.010000000000000004 0.010000000000000004 0.010000000000000004 0.010000000000000004 0.010000000000000004 0.010000000000000004 0.010000000000000004 0.010000000000000004 0.010000000000000004 0.010000000000000004 0.010000000000000004 0.010000000000000004 0.010000000000000004 0.010000000000000004 0.010000000000000004 0.010000000000000004 0.010000000000000004 0.010000000000000004 0.010000000000000004 0.010000000000000004 0.010000000000000004 0.010000000000000004 0.010000000000000004 0.010000000000000004 0.010000000000000004 0.010000000000000004 0.010000000000000004 0.010000000000000004 0.010000000000000004 0.010000000000000004 0.010000000000000004 0.010000000000000004 0.010000000000000004 0.010000000000000004 0.010000000000000004 0.010000000000000004 0.010000000000000004 0.010000000000000004 0.010000000000000004 0.010000000000000004 0.010000000000000004
-----
100
5042
0.2
-3.217387634216583 -2.0058387518488456 -2.337785605298545
-5.133253588552973 -3.899076353488975 -3.416751727359013
-3.81524169797979 -3.0090003485611616 -2.2706478289569527
-4.109770068039355 -3.1062067740424353 -2.477507493192145
-4.832441946521492 -2.7500136324497086 -3.641660627550571
-4.764651302302686 -3.10371771857059 -3.1456252342809874
-5.637474594857268 -4.609194429309032 -3.640826927362929
-4.526487256473492 -3.436692116857664 -3.2023121821354192
-3.5332232359797233 -2.38463624523957 -2.519779858306999
-3.2397801024706223 -2.199744021169768 -2.3361346894390813
-4.100674573620456 -3.4815247144519472 -2.6794998127230905
-5.44715805114876 -4.483722483268867 -3.69867355631472
-3.8027171615634274 -2.6084397913121533 -2.76198994856408
-3.8841893868241204 -1.7998665191149676 -3.305482194093287
-4.039783594353324 -3.284724187259436 -2.6593076268903406
-5.266186750154273 -3.6006174833100975 -3.2927734199842593
-4.7121424108837 -3.245211229184617 -3.351677678480675
-5.391239716231645 -3.741608839476056 -3.35928186002656
-5.36492715904179 -3.691179492001047 -3.661877584010997
-3.328449204388689 -2.814160672381964 -2.0495066368320507
-4.4951219094434665 -3.1661997717058004 -2.93884718625735
-3.5913052407401187 -2.801584275792634 -2.317581371705022
-3.5928455002424142 -2.6345348920154987 -2.496264458525987
-3.368240690745763 -2.7399701953442337 -2.0598425509260303
-3.4269078946803977 -1.7415875196648856 -2.749775077177235
-3.007401525583636 -2.193546683135527 -2.1683781595541545
-5.125762537663745 -2.9811864347953625 -3.2189956134313173
-3.5028602105290756 -2.8753896822321465 -2.502399632371
-4.080704314508944 -3.111862965549257 -2.713430687865198
-5.811704629970302 -3.9859920214936215 -3.2358010421278203
-4.535085178838492 -2.7974496206429063 -3.2347757391609497
-3.3149580840532424 -2.1295277819852716 -2.7220851463960387
-3.1789517336839603 -2.5912883031454452 -1.9860290950820085
-2.9732583663995076 -2.042392827115519 -2.1813993396368296
-3.7177158836294995 -2.6920764416591814 -2.791500355386064
-5.3558188430001135 -3.6888975879852453 -3.36635037405215
-3.3965568822316734 -2.111813290751611 -2.42369125152814
-4.279158325417403 -2.542895128871242 -2.98958991279607
-4.39702564013011 -2.050567908894803 -2.949963140494165
-4.254517803513114 -2.869837251417036 -2.782047698946764
-4.238172260165204 -2.1445605025956027 -2.985761307402607
-4.101951487964997 -2.905197403656136 -2.7375148329184196
-4.236127953598575 -2.9316879127827207 -3.2859935016589787
-4.094118140989457 -3.0622573913443576 -2.8365919163070252
-4.763159044269439 -3.6878431115846424 -2.937877612490844
-4.7161628163713285 -2.5730460618393027 -3.4991938032637573
-3.350806941971303 -2.8833449556793136 -2.231300346963077
-4.192484876700869 -3.518763468069503 -2.777398512475772
-3.615075147305758 -2.8674397405345964 -2.3963828875424076
-3.5079731404038736 -3.187991046876104 -1.8590541163213163
-3.5084333787653117 -2.8120036903415295 -2.221439420498422
-3.790119820150816 -2.043137966699101 -2.8698607170033275
-4.604759707048286 -3.2550242131463905 -2.7544924861079427
-3.979914003957904 -2.0418901385614583 -2.9925317513833267
-4.1848645322189935 -2.140013147563921 -3.429351161094128
-5.176881817689463 -2.1499036228165487 -3.7823614268223764
-3.356733045572412 -2.694825095547378 -2.2546797776581537
-4.85380884955991 -2.8521387623180305 -3.2679540749018985
-3.3902931400734166 -2.5471114770341052 -2.5625761744137843
-4.720195655890566 -3.128596584402902 -3.034389785286559
-4.821329301545011 -4.096517100302975 -3.5491891132351676
-5.019052958343044 -3.974978738334614 -3.510422520820728
-3.92158567371309 -1.9718442375977645 -2.9055649620199953
-5.079927077999379 -5.31561178398106 -3.4092497677436833
-5.158839016463594 -3.0773885831094763 -3.448481210299699
-4.814575372807803 -3.4553111012259636 -2.834412294811346
-3.408217375579249 -2.2700215856154333 -2.3978334837917545
-5.15069164915298 -2.939267863610636 -3.3665006930341637
-3.566861347726189 -2.986986496216985 -2.4326059502430057
-4.362118365974549 -3.4054885000196102 -2.9291264491970477
-3.454702957863446 -2.6334740592449055 -2.4106912633234097
-4.15549075817911 -2.7802080700110112 -2.8834732950635362
-3.145832067279149 -1.9569786675490717 -2.409253973101414
-3.385577647672288 -1.8482218496343295 -2.674414374837961
-5.718298994716587 -4.864682038470011 -3.5418146957478145
-5.081863829057434 -2.527676953896704 -3.4622325388445674
-3.2271534984480303 -2.6488353866237935 -2.29896075335064
-4.005794219440105 -2.335186916978185 -2.9347790304768524
-5.495319229522353 -4.226433415232606 -2.9870148864946184
-4.627969428987183 -2.456141504278579 -3.321910289819514
-4.720694463162008 -3.660925710661689 -3.560241101612886
-3.482642470779306 -2.4994638540769776 -2.252227159377417
-3.4294322482651904 -2.7675039857209702 -2.168742304596469
-3.5597859912570824 -3.1079069530955072 -1.8388341843108598
-3.6800736810851378 -2.55392358254674 -2.806271569793749
-5.5948851161586 -1.7638598962691705 -3.7531132570095105
-3.4894633302451137 -2.730587518443376 -2.653216655986831
-3.681993378243464 -2.3484178932893913 -2.437804163058704
-2.672744446947848 -2.084065404062795 -1.8542046621681192
-4.6778414882723025 -2.9173429797321297 -3.597225433438184
-4.438428913528261 -2.945976859790202 -2.8095865975399823
-4.409114745171312 -2.5366106155937196 -3.042160603224676
-3.340450894023847 -2.188821446654753 -2.479663058580029
-4.243412050798205 -2.974759646479922 -3.1093796060259686
-5.088404898631208 -4.543595150680233 -3.4442592859070342
-4.642353808961065 -3.438866400232102 -3.439052771040588
-4.206276736348396 -2.9060039695817905 -3.4955105195603315
-3.3712805440624676 -2.8100336342419654 -2.180943776615787
-5.388952333935151 -3.76524737763328 -3.732935709649074
-4.848261773073493 -2.461668470934236 -3.2465764465017415
0.16949152542372892 0.1423728813559322 0.1694915254237288 0.08813559322033898 0.12203389830508471 0.10508474576271187 0.14576271186440676 0.1322033898305085 0.09152542372881356 0.13898305084745766 0.11525423728813561 0.12203389830508471 0.09491525423728808 0.19661016949152543 0.16271186440677965 0.1423728813559323 0.11525423728813561 0.1016949152542373 0.19661016949152543 0.16610169491525428 0.11525423728813561 0.11525423728813555 0.0847457627118644 0.1559322033898306 0.19999999999999996 0.1694915254237288 0.1559322033898305 0.07457627118644072 0.14237288135593218 0.19661016949152543 0.1932203389830509 0.11864406779661019 0.17288135593220333 0.18983050847457628 0.12203389830508471 0.11864406779661019 0.19661016949152543 0.17288135593220333 0.18983050847457628 0.18644067796610164 0.18983050847457622 0.12203389830508476 0.16271186440677965 0.16610169491525428 0.11525423728813561 0.11525423728813561 0.11864406779661019 0.08813559322033904 0.12203389830508471 0.18983050847457628 0.14915254237288134 0.17288135593220344 0.18983050847457628 0.18983050847457628 0.18983050847457628 0.18983050847457628 0.1084745762711865 0.13559322033898313 0.11525423728813555 0.18305084745762712 0.15254237288135591 0.1322033898305085 0.19661016949152543 0.15254237288135597 0.16610169491525428 0.17627118644067796 0.13559322033898313 0.1694915254237288 0.09152542372881356 0.18305084745762712 0.14576271186440679 0.17288135593220344 0.19999999999999998 0.1932203389830508 0.047457627118643986 0.14237288135593218 0.13559322033898302 0.15932203389830513 0.18644067796610175 0.1389830508474576 0.1016949152542373 0.15254237288135597 0.1457627118644068 0.1796610169491526 0.16610169491525423 0.14915254237288145 0.17627118644067802 0.13559322033898313 0.19999999999999998 0.17288135593220338 0.1694915254237288 0.12881355932203398 0.17966101694915254 0.1084745762711864 0.10508474576271187 0.10508474576271187 0.12203389830508476 0.15932203389830513 0.18983050847457628 0.1559322033898305
0.00842608049791296 0.012171165564086482 0.008173339613184826 0.008204101712587664 0.010438886535206799 0.009085597099967426 0.02106146813150543 0.009376434904484402 0.007992756964615922 0.008219330285326109 0.008821147901619732 0.018808460888613848 0.008008061627732632 0.01038162775972605 0.008430413693396498 0.011242840408966786 0.009548397971148355 0.012247764686666513 0.013012926729849177 0.008379654252175172 0.00858943602087137 0.008012438538141922 0.007928888532076668 0.00826825288124667 0.009229988178639162 0.0084498608571567 0.009921596152357314 0.008139172864039876 0.008203867678994113 0.015262669767571997 0.00886279527597901 0.008578810774903734 0.008394551104480008 0.00859905499551698 0.008086371519205113 0.011961243276430219 0.008220296737962395 0.008361808626760451 0.009155898403831898 0.008114866624644243 0.008818714175000625 0.00804592407367186 0.008870434310058318 0.008230506578656281 0.009870620514429105 0.009888099080001874 0.008303008546250353 0.008942863327586474 0.00803391377551351 0.009159705943457278 0.00810890087369005 0.008650690872074637 0.008735030539871867 0.008882263776115349 0.009908767693577685 0.013245700616696549 0.008115827134953811 0.00936711139164024 0.008106821755897947 0.00890491225478789 0.01307424160452122 0.012576282779902638 0.008861465624427172 0.029408983035937107 0.010509847033463625 0.009378212459668482 0.008070748517684039 0.010261019164101631 0.008190426417153972 0.008845931007758979 0.007996659053583292 0.00812514908299434 0.008597542668387753 0.008881572537861392 0.024919274733332757 0.01063270973328608 0.008216114872204187 0.008349123623439435 0.01447415414318625 0.009400675978133499 0.011107313396185007 0.007974186144622189 0.008155150009110693 0.009022804184448082 0.008122042067940798 0.017739904932067035 0.008144889856133337 0.007948999598470742 0.009173497353117854 0.010029285155321949 0.008299880786670835 0.008540581723488413 0.008214074620360267 0.008520169182880476 0.016535326765141512 0.01004576007395244 0.009507794924742942 0.008229554724426108 0.013725038015769967 0.009631469140607073
-----
100
25073
0.1
-4.230142788848406 -2.2637321200308618 -3.196845130554678
-4.830755659951363 -3.198970018365267 -3.325434482599901
-3.783159847003616 -2.59164010124589 -2.5562721094306777
-5.680438546540732 -5.1093709085047685 -3.5652088829923527
-3.4312975879490386 -2.8200477596822666 -2.357896705156494
-3.8856371957726057 -3.001479847056091 -2.5760520439589847
-3.86632439852696 -2.6732339018432603 -2.6883980330875104
-4.24831827025211 -2.2132406238513 -3.370193998167277
-4.1511609661788516 -2.678128889997468 -3.0582767703821494
-4.136507584091798 -2.965526017863015 -2.869505842785787
-3.4673690317339445 -2.8001938953869345 -2.2929362294731463
-3.7361280601673466 -3.0762834195224285 -2.4707166914337595
-5.177589652336526 -2.8194805807388152 -3.577898430622367
-4.471393106245835 -3.2929791768682874 -2.9534411553763023
-3.867944861810331 -3.126062097789818 -2.940833715927177
-4.687710518950949 -2.62302375670298 -3.698269961273449
-4.775595920987349 -3.3584157736701927 -2.9649139932152315
-4.558970927809377 -2.5230912884273367 -2.8684853231497516
-5.335933413825114 -4.550993916324183 -3.5953544070805465
-3.370143337462515 -2.8270730160683666 -2.400058713792616
-4.238612544878897 -2.9851030730407286 -3.1511475478499755
-4.229270829600515 -2.8325040760217757 -3.4046393850946934
-4.172671902090646 -3.2167696726021724 -2.9779120945297515
-5.695077177398425 -4.502734132862034 -3.609467835564141
-5.331583925811037 -3.468737320707259 -3.4710958198061546
-3.8748566666723554 -2.7109324290219714 -2.604816122335089
-4.460727531665241 -2.9116225973972414 -3.01751914485453
-5.467974836930013 -4.760981262189753 -3.6575114855291972
-5.377735009563957 -4.3540809193020396 -3.583082094220335
-4.060738146577606 -3.3673656489642685 -3.0017490381623646
-4.341147412971623 -2.8721632265903376 -2.756769812545605
-5.1915303922386 -3.8186753020612603 -3.711297117276293
-4.425471107073158 -3.037991958553441 -2.8503086340795964
-4.3549691077841315 -3.118184266610215 -2.9243943565267494
-4.5400362475927984 -3.0624277297535323 -3.349701372693834
-4.630351036216211 -3.3693723115643324 -2.905776360358228
-3.8274022492560587 -2.839133724237798 -2.671635121609052
-4.386212033059633 -3.7006606396307204 -3.018359051941713
-3.741384046654879 -3.0310886205643963 -2.821932388828124
-4.112625193491057 -2.6782510050562474 -2.6817424724856016
-4.097953554463508 -2.189218628112723 -3.240736300260423
-4.591741082463447 -3.8726685117774613 -3.5413065578918315
-4.044671607719265 -2.952092752793671 -2.76138219839089
-3.9816410620254343 -2.5286972950426256 -2.685338836906684
-4.272153103356663 -3.3557053583569956 -2.8361047595739044
-3.971656854639375 -2.6031792923813426 -2.842018290296756
-4.718276679936782 -3.4378681745714323 -3.639398132830473
-5.227453771510164 -3.0035995106675015 -3.544843833673929
-3.7118269296989155 -2.612749311444164 -2.5679612194096717
-4.0405773028022445 -2.9864888965825553 -3.120595287126847
-3.811365276901272 -2.4374920813405976 -2.5657919043176434
-3.5798797020694098 -2.801925554809627 -2.4508608667380862
-4.9424300802762895 -3.8284727261687506 -3.5099759114364004
-4.039910334657799 -2.413799696548507 -2.6876452007316134
-3.874782151890418 -2.813271996920123 -2.529800628014875
-3.4308553309425793 -2.7797796988573173 -2.1958915810503314
-3.7106855312287585 -2.5322456263180424 -2.9063797189505207
-5.323165534326334 -4.185582113524628 -3.640031070776339
-3.6498858560296723 -2.9666008112826647 -2.554349474307592
-5.594269332675907 -4.644432886475991 -3.6224128741704655
-5.091157635577167 -4.531101780702451 -3.553460714995834
-4.019310336434432 -2.6674402888215463 -2.8073687530865454
-3.5737700772239966 -2.8886846366048706 -2.3829679936323247
-3.8116560626732032 -2.6350664683075933 -2.6222770596536655
-3.782052005726362 -2.549729864153386 -2.895874487007141
-3.427206314040166 -2.3949584860553053 -2.388407027336017
-3.5710726328798175 -2.7134683147406906 -2.4120427703297946
-3.8067640887363496 -2.8936597929841454 -2.9246845881701433
-3.8643394023086994 -2.5947099839910037 -2.622285651742811
-5.82420544301475 -4.712486079670505 -3.6849267635657843
-3.592200484116673 -2.8189842886366425 -2.665094694617661
-3.4796413373781228 -2.730944487022036 -2.5015928337100766
-4.382741917450868 -2.7055092370614475 -3.194647433368677
-3.8282534750085864 -2.8372262046947974 -2.618947718574293
-3.885307664667603 -2.7160017634264086 -2.5523162674467814
-4.199393469311925 -3.2340041249631155 -2.961685910801716
-3.4305672847009947 -2.1858006899126177 -2.5930089216222347
-5.063067320542297 -3.3452232425442063 -3.3871041022297663
-4.023046071957369 -2.80534269469479 -2.7991656992397096
-4.93443669014012 -3.577739623144848 -3.342840016040419
-5.519760027997543 -3.6211489205187006 -3.558684259110576
-5.650814133426604 -4.516000556156341 -3.606951166951704
-4.651184997391388 -2.4600680387587026 -3.5108746257726335
-4.009123731819466 -2.5424288772420733 -2.946149164091473
-3.6572258567808222 -2.525373357462896 -2.658246697198549
-3.6334079627860323 -2.7783033179326937 -2.492181657758275
-4.119851187375259 -3.2689545531685433 -3.050090957408727
-4.9702189563248425 -4.226289149244911 -3.600266399677836
-5.939418465171979 -5.278605043087969 -3.5394646244005807
-4.187601388023035 -2.994245930648812 -3.0815801500245916
-3.373074139344352 -2.2246724827808344 -2.6500253820515662
-3.733896919976087 -2.4106780937497243 -2.5135114113230297
-5.207758519974326 -3.908765887862676 -3.630633771165504
-4.752060694589096 -3.513045124801354 -3.2816249417828445
-3.643369174783181 -2.7384955547745737 -2.4331495287942113
-5.445113099675379 -4.168444687328026 -3.6887137427916485
-3.7699206647773074 -2.871138493731603 -2.6391725318388612
-3.7711738200063385 -2.866982277371833 -2.4757482481616244
-4.1472897968936255 -3.1007925199191466 -3.0190724351914073
-3.801233216041102 -3.025998123878245 -2.643952321501449
0.07457627118644067 0.08813559322033904 0.04406779661016946 0.09491525423728808 0.07118644067796609 0.0474576271186441 0.06779661016949151 0.057627118644067776 0.07796610169491525 0.06779661016949157 0.0847457627118644 0.09491525423728814 0.09152542372881356 0.09830508474576272 0.07118644067796609 0.09830508474576272 0.08813559322033904 0.08813559322033904 0.08135593220338977 0.09491525423728814 0.09152542372881356 0.09830508474576272 0.09152542372881356 0.0949152542372882 0.09491525423728808 0.06779661016949151 0.08135593220338988 0.07457627118644072 0.09830508474576272 0.08135593220338988 0.061016949152542355 0.0847457627118644 0.09152542372881356 0.07457627118644072 0.06440677966101693 0.09830508474576272 0.06779661016949151 0.09830508474576272 0.0847457627118644 0.08135593220338982 0.0847457627118644 0.08813559322033898 0.05423728813559325 0.07118644067796609 0.0847457627118644 0.08135593220338977 0.07796610169491536 0.09830508474576272 0.09152542372881356 0.09830508474576272 0.05423728813559314 0.0847457627118644 0.09491525423728808 0.09830508474576272 0.08135593220338982 0.0949152542372882 0.09830508474576272 0.09830508474576272 0.09152542372881356 0.09830508474576272 0.0847457627118644 0.09830508474576272 0.09491525423728814 0.09830508474576272 0.07118644067796609 0.09830508474576272 0.07457627118644072 0.08135593220338988 0.09830508474576272 0.0474576271186441 0.09830508474576272 0.07796610169491525 0.0847457627118644 0.09491525423728808 0.08135593220338977 0.08135593220338977 0.09152542372881356 0.08135593220338977 0.07118644067796615 0.07457627118644061 0.09830508474576272 0.061016949152542355 0.07457627118644072 0.07457627118644072 0.06779661016949146 0.08135593220338977 0.09152542372881356 0.09152542372881356 0.07118644067796609 0.06101694915254241 0.09830508474576272 0.0847457627118644 0.09152542372881356 0.08813559322033904 0.09830508474576272 0.0847457627118644 0.0847457627118644 0.08813559322033904 0.06779661016949146 0.07457627118644072
0.010029968161374948 0.008526364984297432 0.0092937288658034 0.018114044595662016 0.010785714364723418 0.009226069250306794 0.008850723273268754 0.01112689938402296 0.008554087474932467 0.008370639758703738 0.011002930563162325 0.010006994667196983 0.010722262484652292 0.00843643287719474 0.009022934596643734 0.011532640645452815 0.008637771645904131 0.00906777384067419 0.012518113074733408 0.010825781009415336 0.00841469312639314 0.009393280885866748 0.008546489679364428 0.013401292333954264 0.009679939288793085 0.008988050743885121 0.008209560391066848 0.014385967180551237 0.011617423744839383 0.00909518487007882 0.008517145482253064 0.010694852408713294 0.008368964854463166 0.008300028861812275 0.008602321227957312 0.008681858302041824 0.008911311344338228 0.009462575529295374 0.009172124086871677 0.008727005528378908 0.01072139322150907 0.010342454319080013 0.00856657790825522 0.00894183276578554 0.008875758428906793 0.008684565759689448 0.009876329907826643 0.010201541628816545 0.009341873196329648 0.008700009506932093 0.00949077302391944 0.009951523274981677 0.009587578410196241 0.00918109583704364 0.009211416059747228 0.011753644991364871 0.009308127600300354 0.011206328150808601 0.009662282315320443 0.013799572673834568 0.012208964868008897 0.008579419137076487 0.010358890652441704 0.00906157916908838 0.009093764902619856 0.010877109900437559 0.010082891639390882 0.00889732172187327 0.009045730602878554 0.015803469070086 0.00942727493524361 0.010020267659580811 0.008614722461450754 0.009014964649135968 0.009126269662684379 0.008541170432655286 0.01099164382932116 0.00889186541806877 0.008502038261875716 0.008797267005250122 0.010617496832775786 0.013250119883407784 0.010677904732712046 0.008785792082088757 0.009384193591409582 0.009671904414459474 0.008756126796510118 0.011082238706079205 0.022625203352415066 0.008376907117778686 0.011005275662579892 0.009779812419296194 0.010363764291748455 0.008609787901618806 0.009854527403219395 0.011688501868536792 0.009087290881595916 0.009560465148192133 0.008443923976021764 0.009215512588694012
