3
100 100 100
9898 12712 54873
0.4 0.2 0.1
-----
100
9898
0.4
-5.162801741369325 -3.3267007594105404 -3.8581029591199765
-3.507125824190392 -4.413390484931215 -2.9276640172152915
-3.2105611077787546 -2.458261842802384 -3.650368006752557
-2.8404547896996255 -2.9118296430445487 -3.0620451195475447
-4.027608806137642 -3.049646293132201 -3.915374496756558
-4.674673645652289 -4.164568687073155 -3.520723460012545
-5.84528622783435 -4.082767287789985 -4.761603457278555
-2.867674167837926 -4.1777321620410905 -2.8986860466432205
-2.671571358389502 -3.4269329452746233 -2.9116012711446473
-3.8703964442507917 -3.425041355574542 -3.174033878999059
-3.981313910904076 -2.2507430622846587 -4.595335031796009
-3.683744157293755 -3.212869398387741 -3.2781917450287215
-4.849001348682606 -4.708255944862025 -3.1788154353394975
-5.595764630344751 -4.263422505270024 -4.399835102569711
-4.039763491516583 -4.377113834622125 -3.0595346284648617
-3.4952277805729235 -3.453248267148937 -3.154220805226851
-3.422986619656178 -3.546594869809719 -3.2640322611347745
-2.7689396600997225 -3.2246539796044935 -2.93672003130946
-3.990371576549114 -2.9578578587095614 -3.9049053660545043
-4.268074660731188 -4.180053686922294 -3.1913684471227253
-4.328416412694333 -3.010590755790786 -4.479127457469666
-3.750437444834938 -3.6927269294456178 -2.89925446234053
-5.413602218644693 -4.9768129479278 -3.2131004326441097
-4.964516659422802 -4.203739593658457 -3.799730151389251
-2.184863827296229 -2.3501177585107342 -2.9690904617756697
-3.0903420216198345 -1.9231623878069506 -3.9848398816996236
-2.9167881484605367 -4.101986006127259 -3.0241642993021447
-3.9402394411157524 -3.5035485725096196 -3.3972206863649985
-1.7023821042852791 -1.7874412067669407 -3.105192920740899
-4.053781947341879 -3.8808287477143506 -3.20959667902171
-2.9537271362521804 -2.431317707388908 -3.254161929392604
-5.793922524539032 -2.943572917574965 -4.814291472894927
-5.47468476730605 -3.5224471156041433 -4.903836856576479
-4.213145381167447 -2.9028029387861385 -4.237255572573196
-5.190886899797476 -3.208939686854783 -4.895925662765164
-4.317771038481871 -3.651146484061734 -3.6546970635432707
-4.495195683270721 -3.3262089147403806 -4.192625292607105
-5.0846984924566865 -3.6844375569317904 -4.523245767190358
-3.782632184953424 -3.0232864326277604 -3.5600960810093856
-4.591949704833274 -3.7945404591467327 -3.6139060619025116
-2.3407661901721832 -1.8428100208126432 -3.448465235107204
-4.954118516861811 -4.066417085788334 -3.6810517374527083
-4.059519609097649 -4.766816138655374 -2.9734301498615276
-5.158414396043501 -3.678141098015546 -4.638708520519399
-5.098396799118666 -4.23090369136162 -3.8767776813474253
-5.285390225756048 -4.183428655121219 -4.072851222674178
-3.657238538661912 -3.012553299595423 -3.539036233607756
-3.60852706162958 -3.7574567104505108 -3.1318160017889514
-5.526865443760277 -3.8636742238491744 -4.530110667988333
-4.723871175440665 -3.421133522844468 -4.0737975862295075
-1.911975108674679 -2.080361421950444 -3.0254766093753034
-3.016436740379044 -3.3686538254540146 -2.9967157558988413
-1.8250174768239837 -1.6220423700343751 -3.2290127081197233
-3.4526341413942045 -3.416246128555062 -3.097104949365818
-4.318760025654578 -5.55774291381012 -2.9343561588248064
-4.206041132932583 -2.44724165277025 -4.4877994996349155
-4.1202941685585 -5.372614365563495 -2.9815401354147983
-3.8556540181987278 -3.8396628832849666 -3.1472034314093857
-2.983227699654235 -2.7899572607096217 -3.323676225231254
-4.133710166828319 -3.728388127985965 -3.0242853948514634
-2.0467360235518472 -2.432431542475674 -2.978670255459904
-3.7595225862590333 -3.9488919423515783 -3.0298519371451986
-5.014700334901256 -4.253282175178492 -3.4778970073400015
-5.647032348539103 -4.263011565548919 -4.361089265510952
-2.7647423955940433 -3.0496542825501547 -2.929698681204806
-5.346128532115076 -3.8515401891084466 -4.609363001687602
-3.8408533526969144 -2.688040469276723 -4.099410680436152
-3.479948269546349 -3.427291511614262 -3.0454092504053007
-4.3323871641509255 -4.236417187231666 -3.3672287184174676
-4.57915040595897 -3.994075374377586 -3.686845159679171
-4.136277684436685 -1.9523680792814986 -4.702545419264061
-2.523218744174124 -3.277628409553883 -2.9721419315057553
-4.925100826029424 -2.7120685367575703 -5.11057667263482
-4.938495175950952 -4.246109822415054 -4.267999785806465
-4.728800656513073 -3.0162623316796506 -4.663650233676012
-2.921585958828403 -3.3274636680949174 -2.8931280757695177
-5.974019701885803 -5.4513180251961835 -4.133629785733332
-4.538774900657899 -3.8471583029392025 -4.046340243230727
-3.038563863544388 -2.812496261989852 -3.3482737611540383
-4.701263632575836 -4.066916703303676 -3.901507076925102
-4.46118775738373 -3.4721717960591025 -3.310903598538555
-3.826437761312354 -3.9778948423681753 -3.2517582449832014
-2.998218747683871 -1.5570976590042385 -4.329848225126395
-4.876023778961295 -3.2280973955662535 -4.4710263732233155
-2.7395748438501335 -3.0581775376640237 -3.1036827278256744
-4.400660492817588 -3.5788672627864675 -3.9909428781905296
-5.075216502790973 -4.382808588314692 -3.7192897682522323
-3.310487101410622 -2.5559600014013784 -3.565405998712795
-2.551131304323089 -2.8538956616484707 -2.994043966763765
-5.593786531849766 -3.9710157335356913 -4.705552017385267
-2.2106057141321105 -1.5741790208264934 -3.5912533315520934
-3.8004847224436644 -4.270722308504222 -3.091056496982697
-4.579676140594556 -3.8553974182924353 -3.8616503166444547
-4.761485511570459 -3.453426482921631 -3.8635311519963453
-4.747910980459487 -4.054994626309929 -3.843781095249646
-3.022779329610043 -2.463239860133408 -3.529544000551165
-3.977979280402701 -3.611714602692102 -3.532581925880142
-2.3179778552471624 -1.3487034025207505 -3.916025326307614
-3.26836463657572 -3.037197472001664 -3.2440778726293247
-3.135963952368533 -3.5474091073289094 -3.089218479928624
0.3966101694915254 0.3559322033898305 0.27796610169491526 0.2033898305084746 0.20338983050847464 0.3457627118644068 0.29152542372881357 0.3491525423728814 0.3389830508474576 0.1694915254237288 0.3389830508474576 0.311864406779661 0.36949152542372876 0.21355932203389832 0.1322033898305085 0.17288135593220344 0.3152542372881356 0.3728813559322034 0.1084745762711864 0.3220338983050847 0.3152542372881356 0.37288135593220345 0.3593220338983051 0.3864406779661017 0.3830508474576272 0.34576271186440677 0.3186440677966102 0.223728813559322 0.35254237288135604 0.21694915254237288 0.38983050847457623 0.3864406779661017 0.3288135593220339 0.29491525423728815 0.3627118644067797 0.1322033898305085 0.06440677966101695 0.14576271186440679 0.20677966101694922 0.18983050847457625 0.29830508474576267 0.35593220338983045 0.23389830508474574 0.3694915254237288 0.2271186440677967 0.21016949152542375 0.1254237288135593 0.17627118644067796 0.3457627118644068 0.2033898305084746 0.3864406779661017 0.20677966101694922 0.3457627118644069 0.3525423728813559 0.30508474576271183 0.39322033898305087 0.35932203389830514 0.2677966101694915 0.37627118644067803 0.24745762711864405 0.3457627118644069 0.16271186440677965 0.29830508474576267 0.3728813559322034 0.3457627118644069 0.2576271186440678 0.3694915254237289 0.3254237288135593 0.38644067796610165 0.27796610169491526 0.3966101694915254 0.3254237288135593 0.38305084745762713 0.376271186440678 0.3220338983050848 0.36610169491525424 0.20677966101694922 0.33220338983050857 0.11864406779661019 0.21694915254237288 0.39322033898305087 0.2 0.39322033898305087 0.30847457627118646 0.2576271186440678 0.3423728813559322 0.3864406779661017 0.3355932203389831 0.33220338983050857 0.3423728813559322 0.39322033898305087 0.19322033898305085 0.22372881355932206 0.3389830508474576 0.3525423728813559 0.3118644067796611 0.2915254237288136 0.31864406779661014 0.12203389830508471 0.1084745762711864
0.010000000000000004 0.010000000000000004 0.010000000000000004 0.010000000000000004 0.010000000000000004 0.010000000000000004 0.010000000000000004 0.010000000000000004 0.010000000000000004 0.010000000000000004 0.010000000000000004 0.010000000000000004 0.010000000000000004 0.010000000000000004 0.010000000000000004 0.010000000000000004 0.010000000000000004 0.010000000000000004 0.010000000000000004 0.010000000000000004 0.010000000000000004 0.010000000000000004 0.010000000000000004 0.010000000000000004 0.010000000000000004 0.010000000000000004 0.010000000000000004 0.010000000000000004 0.010000000000000004 0.010000000000000004 0.010000000000000004 0.010000000000000004 0.010000000000000004 0.010000000000000004 0.010000000000000004 0.010000000000000004 0.010000000000000004 0.010000000000000004 0.010000000000000004 0.010000000000000004 0.010000000000000004 0.010000000000000004 0.010000000000000004 0.010000000000000004 0.010000000000000004 0.010000000000000004 0.010000000000000004 0.010000000000000004 0.010000000000000004 0.010000000000000004 0.010000000000000004 0.010000000000000004 0.010000000000000004 0.010000000000000004 0.010000000000000004 0.010000000000000004 0.010000000000000004 0.010000000000000004 0.010000000000000004 0.010000000000000004 0.010000000000000004 0.010000000000000004 0.010000000000000004 0.010000000000000004 0.010000000000000004 0.010000000000000004 0.010000000000000004 0.010000000000000004 0.010000000000000004 0.010000000000000004 0.010000000000000004 0.010000000000000004 0.010000000000000004 0.010000000000000004 0.010000000000000004 0.010000000000000004 0.010000000000000004 0.010000000000000004 0.010000000000000004 0.010000000000000004 0.010000000000000004 0.010000000000000004 0.010000000000000004 0.010000000000000004 0.010000000000000004 0.010000000000000004 0.010000000000000004 0.010000000000000004 0.010000000000000004 0.010000000000000004 0.010000000000000004 0.010000000000000004 0.010000000000000004 0.010000000000000004 0.010000000000000004 0.010000000000000004 0.010000000000000004 0.010000000000000004 0.010000000000000004 0.010000000000000004
-----
100
12712
0.2
-4.6199320657524785 -3.4549566747526894 -4.085335443048613
-4.441992320593963 -3.4760424000389847 -3.963777806717722
-3.7850770029987215 -3.137697651685896 -3.3980264296532585
-4.044322537057271 -2.6944530774701367 -4.1238803176607695
-3.0276190977939965 -2.728884261147673 -3.2182846093155355
-5.264671603989272 -3.7316351184881142 -4.1472641341193786
-3.3988321471774174 -3.1910403357070063 -3.2469649246654693
-3.551808515431716 -3.4031466580176923 -3.2409622648090304
-3.7820839144257428 -2.336955267710817 -4.333871774155718
-4.579361333615502 -3.5243362789449897 -3.6932049192363836
-4.456163724746776 -3.7097537410980865 -4.1829210981642255
-2.934508549974133 -2.6955795404159892 -3.2655074622943343
-3.9056258164115976 -3.894573410412081 -3.0373068987806326
-5.105938424535585 -3.7157558127480668 -4.5144534751873495
-4.213462576655617 -3.8406521164884784 -3.3379858650360483
-3.6067568289394183 -3.72256203626518 -3.249420054801118
-3.568531473521289 -2.79285395924258 -3.5515329586372095
-3.9587050038350036 -2.891312214890415 -3.921351522516992
-3.666747182022709 -2.6600743025531415 -3.767021978486698
-4.1506953209624164 -3.050694521353823 -3.988340708386672
-3.1115279047700177 -2.3083966948484265 -3.665326851327174
-3.077460676910883 -2.9946572968330414 -3.2120589799408794
-2.730532949488622 -2.4019962416823297 -3.3400928384197344
-3.626073168305414 -2.549699893080567 -4.132566605058889
-3.796138532610169 -3.4504210389873813 -3.2619396836521557
-5.729034589629189 -4.743816881782294 -4.272977548526591
-5.423410950899818 -4.037801673389312 -4.109640421961261
-3.912755774903032 -3.4953186204926983 -3.361555242025041
-5.657425459803898 -4.278255818311852 -4.49882004397457
-3.8543722002684015 -3.393691895118453 -3.2656801744815853
-4.5153017748463915 -3.165709599688922 -4.27664062467941
-5.043226579660642 -3.9178772288295507 -4.188780261667572
-3.1577217954101977 -2.763336280891493 -3.4672521149974838
-3.8876286435828726 -2.986506700413133 -3.836884327262895
-5.842580177729624 -4.487036703623922 -4.3792031344608935
-5.174958410179739 -3.9691966799567044 -4.405749645118066
-5.536885992719434 -4.247862617943339 -4.4360524305740805
-4.602925522845772 -3.648752525873406 -4.012077714726659
-3.9915809450618474 -3.732008185236776 -3.0134596164819945
-3.304456483935803 -2.663802526196412 -3.5780744643407143
-4.611780684254887 -2.9491251298379764 -4.31303393060509
-4.5814623816751645 -3.170664524521479 -4.466517462179533
-5.09691002895708 -4.55574232959084 -4.12014669602236
-3.72849228471577 -2.7124937288748394 -3.984465137424934
-4.177487512071824 -3.584177450445568 -3.8296080291846017
-3.0667443476960363 -3.5095511885396253 -3.0585373751538447
-4.444773207904792 -3.45729884174115 -3.8296588610851523
-5.090699231739249 -3.736116768863405 -4.440663035134418
-3.299735839385539 -3.3009634939784434 -3.1899719845163528
-3.3132847352574464 -3.371023437450349 -3.2687382676694816
-4.304794220582608 -3.317469764396403 -3.9657635916614975
-5.815904716015123 -4.540500955843945 -4.410439229827386
-4.2447745307270885 -3.428757886236599 -3.8740483635723146
-3.1899543694978796 -2.379571915809554 -3.6250921499848605
-3.794067918495772 -3.8116227968486993 -3.159427489033208
-3.3808678415507223 -2.8182780161852876 -3.475835313589095
-4.776734603339059 -3.5714563582595447 -4.059409609170599
-3.3851906601715647 -3.1522795641476287 -3.3763661398056906
-3.986740503303329 -2.9671468922723068 -3.8229596576480547
-3.4916482846207093 -3.900898367146853 -3.016664503276558
-4.325896499955476 -3.3634873595860264 -4.095677418389347
-2.9324321305432988 -3.0278780681184334 -3.077527576214503
-4.506079239473187 -3.369334609043912 -4.083871494854473
-3.3702951769789773 -3.22906769144431 -3.2711374083600964
-4.9419161398114975 -3.3691002757987185 -4.615099419328017
-4.543097412856206 -4.5010192408586525 -3.194351108617866
-4.799726943412915 -3.227020208504752 -4.076344618579486
-3.878025953337191 -3.5217047603408314 -3.199167331511459
-3.0282600397674178 -2.896250568421811 -3.3227094134023045
-5.1933752201011165 -4.299168586021134 -4.271188652623083
-3.1112418397693364 -2.6777117531636776 -3.5028463838313786
-4.3832604736878915 -3.1235015465006835 -3.846893173430475
-5.503632687886756 -3.8690464904747524 -4.364598475156319
-3.515640864887619 -3.38356578298529 -3.1953495473621687
-4.298777296550645 -3.32003486660116 -4.030005141462538
-3.5335990760785316 -3.6444796401809727 -3.0517382326273994
-3.123448904189329 -2.584911168779806 -3.391909539251448
-4.690645862100185 -3.3144583354043067 -4.330083934026389
-3.1412799617697846 -3.110597351522327 -3.1727181755727707
-5.612327644773236 -4.6147459792820875 -4.304864442257086
-3.9521001815345667 -2.944408293337936 -3.8431804654382415
-3.870723509558116 -3.4477274447251043 -3.3921509678093247
-3.0331550279777484 -3.242709031663736 -3.034397386852935
-4.795311533951998 -4.008425840514372 -3.8564952916152615
-3.895857083458282 -3.3327239652588996 -3.4407926789474503
-3.335800947119238 -3.41560901360684 -3.083855937342051
-5.3339858519501 -4.460287276687264 -3.9572718824976074
-3.552355113296164 -2.748488316962005 -3.5165703958471215
-3.5467414543627402 -2.9875052093591385 -3.517658337838596
-3.08087609153199 -2.751540878276526 -3.4108377043493054
-4.254846374994336 -3.74240642379933 -3.86598991657255
-4.338915316418631 -3.242360166287201 -3.9822328003572034
-3.3657921137416187 -2.7440938805964605 -3.4640650255301786
-3.5026500889319854 -3.548537377625765 -3.055052639818685
-3.7916320707365907 -3.3632884283314177 -3.5821009453087376
-3.1831165027060973 -2.7467584717541014 -3.283815293132575
-5.891815473202844 -4.72194790217089 -4.368638666448983
-5.709569826302074 -4.73991366912625 -4.301341710666832
-5.323800257779612 -4.007713387204211 -4.494948237666236
-5.036490086391249 -3.6106536498733144 -4.352214368303347
0.16271186440677965 0.1084745762711864 0.13559322033898302 0.1593220338983051 0.15932203389830513 0.14237288135593218 0.11186440677966103 0.1694915254237288 0.16271186440677976 0.1423728813559322 0.19322033898305085 0.1457627118644068 0.16610169491525428 0.1694915254237288 0.17288135593220344 0.1762711864406779 0.1627118644067797 0.0983050847457627 0.1932203389830508 0.11864406779661019 0.14915254237288136 0.13559322033898308 0.1559322033898306 0.18305084745762712 0.16949152542372892 0.11864406779661016 0.15254237288135597 0.16949152542372883 0.13559322033898305 0.10508474576271186 0.14237288135593218 0.10508474576271187 0.15932203389830513 0.11186440677966103 0.19661016949152543 0.09491525423728814 0.08813559322033898 0.09830508474576272 0.18305084745762712 0.08813559322033893 0.09491525423728814 0.17627118644067796 0.1966101694915254 0.10847457627118644 0.16610169491525417 0.15932203389830507 0.19661016949152543 0.14915254237288134 0.07796610169491525 0.16949152542372886 0.09491525423728814 0.11525423728813561 0.06101694915254238 0.17288135593220344 0.12203389830508476 0.06440677966101696 0.12881355932203398 0.15593220338983055 0.08135593220338982 0.18644067796610164 0.11186440677966103 0.16610169491525428 0.10847457627118645 0.10847457627118645 0.1864406779661017 0.18983050847457628 0.18305084745762712 0.16949152542372886 0.19661016949152538 0.16949152542372892 0.07457627118644061 0.18983050847457628 0.17288135593220344 0.19322033898305083 0.1423728813559322 0.17627118644067793 0.19999999999999996 0.18983050847457628 0.16949152542372886 0.1084745762711865 0.17627118644067796 0.15254237288135597 0.18305084745762712 0.11525423728813561 0.18644067796610173 0.1728813559322034 0.09830508474576272 0.07457627118644061 0.12203389830508482 0.10169491525423735 0.14915254237288145 0.11864406779661019 0.19999999999999996 0.14915254237288134 0.18305084745762712 0.14237288135593218 0.07796610169491526 0.1322033898305085 0.1728813559322034 0.12542372881355932
0.008642137945340187 0.008324350261839803 0.00867446259545989 0.010699145771748178 0.010999763222061006 0.00951856191955917 0.009181616448421826 0.008800076668093189 0.014287659471379572 0.008172903334084318 0.008828558236404235 0.011244582902034362 0.009370526958786997 0.010569787251833105 0.008350320088599466 0.008734704481706391 0.009586757092275156 0.009416351546971886 0.010159440306540535 0.009047894499679009 0.01265142580102199 0.0101729608534281 0.013059960763984918 0.01196123989622928 0.008537779882615119 0.014415518440054847 0.010062893145132739 0.008275928491383486 0.012863803515269794 0.008550072317329375 0.009635229926529133 0.009283746389548436 0.01030604418562051 0.009035017564120389 0.01394882042231934 0.010330361384645376 0.011970335414219966 0.008387258630888385 0.009356340037922274 0.010404149003474424 0.01042910124278269 0.010535475061889975 0.010857863843810048 0.010428049723856109 0.00810606644589647 0.010200563508587472 0.008171971552926857 0.010171062043281418 0.009345173741588778 0.009107911655667414 0.008480795116702411 0.014263456302122161 0.008220303314452627 0.011989516927216464 0.008865960451714469 0.009739301433685026 0.008616278618817357 0.00905805154537815 0.009006468323991637 0.009844616054681003 0.00872784175882736 0.010874529956223029 0.008686584692890768 0.009126903722154472 0.011226432308866944 0.010433242319358745 0.009123393801065499 0.00863937536884426 0.010319523902947528 0.010543247395941084 0.010703241767733355 0.00867070987828942 0.010835204934217385 0.008962489427064613 0.008615673380813309 0.009378297257164384 0.011062557337270205 0.009617418975608591 0.009920631219046206 0.013212799092459027 0.009115082727298482 0.00827160554899885 0.01046945901107929 0.00852980798187952 0.008300729488288684 0.009535372027049856 0.01065365482341637 0.009754404399493613 0.009075932591253994 0.010527595979112583 0.008151203599449113 0.008622264662926524 0.010001713925121444 0.009382142439219723 0.008268516964904073 0.010482325526966863 0.01564516749761344 0.014426608771126857 0.011128724463744927 0.009721115096665048
-----
100
54873
0.1
-3.098311771497289 -2.6813954272722604 -3.5346671532698664
-3.762345331759616 -3.450888059645429 -3.1832860732826798
-3.2079726336498817 -3.0530571434072096 -3.4677083366285415
-4.32839880157823 -3.372150701906313 -4.193782391291202
-3.1912796433170656 -3.1472936667803295 -3.1899060515965485
-4.582424931689607 -3.2836524677307204 -4.434945947624327
-4.863901422239978 -3.7695136523204065 -4.351261290530101
-3.302263621115055 -3.104866542788039 -3.187577157563195
-3.081657163112721 -3.159247943539889 -3.2012842708413545
-5.188472071171024 -3.915335190692033 -4.404454546873219
-5.142144984899853 -4.087950177487995 -4.316712813667047
-3.436165286718625 -2.951974226094557 -3.4986968893558554
-3.0960134282400857 -2.4062902336376704 -3.6665891069256387
-3.6742433648528854 -3.0311280487461323 -3.478721685570131
-3.665423437435183 -2.7256841720198794 -3.7265665037080558
-3.4238834492360315 -3.0382271280156883 -3.3753237484801755
-3.232154828821482 -2.866811635318772 -3.477359273751115
-3.10119477128323 -2.883627997840779 -3.2994673574499354
-2.9590937675740463 -2.7578925298589487 -3.3019831653752685
-3.536784960078744 -2.892051133867833 -3.4159426681469287
-4.701548689730448 -2.908992198874963 -4.3693675346489735
-4.467106345781301 -3.594770293359349 -4.029060341794904
-3.92374151649776 -3.071132726605189 -3.6428714079554942
-4.57224361560333 -3.4578197141392093 -4.269750316551264
-4.36384245470588 -3.1613978948073918 -4.381905102919748
-5.53462698463494 -4.331349648823345 -4.377005831974286
-5.629991716921191 -4.40528362403258 -4.392749379507725
-4.574785721074467 -2.9739833902597343 -4.295053760566237
-3.392870552921228 -2.786818202771683 -3.522326489926519
-3.336128405232285 -3.1837735071757085 -3.2822654815977357
-4.108944297832251 -3.5764083362568857 -3.69684404254922
-5.01351564731379 -3.895195069428725 -4.122423688563276
-3.9457343006731778 -3.0649595216292327 -3.839579274822734
-4.519904291779333 -3.4983852624636063 -3.9763674184254594
-5.445092676049608 -4.235855762756497 -4.396051634235596
-4.042735114816468 -3.480178279462936 -3.8375123762099563
-3.1762329324214993 -3.134657155294533 -3.138787128659792
-3.9429879677894646 -2.8972916991834254 -3.5264920985920885
-3.7991221462701286 -2.630249673550901 -3.931458811863259
-3.872474542256499 -3.474015144650597 -3.281872159058794
-3.4787376021109226 -2.992265679501011 -3.6773392807156284
-3.7746103826493558 -3.09538814506831 -3.8126230565897083
-4.561439343294763 -3.459445761010035 -3.7496392694221017
-4.024699709054208 -2.955064789112981 -4.171423643653276
-5.566470618393508 -4.343353416654557 -4.411750998184991
-5.019664530042669 -3.7903020785506505 -4.285533561552159
-3.2851882216691375 -3.030642776696332 -3.322311189722497
-4.145785880133284 -3.0332980151433997 -4.065733342975617
-3.6388899894414 -2.752650136439109 -3.793804893174571
-3.594670729992787 -2.753715940802963 -3.6498614145281127
-4.303113638648743 -3.2352994337091143 -4.293018982746133
-4.191355732556437 -2.816336717710386 -4.175336338823625
-3.3261726914332983 -2.848730710684092 -3.5268278974315748
-4.4458850856350836 -3.2413837791407447 -4.0883083066861206
-3.243188473858045 -3.3850113812816627 -3.135897091046271
-3.5509815065991166 -2.9898462163150907 -3.5876355769979438
-4.4384091514453266 -3.4438983465079502 -4.075017950926957
-4.44861274935924 -3.1111516491400315 -4.167851518054178
-3.4418486400955044 -3.3432245154401277 -3.1403287533650133
-5.003595006432941 -3.854985309448654 -4.356151212356343
-3.7244877380073946 -3.243330000689858 -3.7724492475075326
-5.253278574939877 -4.065197579684803 -4.367608118691491
-3.2622531640097625 -2.4782853839296153 -3.618459882548539
-4.750648181261229 -4.251015700904224 -3.9525837862447886
-3.302710506663321 -2.806593716200675 -3.400027126617783
-4.726723739563947 -3.4992444068640665 -4.399683486599404
-5.744924779876318 -4.636932635265877 -4.35982806113609
-4.732936021397627 -3.3782535622141783 -3.989481317019131
-3.6553478220209406 -2.9752729857865177 -3.544663568054391
-3.972578962297367 -2.9348538327504 -4.282052848152654
-5.4010069174585835 -4.361943191917639 -4.305938060131621
-4.662472157399524 -3.4251631126920943 -4.022736630905783
-3.6966575105746347 -2.9952552126236256 -3.790427930232718
-4.283051488855686 -3.1305037490003023 -4.075614583557644
-3.246538505800072 -2.90181451374615 -3.2890362855772204
-4.176368841830741 -3.3203787725062752 -4.01856519395465
-3.3102024110202968 -2.7573322272115863 -3.4509890218442054
-4.574578348800333 -2.99319336528966 -4.191978793806118
-3.7797665247341516 -2.924720881752923 -3.8477050597905182
-3.380913260552409 -2.65769268116832 -3.7517705532950583
-5.426765051009987 -4.262704895661605 -4.375972465181369
-5.123235523812712 -4.138416692230975 -4.278034852333788
-3.625717918658303 -2.983782478070796 -3.7828524443372182
-4.606504180879851 -3.6291768403376956 -3.894201842206965
-3.711688147784945 -3.1029820367156784 -3.7436590832019307
-3.450065353138382 -3.4276705840859023 -3.2608887894752483
-3.5767585007106737 -3.6456154334457693 -3.145641438473685
-3.7598785396927443 -3.2055017450964978 -3.6634635298839817
-5.709486224875469 -4.41632527652467 -4.411202069515532
-3.409187603420566 -3.1346698358004503 -3.2439341435384463
-3.459845918719501 -3.025418382390059 -3.491232514190445
-5.361305670569186 -4.238491233420076 -4.350122506859632
-5.437263735880886 -4.299853033893569 -4.392906556314032
-3.6228697124557594 -3.299616641437336 -3.4204658382170146
-4.434985588034615 -3.2752674983713446 -4.115829655604956
-3.6308001159069416 -2.9810046708450555 -3.4164021402120834
-3.102286400620317 -2.297225780795105 -3.6252654757252376
-4.089536580399647 -3.396195609115432 -3.7148581815316266
-3.368728709903062 -2.935334516543673 -3.5210299892940906
-5.015721361263744 -3.7031024818839993 -4.440291718481531
0.09830508474576272 0.09491525423728814 0.06101694915254238 0.09152542372881356 0.07796610169491525 0.0949152542372882 0.07796610169491526 0.0847457627118644 0.09152542372881356 0.08813559322033893 0.08813559322033898 0.0847457627118644 0.088135593220339 0.05084745762711865 0.08813559322033904 0.09152542372881356 0.0847457627118644 0.09491525423728814 0.09152542372881356 0.09152542372881355 0.0847457627118644 0.05423728813559325 0.07796610169491525 0.07118644067796609 0.09491525423728814 0.09491525423728814 0.07118644067796615 0.09152542372881356 0.07118644067796609 0.08813559322033904 0.07457627118644072 0.05084745762711873 0.09152542372881356 0.07457627118644068 0.09830508474576272 0.08135593220338988 0.09152542372881356 0.09830508474576273 0.0779661016949153 0.09491525423728814 0.09491525423728814 0.05423728813559325 0.06779661016949151 0.07796610169491526 0.09830508474576272 0.09491525423728808 0.07118644067796609 0.08813559322033898 0.09491525423728814 0.0949152542372882 0.09152542372881356 0.08813559322033898 0.07796610169491536 0.09830508474576272 0.09830508474576272 0.0847457627118644 0.08135593220338985 0.08813559322033898 0.07118644067796609 0.07457627118644068 0.05423728813559325 0.07457627118644067 0.0983050847457627 0.08135593220338977 0.07118644067796609 0.09152542372881356 0.07118644067796615 0.09830508474576272 0.0847457627118644 0.07796610169491525 0.07796610169491525 0.0847457627118644 0.05423728813559325 0.07457627118644067 0.07796610169491525 0.06101694915254237 0.08813559322033898 0.07457627118644072 0.08135593220338988 0.09152542372881359 0.08135593220338982 0.09830508474576272 0.07796610169491525 0.08813559322033898 0.09830508474576277 0.0847457627118644 0.08813559322033904 0.08474576271186446 0.09830508474576272 0.06440677966101704 0.09152542372881356 0.08474576271186451 0.09491525423728814 0.05423728813559325 0.07118644067796612 0.09830508474576272 0.08813559322033893 0.07457627118644072 0.08135593220338977 0.09152542372881356
0.010833116853914661 0.010028632509360275 0.00943462568830968 0.009357576078736619 0.010338288590444193 0.011138618372856695 0.00993739340319273 0.010097715360841992 0.010628184161810713 0.010447405383782823 0.010270749958432902 0.00905260990117466 0.01309909186635607 0.008708054243924044 0.009652299661769061 0.009157190959497744 0.009703931696504195 0.010462626804112545 0.011459049416068972 0.0092295442523624 0.012764644679855336 0.00880512327025035 0.008465822989321843 0.009609165840033245 0.011095405817064407 0.011609954649155596 0.012170746110218747 0.011384648444423094 0.009592918068344822 0.00954696928474488 0.00864804410180121 0.009525785421453095 0.008640673091599974 0.008697894584668438 0.011219690611044726 0.00852350540306257 0.010704233523814595 0.009026690322270966 0.01078896780826728 0.00952617485662181 0.00893769304659459 0.008633209244449597 0.008804877180344832 0.010349876150077637 0.011850497432105997 0.009757771278859803 0.00958216120780805 0.009423984802301175 0.00969383707122845 0.009481651461885217 0.01017815810505669 0.011052205196045571 0.00950080419979735 0.009113545092524595 0.010841240962531635 0.008776998679205162 0.008851449544926821 0.009789909377999865 0.010293746061697296 0.010040735585871345 0.008530597133622843 0.010496483744107707 0.011749801366134753 0.010895576018845632 0.009872428313976913 0.010364467120818224 0.013728576494641442 0.009051841067832014 0.008733659116715019 0.011428932707546495 0.011312203796205565 0.008921156052312735 0.008826784141726933 0.00922398299686731 0.010051053997322543 0.008753965756658542 0.009949501447304053 0.010595632700654294 0.009072296867448842 0.010482893679074323 0.011188030889179553 0.010281187971225974 0.008918398505567316 0.008824542828898198 0.008559907396338091 0.00977930055851935 0.011143173138820338 0.008386263100580419 0.012522173178138342 0.009594509319370252 0.008897179238672047 0.010939600496968715 0.011380747553267404 0.008778342165527416 0.009141577605558806 0.00895214708241331 0.014242028359890092 0.008360939903533938 0.00918767110895558 0.010542329355977102
