3
100 100 100
7112 13233 54055
0.4 0.2 0.1
-----
100
7112
0.4
-2.264530203824197 -2.1274714839394426 -3.0203730903595645
-1.6269307276900182 -1.3919010080551972 -2.8896765477906623
-3.957364588661265 -4.010875302806119 -2.9335086172393967
-4.801469759793456 -2.967679360075752 -3.751041756863824
-5.692345658136678 -3.8104583944623163 -4.496384676767706
-5.178856964337459 -2.599790032104751 -4.841228240780552
-2.911030382480781 -1.1346477871701799 -4.240351294598284
-4.634225317867475 -4.479464751985273 -2.877088492265493
-5.053320517671512 -4.229572562255065 -4.005816685168455
-3.600770289249322 -3.3741873015707267 -3.2433056686471256
-2.3658070529099273 -2.4852937208573196 -2.613307514921431
-4.403939888481333 -2.3251251109492244 -4.737547609943938
-3.9134392033942356 -3.9875185785970166 -2.621589548255729
-5.989620580189914 -4.804363061047212 -4.323420379125019
-3.1225913012002633 -1.7346132700785137 -3.7905974186838174
-5.222948419602247 -3.903138144346985 -4.299612264097288
-1.231338245858801 -1.6224138314646144 -2.6403856313698286
-2.626534406283155 -3.6535764601859246 -2.5383089481646555
-5.15136957467924 -3.3495654761301705 -4.477390499776782
-1.8364977337274535 -2.099630709140671 -2.6297545347196536
-5.186599936274929 -4.003146547719519 -4.261000126449757
-3.676207925393491 -1.589522810106022 -4.639486573036651
-5.132903393810433 -3.629535727914971 -4.43793605464119
-3.765433245969288 -3.2341673104033073 -3.613551150911694
-2.9564843051826544 -3.4428726683209265 -2.5658618591143587
-3.6132535091984552 -3.2201144485533515 -2.79905970514252
-4.406698929504842 -2.277282560443235 -4.364530822020298
-3.309894562815608 -2.3408477420143945 -3.599487987830742
-3.9428911731551617 -1.9794887557508059 -4.603946447533563
-2.81928818195813 -2.313566511987241 -3.0379091972385925
-4.228450977360943 -4.43257269778282 -2.917168089499903
-4.766013574353959 -4.621666213815436 -3.5891221262101385
-5.390718956588168 -4.852054094342969 -3.7290273761764894
-3.3586383551888215 -3.1701986138822607 -2.984623450314672
-4.118002626716587 -2.6063126826812946 -3.833488332425136
-4.26270378489676 -2.050375993741024 -4.777762155310571
-2.613314932455149 -3.2826988587827595 -2.593522031636795
-3.7480013950029614 -2.3664809813085967 -3.7160024041236266
-3.0301546702098205 -2.6220767363465773 -3.008694780747087
-2.553742763873155 -1.6394845052179505 -3.507305718148811
-3.214162999576093 -4.192036934810293 -2.543737827588314
-3.7048439885065396 -3.330653301276031 -3.3831907638570087
-4.06372290225079 -2.9315046455762 -3.677183326121794
-3.237312523577179 -2.748938578738796 -3.0709226688578384
-3.5061835401852157 -2.818788804547556 -3.173997467085813
-3.97145166620839 -5.577710505697021 -2.5636911829479616
-4.216160337033143 -3.9417175886833626 -2.800199926613465
-3.6952892080205526 -2.3631709926600695 -3.9707342274513335
-4.830787966531375 -3.274136967383874 -4.144028621604292
-2.6241221849690652 -3.520702664917394 -2.612367998309284
-4.936762740076057 -3.285642472573014 -4.356961767635061
-4.377183086185995 -3.2918262701764287 -3.9379468985066435
-2.806146584301297 -3.1018099404304436 -2.85266246630877
-3.986820630082592 -4.576036890459567 -2.6699322009601327
-5.135601897038288 -3.0150641861432 -4.4527016747681145
-2.5349313660979855 -1.6024552601593678 -3.459842477754475
-3.5215411854459315 -2.59972810255008 -3.5530819801718687
-3.5942660358338583 -3.6405557589739055 -2.7607997128141246
-2.6164739964444808 -1.2802811284078857 -3.9895861855187267
-3.3867473005215163 -4.1295971700727225 -2.752769367547153
-2.5723163067235606 -2.0890065290026616 -3.2376507605045255
-1.9222560764316956 -1.4901967456759335 -3.009847134152207
-3.947232276087481 -2.8506845146493607 -3.7440961819372527
-2.7219171507019233 -3.7570962158560777 -2.615190862517577
-4.625818510182817 -5.568112262540389 -2.518833253992739
-4.252017023365571 -2.3782712601907967 -4.368097763653036
-3.623893459119163 -3.1903199243552267 -3.4071860269827985
-5.559783310287454 -3.1791768035513224 -4.953205323666495
-3.468155607935031 -4.630625117840399 -2.5804252037085744
-3.9133623624610645 -3.8861448022720726 -2.8400613949214177
-5.139882297449775 -3.061092661863241 -4.744933926292022
-3.5149327823626457 -2.8478248053342834 -3.186472163501106
-4.618805875376079 -2.881747011560958 -3.6898147683833282
-4.763855774652235 -4.8276573995884915 -2.669452580258052
-4.561708561601305 -3.5781419217811834 -3.856642482995848
-4.2013880016859915 -2.5410545637096105 -4.147143622869459
-3.997157739820181 -3.3901623863354486 -3.525627637886872
-3.4332255118619526 -3.536249760390669 -2.6953522961557774
-4.7034612056428315 -4.163016759818561 -3.9109062148736573
-3.7875014145783017 -3.236051900865217 -3.601948409364133
-2.3625319246624805 -1.2732662898821694 -3.552527298505621
-5.1485047465170855 -4.24616418973757 -3.0452608899018143
-2.3037486917842926 -2.300484597497711 -2.7736110725011436
-3.4481770399987557 -2.4005729507080984 -3.7414388334608786
-5.617915034022322 -3.8283354944551764 -4.5355085341709565
-2.492617281113075 -1.1343591892363545 -3.901562549861429
-3.0846180003991406 -3.0529961347193812 -2.904846409541984
-5.995251666736268 -3.801281194676285 -4.814854680522096
-2.69268398784155 -2.4354702165427877 -2.7531957242925884
-3.3322683857788085 -4.363891867061942 -2.6197903064414154
-2.872442318234736 -2.223913358264313 -3.368629763968949
-5.544156654686537 -4.212830336930294 -4.366826780354631
-2.824332036117712 -2.391948578307968 -3.1989285115392057
-3.587302363368469 -2.8308331688269903 -3.386037341913724
-2.601509430904783 -2.5856737597591515 -2.701453085828714
-2.021737455935751 -1.9084553573754413 -2.86345786206306
-3.1159131344607376 -2.5621759047927988 -3.350778160357058
-3.2622038214864024 -3.3139269671739813 -2.7373081716720606
-3.283284710248924 -2.0995901646227613 -3.7683869660334253
-3.4901398644033956 -3.140099867807652 -2.9203797128677387
0.3355932203389831 0.3728813559322034 0.3220338983050848 0.2847457627118644 0.37966101694915255 0.16271186440677976 0.39661016949152544 0.28135593220338984 0.240677966101695 0.3152542372881356 0.3694915254237289 0.2677966101694915 0.29152542372881357 0.3254237288135593 0.34576271186440677 0.14915254237288145 0.38983050847457634 0.37627118644067803 0.27118644067796616 0.37966101694915255 0.3491525423728813 0.3593220338983051 0.2033898305084746 0.11525423728813555 0.3627118644067797 0.32881355932203393 0.26101694915254237 0.0949152542372882 0.36271186440677966 0.22372881355932206 0.2474576271186441 0.38305084745762713 0.376271186440678 0.2 0.24067796610169492 0.38983050847457623 0.31864406779661025 0.39322033898305087 0.15254237288135597 0.3254237288135593 0.36610169491525424 0.28474576271186447 0.288135593220339 0.13898305084745766 0.3627118644067797 0.36610169491525424 0.26101694915254237 0.27796610169491526 0.1559322033898305 0.3694915254237289 0.31864406779661025 0.17966101694915249 0.34237288135593225 0.35593220338983056 0.19661016949152543 0.3355932203389831 0.15254237288135591 0.14237288135593218 0.376271186440678 0.3220338983050847 0.288135593220339 0.3728813559322034 0.11864406779661019 0.30847457627118646 0.39322033898305087 0.3559322033898305 0.37627118644067803 0.3830508474576271 0.3830508474576271 0.17966101694915254 0.27796610169491526 0.288135593220339 0.3559322033898305 0.2542372881355932 0.29830508474576267 0.3220338983050847 0.36949152542372876 0.1457627118644068 0.28474576271186447 0.2542372881355932 0.37627118644067803 0.36610169491525424 0.29491525423728815 0.29491525423728815 0.17288135593220338 0.38305084745762713 0.2779661016949153 0.3220338983050848 0.37966101694915255 0.3220338983050847 0.2847457627118644 0.2915254237288135 0.3288135593220339 0.17288135593220338 0.30508474576271183 0.2711864406779661 0.2338983050847458 0.2169491525423729 0.21016949152542375 0.1423728813559322
0.010000000000000004 0.010000000000000004 0.010000000000000004 0.010000000000000004 0.010000000000000004 0.010000000000000004 0.010000000000000004 0.010000000000000004 0.010000000000000004 0.010000000000000004 0.010000000000000004 0.010000000000000004 0.010000000000000004 0.010000000000000004 0.010000000000000004 0.010000000000000004 0.010000000000000004 0.010000000000000004 0.010000000000000004 0.010000000000000004 0.010000000000000004 0.010000000000000004 0.010000000000000004 0.010000000000000004 0.010000000000000004 0.010000000000000004 0.010000000000000004 0.010000000000000004 0.010000000000000004 0.010000000000000004 0.010000000000000004 0.010000000000000004 0.010000000000000004 0.010000000000000004 0.010000000000000004 0.010000000000000004 0.010000000000000004 0.010000000000000004 0.010000000000000004 0.010000000000000004 0.010000000000000004 0.010000000000000004 0.010000000000000004 0.010000000000000004 0.010000000000000004 0.010000000000000004 0.010000000000000004 0.010000000000000004 0.010000000000000004 0.010000000000000004 0.010000000000000004 0.010000000000000004 0.010000000000000004 0.010000000000000004 0.010000000000000004 0.010000000000000004 0.010000000000000004 0.010000000000000004 0.010000000000000004 0.010000000000000004 0.010000000000000004 0.010000000000000004 0.010000000000000004 0.010000000000000004 0.010000000000000004 0.010000000000000004 0.010000000000000004 0.010000000000000004 0.010000000000000004 0.010000000000000004 0.010000000000000004 0.010000000000000004 0.010000000000000004 0.010000000000000004 0.010000000000000004 0.010000000000000004 0.010000000000000004 0.010000000000000004 0.010000000000000004 0.010000000000000004 0.010000000000000004 0.010000000000000004 0.010000000000000004 0.010000000000000004 0.010000000000000004 0.010000000000000004 0.010000000000000004 0.010000000000000004 0.010000000000000004 0.010000000000000004 0.010000000000000004 0.010000000000000004 0.010000000000000004 0.010000000000000004 0.010000000000000004 0.010000000000000004 0.010000000000000004 0.010000000000000004 0.010000000000000004 0.010000000000000004
-----
100
13233
0.2
-4.656560722742613 -3.9217123645239105 -3.875779141705865
-3.5517203305127945 -3.0597782489517176 -3.0693063992652947
-3.4778654341428226 -2.2490951850654506 -3.704161684333089
-3.3487862429847897 -2.181469796566431 -3.5919937264063204
-4.695669016167167 -3.2572084639188894 -4.3402461845420675
-3.2977214355093194 -3.0339588499191965 -2.9298436148456415
-3.244764171994176 -3.678562624293529 -2.8032800846057078
-2.7322108251040325 -2.3108402948776625 -3.0569714999464397
-4.328662359088834 -3.4877611517010525 -3.9906169470596264
-5.11652253171574 -3.4999265766753207 -4.36091929312485
-3.5825170117874436 -2.5084341355902824 -3.6852524016071917
-4.794733750415329 -3.4062814773332595 -4.151098306005353
-2.553178079185655 -2.010622224311015 -3.233185523754551
-4.604688675395691 -3.584349765511328 -4.016782813374256
-3.421329711932858 -3.2213672851132293 -2.824851153576657
-4.675546308342194 -2.888691867905746 -4.298600355670961
-2.957282195240109 -2.388800707871315 -3.2034890493170747
-3.663948569951797 -3.127896085969325 -3.242587229363518
-3.2127790548224846 -2.5713750157176167 -3.1389092176047066
-4.1143354363132385 -2.74365121833347 -3.69753314107856
-2.9932821623511545 -1.9612741272477368 -3.594873511131036
-5.838113324218009 -4.58640165570311 -4.295269341008016
-3.4519149161943723 -2.880902268827488 -3.1729883808438584
-2.64898254084367 -2.6744039496174308 -2.807919238313262
-3.3026720697092458 -3.450063726268966 -2.9106401354519544
-3.8114220457931793 -3.2711347808713556 -3.199891908651001
-3.727871941860367 -2.3107657972284548 -4.142074566612442
-3.7149267199623885 -3.0812172921830885 -3.4925374463722387
-5.728620239387106 -4.364884532245211 -4.29117097338003
-5.382002613142722 -3.7013229344091965 -4.258267441206497
-3.4663097546736976 -3.3991783692107287 -3.0666118317081463
-3.5780847906619746 -2.5781998292034087 -3.507750733921727
-4.511865820502006 -2.686987260566476 -4.271456728697251
-3.530599491834318 -2.5136283667227106 -3.691100506868877
-3.4486622299435896 -2.46915277670956 -3.6977648994242864
-4.152767791669257 -2.7373369424947067 -4.2988855170315485
-2.8007060242141293 -2.28683400467531 -3.0433030294129937
-5.7728018078074435 -4.672027039785183 -4.139307768077586
-4.487670014402823 -2.7328714072939437 -4.112860682001798
-4.1387312442946325 -3.1088394830150166 -3.849733131424639
-3.440834322805582 -2.8402188672018545 -3.317224041435691
-5.496118112056642 -3.727716716385733 -4.50328740834679
-3.674466858675033 -3.038136957799439 -3.0480668966847952
-3.749821942370739 -3.0198348699935096 -3.533715251728154
-3.7682530305503628 -2.975724588963157 -3.540430256787181
-3.135935305300499 -3.272492996961466 -2.8974332945714614
-3.045147999752166 -2.130654153119159 -3.4544789475079107
-3.4184862858985174 -2.5648047594644536 -3.5685841049624933
-5.5784271502565765 -3.90510518177351 -4.055679508353904
-4.088512632400436 -2.588956036196705 -4.037006634881623
-5.339934890614397 -4.184645070797815 -4.206422157289214
-4.534167818576872 -2.972427839313297 -4.035964468839637
-3.533569554717139 -2.750277218572175 -3.386779184338701
-5.250771129270564 -3.5383099261237234 -4.516991982098082
-3.7655576123381858 -2.684974693071659 -3.5709455136606496
-2.7427578674563673 -2.447356912969354 -3.0323480203810473
-4.188787310177505 -2.753388112309414 -4.136675686294588
-3.3227295000736907 -2.854547440985648 -3.088336319327363
-3.5387973100535954 -2.9912520721104525 -3.241999418029736
-3.2795571250709417 -3.561589806771739 -2.6891387600467596
-3.4318183509218687 -2.458160402004619 -3.5532102052818932
-4.340196720963903 -3.6272666096854884 -3.823893666735061
-4.389066273037402 -3.1811797851208707 -3.63622116338941
-4.6284853680083256 -2.7117409486807555 -4.358887994550215
-3.2652176775950252 -2.8309342480672894 -3.080251515401524
-3.2541872770641613 -2.9105305590668253 -3.022558225117353
-3.0932161159905416 -3.4273413554298635 -2.6703255769794483
-3.244719884018588 -2.119807430394062 -3.545330499631969
-4.46675207729683 -3.203028381658438 -3.816496758281321
-3.398418128615629 -3.54876935879484 -2.7816970455780625
-3.523891078046019 -3.101892037914677 -3.147354057292142
-3.7141430861608176 -2.884623866082938 -3.401219166674732
-3.0633135026751495 -2.151359213270815 -3.4180699001174775
-2.982972654292786 -2.3864651159413746 -3.2758446196170583
-3.0299539604984647 -2.4533151886073763 -3.130234826217747
-4.179707160485957 -3.1116901816978033 -3.83751626426228
-2.940754190180999 -2.373308602724858 -3.0928328232826288
-3.655116732908107 -2.763601186573269 -3.5780625197586984
-3.12477788836669 -2.5244136278129696 -3.2594875004808905
-3.8787324592339516 -2.206553872510126 -4.140348622424792
-2.7391968537264657 -2.4915879183868137 -2.9052160120000257
-3.1420420967656866 -2.643595391909743 -3.0947438083298113
-4.458961113976483 -3.110987020350366 -4.15113625046381
-3.189259148092995 -2.4271020484381407 -3.286570885636239
-2.758170931105754 -2.3333164246309073 -3.151784690822967
-4.696705593599853 -3.3529309456405794 -4.153047477750118
-2.5496364784519434 -2.2913321477286916 -2.982681382042843
-4.9981999829456 -3.2534974090231836 -4.499961862690651
-4.157275957103402 -4.131726414690961 -2.709561119832833
-5.393184162550239 -3.3625916883322415 -4.2034046665961275
-3.8479100883438466 -2.7671140822272857 -3.622141727650959
-4.132413545629609 -3.128643294450656 -3.6186178609624085
-5.443308013466192 -3.6252920168718212 -4.565647921648552
-2.8359205473790956 -2.746918566904392 -2.855147800703856
-2.920047867093613 -2.199113927032836 -3.2851391064836197
-3.8176453621108655 -2.36146133272924 -3.9474505249789664
-3.9949910423819373 -2.9977703751224993 -3.872924099842052
-3.531644792065769 -2.891337850949868 -3.3580378102928963
-3.476766693140489 -2.8112024354996947 -3.3129525712426813
-3.5128712611004405 -2.788395098721233 -3.3592271811381815
0.15254237288135591 0.18644067796610173 0.11864406779661017 0.1457627118644068 0.0847457627118644 0.1593220338983051 0.17627118644067796 0.18983050847457628 0.15932203389830513 0.16610169491525417 0.1084745762711865 0.14237288135593218 0.18983050847457628 0.16610169491525423 0.1864406779661017 0.18983050847457617 0.11525423728813566 0.17966101694915254 0.1457627118644068 0.10508474576271187 0.18305084745762712 0.16610169491525428 0.13898305084745766 0.11864406779661019 0.14915254237288134 0.15932203389830502 0.1559322033898305 0.16271186440677976 0.13220338983050847 0.14915254237288145 0.16271186440677965 0.1694915254237288 0.1254237288135593 0.1322033898305085 0.16610169491525428 0.11186440677966103 0.17288135593220344 0.18644067796610167 0.19661016949152543 0.12542372881355934 0.07457627118644072 0.15932203389830507 0.18983050847457628 0.17966101694915254 0.1050847457627119 0.19661016949152538 0.09152542372881356 0.17627118644067796 0.19661016949152543 0.14915254237288134 0.12203389830508476 0.16610169491525426 0.07118644067796612 0.19661016949152543 0.16610169491525428 0.17288135593220344 0.1322033898305085 0.13559322033898302 0.1864406779661017 0.18644067796610164 0.13559322033898308 0.18983050847457625 0.17627118644067796 0.19661016949152543 0.11864406779661019 0.19999999999999996 0.1932203389830509 0.1694915254237288 0.15932203389830507 0.17966101694915254 0.18983050847457628 0.10508474576271187 0.16610169491525423 0.11864406779661016 0.1084745762711864 0.14237288135593218 0.16271186440677976 0.12203389830508476 0.16271186440677965 0.18305084745762712 0.1457627118644068 0.19661016949152543 0.19661016949152543 0.10847457627118642 0.13898305084745766 0.19661016949152543 0.1559322033898306 0.13559322033898302 0.17966101694915249 0.14237288135593218 0.18983050847457628 0.12881355932203392 0.18305084745762712 0.17627118644067796 0.111864406779661 0.14915254237288136 0.13898305084745766 0.17288135593220344 0.17627118644067796 0.1559322033898305
0.010040305525542994 0.008821480674022419 0.00965192419674796 0.009757693017650356 0.010460385365708317 0.009243690243848473 0.010213592782260734 0.010502257113644449 0.009323514793327558 0.011301077542460004 0.009073525597518261 0.010029849722425984 0.011502536312262718 0.009652211467335676 0.009502292208838177 0.010487856309842404 0.009725418387942298 0.008559280067244261 0.009224904856633142 0.008875523134454269 0.010818660820171641 0.0174260500977385 0.008745585371871076 0.010843400699207155 0.009487270135142136 0.008647961055979305 0.010575306601904897 0.00846827588841101 0.015437040391493403 0.011911344312560548 0.008977379198233437 0.008835199124404166 0.010492919982506904 0.009097112117351236 0.009226408072241805 0.010332405581086297 0.010443225807742183 0.017149215419154578 0.009903175273474863 0.008822913752685672 0.008647690985449067 0.013256692139350613 0.00887905799720045 0.008481734093431267 0.008493215729310484 0.00956124672057001 0.010100360294065596 0.008959164761962214 0.012648178049228654 0.009625951393147907 0.012800633024644714 0.009505503106259958 0.008650418387665193 0.012325154695168487 0.008716525278105512 0.010275866463522418 0.0097117093907135 0.008951452490402835 0.008596689178682372 0.010409701001652434 0.009093936428965926 0.0091935056856186 0.008831255164535888 0.01093090738975492 0.009019981762190772 0.009095294022549464 0.010567413161580413 0.00996232515642176 0.009014491943743314 0.009918066708491526 0.0086959303053185 0.008526402854516597 0.010010016068574384 0.009636331462676404 0.009603643028351665 0.008819921768123415 0.00993067730061202 0.008649278795118882 0.009243126243811356 0.010807816265417457 0.010532534535496942 0.009268603138227997 0.009638464851122271 0.009310217326545548 0.010250407548574392 0.009883064117785566 0.011168158314624064 0.01158394081157084 0.011656315802240195 0.011641145359858262 0.008670815597094653 0.008595977637025416 0.013250496063797386 0.010190675526729519 0.010120633363890222 0.009792751926659685 0.008858231362057751 0.008564701379324738 0.008651459877346926 0.008633969740049438
-----
100
54055
0.1
-2.9809896219538765 -2.6164547973318424 -3.0637451886143023
-3.954956717233779 -2.8507252459147545 -3.8037167124102265
-2.9593853988877603 -2.846384923616878 -2.8797313059246967
-4.535901463171736 -3.045734527487293 -4.08114541240363
-4.469430490450465 -2.521712922486563 -4.235028486834114
-3.9274060432183475 -2.9531926410028624 -3.5543521015458874
-3.098550409723541 -2.495813945719811 -3.220627827321789
-3.085158996322473 -3.020882602207265 -2.7978251117588187
-4.506289855896731 -2.998729496653722 -3.9799322112351145
-3.2887922393581763 -2.1374033681125146 -3.6337532018757637
-4.119910635590325 -2.512324213096237 -3.960450298905737
-3.148496498149714 -2.340960137142344 -3.4461715162428685
-3.019131228562049 -2.5323334256835848 -3.078786146060384
-2.8707515247215647 -2.2012460035664074 -3.3169739723600964
-3.987781429269469 -2.719113798539979 -3.6441413283212554
-3.0231856795013945 -2.9709671981696086 -2.8579859105870713
-3.5238341107203444 -2.9390001244839934 -3.337136729391574
-3.0660417596618537 -2.633117644588985 -3.143074439840312
-3.393767362074808 -2.8156136541028807 -3.1806467208270925
-2.897598283973658 -2.751558026775389 -2.8452280939134535
-2.7752939867736046 -2.5257451627478207 -2.952903323507983
-3.576772470260972 -3.01262429805978 -3.2415529471645566
-4.312268447137695 -3.497878524138849 -3.8806205376035363
-3.4963146550748108 -2.4113009900894364 -3.668539499603277
-3.183920258460276 -2.9046737624511096 -3.0156654373205285
-3.569310539745067 -2.804189874770061 -3.358005967231077
-3.1992198131718137 -2.5893959581624797 -3.3802520718420324
-3.764791624102434 -2.8964783826117992 -3.482314656927716
-3.3612025135596175 -3.8082861813083535 -2.7502941447432114
-3.1526780648820862 -2.475925270707523 -3.2289935025087035
-2.925943578537757 -2.638581089895014 -3.040797425261795
-3.229522932343635 -2.7357452013089656 -3.0450293687920853
-3.036799666937328 -2.6446353207877187 -3.106380283237331
-3.1486358259732783 -2.6207786377358255 -3.1556171680412217
-3.3288247127943746 -2.3744132578922885 -3.483863604518258
-3.2652003798130442 -2.6380022134107968 -3.4509217496367848
-3.16413497843329 -3.404741789283418 -2.8086974323284046
-3.149092998448134 -2.454646762101445 -3.190929720867566
-3.219649780633424 -2.207905467752922 -3.59403300322302
-3.331399623496461 -2.5333555505892202 -3.33290513386508
-4.451367308391794 -2.8967636915356003 -4.23259439083941
-3.464086564324019 -2.561871842164836 -3.4967990344523483
-3.2571457597126034 -2.5825518786910804 -3.3585689295541967
-4.030468433361187 -2.962460912065038 -3.759601610378076
-3.0981207879425856 -2.3393998598101846 -3.287429052296836
-3.2174142007092286 -2.5747200957006044 -3.2859171475855105
-3.199216894308806 -3.402850094641503 -2.7885791708723273
-4.6010632664220585 -3.562421541589644 -4.013536423052626
-3.0758023026629577 -2.414884518904819 -3.1799791195575264
-3.314520355592247 -1.7913828045024136 -3.906454556152506
-3.3801902794955905 -2.729533716337425 -3.307451482741143
-2.6075800018388957 -2.371045962278585 -2.9689669195683233
-2.8437956105313447 -2.0910957478323726 -3.4071721822344365
-3.5304897255158285 -2.932601934916251 -3.184760198585123
-2.9987292504511394 -2.560582139510345 -3.0336363919666915
-3.899412354748566 -2.4564153991768025 -3.9374533775498373
-3.4854978999488577 -2.9289455819990566 -3.266083239940565
-3.0349101426723886 -3.0013102768468665 -2.856428074735811
-3.2651107853911063 -3.249661608415983 -2.769303167991561
-2.989584403746769 -2.4993208252721253 -3.1830129561459155
-3.837103794386765 -2.8666445959617204 -3.6088622082968986
-3.611627223947766 -2.802904495416035 -3.4870955582155947
-5.768084053623558 -4.268614725473414 -4.340407439693029
-2.958177156874103 -2.558338102089981 -3.1042057621068406
-3.0302493400247146 -2.2527296597247686 -3.3004077764462565
-3.780905727571696 -2.8115108817153383 -3.6733048475387173
-3.881879283640635 -2.3100426945725836 -3.7831347687288064
-3.093396493864554 -2.6241096425734365 -3.2073925489968187
-5.262709917701505 -3.778447553922391 -4.353049179505616
-4.286173301756737 -3.080096394682261 -3.741046150322121
-3.49268586709392 -2.564601743063494 -3.6533651842082393
-3.0752350593839077 -2.8073926121445907 -3.029696730149313
-3.099640971144274 -2.784203827341872 -3.1225472067025604
-3.1503315550871203 -2.730921582200364 -3.1048588853993877
-4.393705702444167 -3.1876332375770735 -4.087511720123591
-2.794823436447716 -2.7251056524136454 -2.9167145584797574
-3.0342581481241258 -2.628905666760101 -3.0430909559470667
-3.9228693385678186 -2.700266455651096 -3.748326137246684
-3.3303665059034495 -2.9641982436447467 -3.0253524870826944
-5.066480127015001 -2.743447039759871 -4.095903966425954
-2.9494059116786846 -2.712816863258163 -2.9876573448090027
-3.8608415031872583 -3.008525167569177 -3.9195666801033497
-2.9884958360639335 -2.8838733898441165 -2.7988341562652432
-3.7683173355792907 -2.720092396906622 -3.7281933823508178
-3.416370937467047 -2.518620138677214 -3.5317018973723178
-3.914299056728494 -3.145650466334675 -3.652191717537322
-3.3643406858507086 -2.5129270719564225 -3.617105073563844
-3.852567419202393 -2.6846585788702715 -3.648987748840587
-3.3038953494460874 -2.919621882446982 -3.2019491801059745
-3.385118499547978 -2.6828846708316085 -3.343383092463627
-4.447536281118314 -3.050870986986964 -4.290769671368758
-2.8948876272673143 -2.7092697725774038 -2.9469226854947466
-3.7518334965769533 -2.451192120835696 -3.8980431492930947
-4.795017803956511 -3.2014561403009614 -4.233618452425933
-4.5572562465857 -3.0319502873087116 -4.030034609367072
-4.089181565873712 -2.841440835364519 -3.6830281767674
-3.2946073134326235 -2.7116997212354357 -3.185890328610669
-3.59588134613737 -2.3813636189729217 -3.918036230945542
-3.496255250183867 -2.6538742865273814 -3.424229712032382
-4.069784216455972 -2.2824383223697247 -4.11124991784824
0.09152542372881356 0.09830508474576272 0.0847457627118644 0.09152542372881356 0.09830508474576272 0.057627118644067776 0.09491525423728808 0.09152542372881356 0.08135593220338988 0.09491525423728814 0.08135593220338988 0.0949152542372882 0.09152542372881356 0.09152542372881356 0.09152542372881356 0.09830508474576272 0.08135593220338988 0.057627118644067804 0.07457627118644072 0.08813559322033898 0.0745762711864407 0.03050847457627126 0.0847457627118644 0.0949152542372882 0.08474576271186435 0.0847457627118644 0.08474576271186442 0.08135593220338985 0.0949152542372882 0.07796610169491525 0.057627118644067776 0.09491525423728815 0.07457627118644067 0.08813559322033904 0.0847457627118644 0.07796610169491536 0.08813559322033898 0.08813559322033893 0.06779661016949157 0.09830508474576272 0.09152542372881356 0.09491525423728814 0.06440677966101704 0.09830508474576274 0.08813559322033893 0.09830508474576272 0.08135593220338988 0.09152542372881356 0.07796610169491525 0.07796610169491525 0.06779661016949157 0.09491525423728814 0.08135593220338988 0.08813559322033904 0.07796610169491525 0.09152542372881356 0.09152542372881359 0.08135593220338977 0.09152542372881356 0.09830508474576272 0.07118644067796609 0.057627118644067804 0.0949152542372882 0.08813559322033898 0.08135593220338982 0.09830508474576272 0.06101694915254238 0.0847457627118644 0.0745762711864407 0.08813559322033893 0.061016949152542375 0.06779661016949157 0.09830508474576272 0.09152542372881356 0.09830508474576272 0.09152542372881356 0.057627118644067776 0.08135593220338982 0.09491525423728808 0.08813559322033898 0.09830508474576272 0.0847457627118644 0.07457627118644072 0.09152542372881356 0.09830508474576272 0.07118644067796612 0.08135593220338982 0.06779661016949157 0.07118644067796612 0.09152542372881356 0.08135593220338982 0.08813559322033904 0.09152542372881356 0.09152542372881356 0.07457627118644072 0.07457627118644061 0.08135593220338985 0.09830508474576272 0.07457627118644067 0.08474576271186442
0.009609785821226808 0.00862924612006981 0.010694522982206325 0.010175747082848801 0.0127396672075926 0.008343705175116876 0.009100906259178301 0.011429519950899619 0.009814873679265285 0.010737895226824161 0.01014264270451283 0.009382577143153931 0.009605806930207827 0.01085521676065768 0.008501689341618142 0.010925787828446136 0.008304760468511021 0.009112940890679426 0.008546406454578437 0.011086366616016063 0.011019808579407382 0.00860961352931945 0.010557334091465566 0.009087692526736113 0.009467715484681161 0.008165666288747497 0.008565407425151488 0.008181936204027261 0.019741721512544726 0.00904528339684194 0.009833819099435955 0.009155121677418897 0.009282809110211707 0.008940493249018711 0.009023986522185917 0.008415788517508781 0.01350646436305779 0.009202273085404875 0.010221353153892079 0.00854338411257149 0.01098407994468489 0.00837780848703461 0.008502290506285419 0.008615250978673489 0.009528417119373602 0.008634461661047583 0.013609821752710943 0.011226175106801732 0.009487791796341571 0.017004969747700983 0.008289272409405208 0.012279535638265482 0.011798544099304684 0.008617089997843688 0.009790770882692713 0.010007463769039035 0.00841522107498952 0.010994823954478535 0.01248032229078995 0.009414214695448198 0.008240385125945526 0.008105522762753054 0.019779247263371835 0.009604830166441067 0.010090117916169676 0.008292865363109515 0.010124664095215612 0.008902813531696713 0.014224326916743074 0.009046013315526914 0.008588229294451029 0.009486781670539684 0.00906267129509171 0.009022874728907686 0.010086852161338084 0.0109337918206398 0.009557649981936023 0.008612309507079044 0.009361119645304375 0.013387663486722637 0.009979981504583603 0.009079556753636406 0.01132677716244611 0.008456119282444581 0.008534070544430157 0.008727714900704894 0.008742386320836704 0.008402520160209564 0.008668484649650577 0.008272091781775034 0.011189432014135161 0.01037753228245956 0.009761545337465259 0.011344130909066288 0.010054762494125232 0.008573894673597985 0.008600104239045206 0.010240216938935879 0.008204423096641805 0.012587462418676216
