3
100 100 100
7363 13665 95675
0.4 0.2 0.1
-----
100
7363
0.4
-5.929812102330564 -3.803774343120079 -4.732273328054296
-3.2682776611425126 -2.9926913129280837 -3.0257631068800794
-5.949350555449441 -3.2935554725600484 -4.1859718071981735
-3.3564667366475276 -2.496987106051376 -3.4744161947621244
-3.8677342591048633 -2.7808361190923545 -3.1545641021173005
-4.412020722546987 -3.6986448819693014 -3.2721505436808047
-5.101328589397198 -3.926292771384711 -4.0391756372060605
-3.051194468517088 -3.3407833920258945 -2.4607314704355403
-4.683134352628578 -3.6358779072625644 -2.9401945018464795
-2.014027285668035 -1.8202163947351648 -2.8668649793513357
-3.038683649530534 -3.1307779376735825 -2.835401977312621
-3.482064661847193 -2.9352139894820573 -2.983982873780069
-3.1215202872898007 -4.71994399012908 -2.386571789503402
-4.109318084274679 -4.509234223769667 -2.713012643199676
-3.2811689042903778 -3.4290100395978764 -2.5269096853034467
-5.38487203061195 -4.308204052618642 -4.139382893966225
-4.0451423245328595 -3.6296268186133394 -2.907099719478024
-3.6322436284712087 -3.545139937576272 -2.4264076539340684
-4.023550300117384 -3.412178886269023 -3.3034195928111614
-2.498819560411863 -2.425053862283297 -2.8449125061112603
-3.9303566364966254 -2.8372198218659266 -3.308713437623968
-4.771105060726766 -2.3496401458065455 -4.515788924470147
-1.5552011297327795 -1.0343669226527155 -2.983921229358323
-3.8684304340901083 -5.465052971726545 -2.4327962768059255
-3.3628504859415487 -4.018374064730006 -2.474581759253991
-2.61273655898751 -2.336954038307874 -2.817442521533517
-5.952371515786793 -3.8101942370520745 -4.625517310985617
-4.294460495888101 -2.654259068610806 -4.066053038219195
-3.8243624471284754 -4.380555965232356 -2.472864338069177
-4.209169352426039 -4.882818123812286 -2.5283803952275026
-4.162015972606032 -4.754464645101912 -2.4656417567724813
-3.206337028993684 -2.1676976592808526 -3.4937932684975994
-4.750234953290777 -4.723953047552959 -2.8527049098323016
-2.3895192517297263 -2.2037978660675304 -2.9159977698402857
-3.791952268226647 -3.7871327969401656 -2.4852940472838854
-4.911843494559195 -3.327063646790065 -4.373141838108344
-4.050735396104729 -3.894175307089104 -2.6698519953161104
-4.678847978016865 -4.4638240676436975 -2.807499064615608
-2.768150140001264 -4.002487060261499 -2.446636116712892
-2.2708612081192108 -2.803826102562754 -2.4386399262835026
-2.633959338608929 -2.496210963423907 -2.632513929471744
-2.5138242808019786 -2.591927927347696 -2.6277896135948278
-4.758007316009183 -4.129110871851328 -3.234152945567865
-5.018279565568497 -3.489214952299438 -3.9352830597152773
-5.5042638984544165 -4.763180317681327 -3.6721435954828476
-4.913703601770603 -3.1063462373887774 -3.553832859993272
-4.021561997283513 -4.873608932641462 -2.505657392672782
-4.9822970112018545 -3.0329472866611105 -4.543699221625051
-2.4151921536122596 -1.7790562583568565 -3.0598454211182693
-2.738684975541203 -3.5034699063758166 -2.574567544988302
-5.647546469197186 -4.253278028484617 -4.225640871717696
-3.567560909376049 -2.306761153311974 -3.4128887657845386
-2.441093552132942 -1.7220196492124726 -3.0690474996021533
-2.291236750329547 -2.2907047454042884 -2.565572342533716
-1.9891575801994268 -1.8753816941651094 -2.641350116131782
-5.513778820559052 -4.211690006522593 -4.306778866997485
-5.347884209378913 -3.100509611595894 -3.982880890019685
-4.671598539320168 -2.8698095250086815 -4.343194688225938
-5.87332935454573 -5.091295966518211 -4.038768364930094
-5.312760159121842 -3.6554154457577486 -3.991444335167067
-3.5323225467325443 -3.586066397061279 -2.6055797577552644
-4.202048969837538 -2.2622804854063436 -4.475742837130888
-4.385759642013239 -2.417443017249143 -4.508687102166549
-2.7778447798498713 -2.4167615659367123 -2.9500281950894873
-5.314792349763642 -3.946709431124387 -4.223756418665182
-3.3744244729341366 -3.517541620829096 -2.5504534490822617
-4.249661066488397 -3.0724207925624705 -3.932816917204051
-2.532505660822852 -2.5660898295279013 -2.828955756511265
-5.90766293099132 -5.280220965494669 -4.054095787916811
-4.461005144173896 -3.7018627349918214 -3.7521696535706037
-1.4119124880653136 -0.9786614405529575 -2.9697752108054662
-4.682068812372607 -2.0280906040194715 -4.9701044143085955
-4.128515405529088 -3.8784765713455394 -3.036369814590789
-5.710972470039119 -5.189747175640283 -3.9146576374928084
-4.403744985820984 -3.066131301611736 -4.041063327815005
-2.595867010111175 -1.2101227378167696 -3.6589393309202474
-2.317439987938172 -1.2662440238770234 -3.448472288523499
-3.423033410585165 -3.2233597551202746 -2.6834702836676874
-3.6730551455035227 -2.725997706297598 -3.0114969823898656
-5.068141252965355 -3.018309854964061 -4.517797289830325
-4.502044416225295 -3.610034847875322 -3.7338849309379682
-5.311579569949176 -3.299135855080427 -4.028663779981825
-4.0571059495342485 -4.9075004164088964 -2.4547960628879277
-3.5452399746991348 -3.773576683105782 -2.556818689890275
-2.849422173786609 -2.7460816282923015 -2.870405039754552
-2.0931303951325195 -2.362280018366402 -2.491813106529346
-5.166876650118015 -2.944526503233973 -4.500075142667463
-1.9287942383206182 -2.451154177159184 -2.538754041299688
-4.7063342690032695 -4.244240475767308 -3.453729896967475
-4.660134398704892 -2.931016361767823 -4.294099901244458
-3.231917499922606 -3.0070062403881095 -3.1298719976178946
-2.4656703612787063 -1.5826544182932878 -3.3721843703251753
-2.444506682634654 -2.4491594987414924 -2.6329547627696708
-4.492722394712437 -2.261788559893799 -4.7845483148085
-3.9963266643564777 -4.1489818265282405 -3.363872329000522
-3.108146814798941 -3.042831838001172 -2.7325964408334866
-3.749577631302375 -2.9889357205279254 -3.388495229922089
-5.562986646541914 -2.7371285418438553 -4.70682716449033
-5.841536824903858 -4.417157894513144 -4.107726376325475
-3.5391124982539437 -3.4845502175528154 -2.8746008852854215
0.3525423728813559 0.3694915254237288 0.1016949152542373 0.29491525423728815 0.3288135593220339 0.24406779661016953 0.3220338983050848 0.3118644067796611 0.34915254237288135 0.376271186440678 0.21355932203389827 0.3491525423728814 0.39322033898305087 0.31186440677966104 0.24406779661016953 0.14915254237288145 0.3322033898305085 0.3762711864406779 0.2542372881355932 0.22711864406779664 0.17288135593220338 0.2135593220338983 0.32881355932203393 0.34576271186440677 0.3220338983050848 0.17627118644067796 0.3389830508474577 0.08813559322033904 0.3084745762711864 0.29491525423728815 0.29830508474576267 0.2169491525423729 0.3728813559322034 0.3322033898305085 0.29491525423728815 0.3966101694915255 0.26101694915254237 0.3389830508474576 0.31864406779661025 0.3525423728813559 0.31525423728813556 0.2135593220338983 0.3525423728813559 0.3661016949152543 0.33220338983050846 0.38305084745762713 0.3966101694915255 0.24745762711864408 0.23728813559322035 0.37288135593220345 0.16610169491525423 0.27457627118644073 0.3627118644067797 0.39322033898305087 0.3389830508474576 0.28135593220338984 0.3152542372881356 0.18983050847457628 0.288135593220339 0.2677966101694915 0.2101694915254237 0.31864406779661014 0.27118644067796616 0.18305084745762712 0.11525423728813561 0.25762711864406773 0.15593220338983052 0.3288135593220339 0.3220338983050848 0.3016949152542373 0.39322033898305087 0.3254237288135593 0.3898305084745763 0.24067796610169492 0.24406779661016947 0.38983050847457634 0.31186440677966104 0.2406779661016949 0.3728813559322034 0.3525423728813559 0.38983050847457634 0.21016949152542375 0.3322033898305085 0.2033898305084746 0.3457627118644068 0.3627118644067796 0.264406779661017 0.3593220338983051 0.30847457627118646 0.24745762711864405 0.39322033898305087 0.29491525423728815 0.27118644067796616 0.3559322033898305 0.25762711864406773 0.12881355932203387 0.15932203389830502 0.3593220338983051 0.35593220338983045 0.3457627118644068
0.010000000000000004 0.010000000000000004 0.010000000000000004 0.010000000000000004 0.010000000000000004 0.010000000000000004 0.010000000000000004 0.010000000000000004 0.010000000000000004 0.010000000000000004 0.010000000000000004 0.010000000000000004 0.010000000000000004 0.010000000000000004 0.010000000000000004 0.010000000000000004 0.010000000000000004 0.010000000000000004 0.010000000000000004 0.010000000000000004 0.010000000000000004 0.010000000000000004 0.010000000000000004 0.010000000000000004 0.010000000000000004 0.010000000000000004 0.010000000000000004 0.010000000000000004 0.010000000000000004 0.010000000000000004 0.010000000000000004 0.010000000000000004 0.010000000000000004 0.010000000000000004 0.010000000000000004 0.010000000000000004 0.010000000000000004 0.010000000000000004 0.010000000000000004 0.010000000000000004 0.010000000000000004 0.010000000000000004 0.010000000000000004 0.010000000000000004 0.010000000000000004 0.010000000000000004 0.010000000000000004 0.010000000000000004 0.010000000000000004 0.010000000000000004 0.010000000000000004 0.010000000000000004 0.010000000000000004 0.010000000000000004 0.010000000000000004 0.010000000000000004 0.010000000000000004 0.010000000000000004 0.010000000000000004 0.010000000000000004 0.010000000000000004 0.010000000000000004 0.010000000000000004 0.010000000000000004 0.010000000000000004 0.010000000000000004 0.010000000000000004 0.010000000000000004 0.010000000000000004 0.010000000000000004 0.010000000000000004 0.010000000000000004 0.010000000000000004 0.010000000000000004 0.010000000000000004 0.010000000000000004 0.010000000000000004 0.010000000000000004 0.010000000000000004 0.010000000000000004 0.010000000000000004 0.010000000000000004 0.010000000000000004 0.010000000000000004 0.010000000000000004 0.010000000000000004 0.010000000000000004 0.010000000000000004 0.010000000000000004 0.010000000000000004 0.010000000000000004 0.010000000000000004 0.010000000000000004 0.010000000000000004 0.010000000000000004 0.010000000000000004 0.010000000000000004 0.010000000000000004 0.010000000000000004 0.010000000000000004
-----
100
13665
0.2
-2.889800788084481 -2.6647262274362924 -2.7580351006470103
-2.9627576099790534 -2.326224725580917 -3.0105546123248406
-5.735744452927547 -4.55851538610351 -4.209704058732596
-4.109936131549004 -2.763067492290501 -3.6699719816120413
-3.115822079672662 -2.942559138264325 -2.7852232353818445
-3.6280706236486435 -2.8107325067798192 -3.3435623049110514
-4.299449341080236 -2.863674159372411 -4.154534145526457
-3.2901392028732435 -3.113706660989577 -2.618209741861205
-3.6875249264860392 -2.764027581112468 -3.4968037085667145
-5.208492641033789 -3.5103962423644774 -4.384664429530854
-3.4998965159072153 -2.8861275716040664 -3.190730631754079
-3.200995383147123 -2.1031558467448934 -3.5506194020606814
-5.546355538834657 -4.334901186671689 -4.167700176356923
-3.970181236951764 -2.3701794659693594 -4.05432779623357
-2.873724569183982 -2.760587838418262 -2.734411660858479
-4.351755606640576 -2.81121375750144 -4.230811100257927
-4.814158610345674 -3.567884208604323 -4.219461421155483
-4.927848646441926 -3.7158664849176577 -4.226617545711441
-3.8371398060151742 -2.4838043804837926 -3.6858128946118143
-3.2425670304681082 -2.655166079803667 -2.9922642832097965
-5.100470160427356 -3.916067373849291 -4.164428300959172
-4.066527513926766 -3.1579281411635356 -3.2375495789815703
-5.309831517115446 -3.9922924444860013 -3.914436324104806
-3.0291720515473655 -2.7254995902675465 -2.901325143089948
-2.6617722779285757 -2.9189515806369153 -2.6421214059016416
-3.761770382406494 -3.469734854193441 -2.9366914393652603
-4.120271632254786 -2.8599752699301684 -4.0096897807542415
-3.2190764049951284 -2.850732151336997 -2.9026990378387443
-3.2250549488810725 -2.575902224169245 -3.0728856242738396
-3.778458583559711 -2.6416257908349654 -3.62996338320114
-2.9388054586667707 -2.10162778506366 -3.3194648481997224
-3.090428719271031 -2.8142548920548682 -2.774759750918069
-3.5969078528559555 -3.243872529543095 -2.876820096761214
-3.511365203921209 -2.2965770721397165 -3.5568519802740908
-3.409301096848572 -3.387006410584127 -2.694105416324493
-3.4451152653348536 -2.845164638135518 -3.0121926006170208
-5.140934682688367 -3.433964150912757 -4.350079714850551
-5.758275302672782 -4.128177990347181 -4.3508703920803296
-3.7624820100914023 -3.040322966664265 -3.0966434436593655
-5.729379357156738 -4.487055158649942 -4.017155030347408
-4.162742668136831 -2.819410032208044 -3.5353765705208007
-4.493210789001203 -2.960791893141296 -4.223751582597341
-3.175827537351672 -2.740847880024845 -2.939985348151771
-5.387745481624054 -4.28024659457809 -4.094483562161897
-3.7622278006066403 -2.555425515498688 -3.8266291084361397
-4.554397440187776 -2.637406144790929 -4.316950444760272
-4.314149452912852 -3.51250363894892 -3.932124956645812
-5.835549698476451 -4.4117606110144 -4.223832284318227
-3.5376381924366695 -2.900393923366545 -3.481913151549987
-5.740267661896884 -4.351843492904567 -4.291000006761263
-3.5805446302139625 -2.6196515302416996 -3.356970432871323
-3.3703249760435465 -2.905318972736379 -2.866229947974994
-5.3650717790220535 -3.9398311318745947 -4.293634652618948
-5.922979693102171 -4.605084351963136 -4.20068152466363
-4.369933123828735 -3.2477693929066453 -4.12768745225936
-5.129369657862595 -3.766616905066888 -4.281549558654774
-3.306596384100562 -3.1662283756589407 -2.7106554564780314
-4.899703750389879 -3.4207438918352566 -4.169520957709108
-5.493591338329792 -4.219819225618178 -4.178423636451116
-4.83208781510529 -3.0278885588823714 -4.3482248153901235
-2.9979428232317056 -2.5181240024839004 -3.156814489375385
-2.683662408583717 -2.64498663868694 -2.6597425874589034
-3.6424322889122993 -3.28897043126401 -2.8904487794025044
-2.8127237232799303 -2.351385233329494 -2.9125204164729603
-4.196265000726092 -2.6072748756517283 -3.8579760207864573
-4.705865997384427 -3.050058926696799 -4.2660114215408065
-5.976221915974211 -4.338241847084681 -4.378089727225235
-5.5007196703021 -4.162437166324207 -4.229144603889008
-5.886390932535873 -4.296585173210348 -4.340024843268107
-3.0053156851164147 -2.5290106218685127 -2.8063146027052044
-3.117746399237099 -2.8814187449588187 -2.663379259225145
-5.246958357507758 -3.5590519076004563 -4.402236711524909
-2.7639627375805693 -2.256122140920293 -3.062489322917846
-4.357282529855489 -3.1251879633987025 -3.690305909692803
-3.196010953600065 -3.135024551202537 -2.8524475344495337
-4.149621362451394 -2.853199459321524 -3.656208065068894
-5.4499449678735665 -4.2008213687580565 -4.161857306077475
-3.196241791180916 -2.4579597528110315 -3.216136164687936
-2.9388813379190877 -2.7956743307011065 -2.6612727180389624
-4.491592327929928 -2.610345913604154 -3.8537297649563853
-3.5610998439645507 -2.756296618401226 -3.439653224049026
-4.590076633827429 -3.273226626628566 -3.7089245667271182
-4.367597776689865 -2.733237967198791 -4.198199600544424
-5.776811161777892 -4.416995525280994 -4.199351846494653
-5.541068972110593 -4.3106542145787925 -4.210640451923541
-3.5060913991667424 -2.200704576546487 -3.7127254181611464
-3.5485330359892524 -2.4023061834797588 -3.3840913631897465
-3.2780298088792517 -2.574392741320146 -3.1447766548402
-3.1703351532942765 -2.4407452161540255 -3.2813960025303635
-3.477231368659886 -3.0343573322909623 -2.9895947676615138
-4.608993495090453 -3.4931484436176055 -3.7562154487167563
-3.5043069644356435 -2.887071027687517 -3.0690772323929734
-5.641125631226464 -4.263668541102006 -4.223345025827545
-3.0991637707749167 -2.8624661228042028 -2.772085601760552
-3.9080774123736584 -2.7463142402781764 -3.846042003442646
-3.968384039856833 -2.938326145189904 -3.602257588824043
-5.931416049972915 -4.378836058455534 -4.312803496653932
-2.6277434180562285 -2.5995670064100316 -2.710636249698515
-4.179517383336963 -2.648212618045476 -3.9022985570749427
-5.863961250128725 -4.401867947115521 -4.253882902913674
0.16610169491525428 0.13559322033898302 0.19661016949152543 0.17627118644067796 0.1932203389830509 0.12542372881355934 0.1322033898305085 0.176271186440678 0.11186440677966092 0.1728813559322034 0.09830508474576269 0.16610169491525423 0.11186440677966102 0.17288135593220344 0.14915254237288136 0.15254237288135597 0.17288135593220333 0.18305084745762712 0.15254237288135597 0.1796610169491526 0.13559322033898302 0.18983050847457628 0.1559322033898305 0.11186440677966103 0.16949152542372892 0.19661016949152543 0.1288135593220339 0.13559322033898308 0.1932203389830509 0.11525423728813566 0.14237288135593218 0.1796610169491526 0.17288135593220336 0.13220338983050844 0.1423728813559323 0.1423728813559322 0.17288135593220344 0.13559322033898305 0.1627118644067797 0.1559322033898305 0.17627118644067796 0.1932203389830509 0.08135593220338982 0.14237288135593223 0.11186440677966103 0.1322033898305085 0.1830508474576271 0.15932203389830513 0.10508474576271187 0.18983050847457628 0.13559322033898308 0.18983050847457628 0.14915254237288136 0.14237288135593223 0.1322033898305084 0.19661016949152543 0.16271186440677965 0.1864406779661017 0.1322033898305085 0.16610169491525423 0.19322033898305085 0.1864406779661017 0.18983050847457628 0.15932203389830513 0.14915254237288134 0.17288135593220344 0.18305084745762712 0.11186440677966102 0.1864406779661017 0.18983050847457628 0.1830508474576271 0.19661016949152543 0.13559322033898308 0.19322033898305085 0.17288135593220344 0.18305084745762712 0.13898305084745766 0.15254237288135597 0.1559322033898305 0.1322033898305085 0.15254237288135597 0.17966101694915254 0.11186440677966103 0.19661016949152543 0.1322033898305085 0.16610169491525428 0.11525423728813566 0.1694915254237288 0.15932203389830507 0.10847457627118642 0.11525423728813566 0.057627118644067776 0.11525423728813561 0.19999999999999996 0.11864406779661013 0.17627118644067807 0.11864406779661017 0.19661016949152543 0.1593220338983051 0.11186440677966103
0.010251149461649438 0.010494701185476895 0.012284925796965494 0.008990777781042068 0.009535956122867567 0.008824424381622556 0.009807932744690077 0.009695550056417507 0.0089678210388095 0.01015323822972223 0.008794062264622626 0.011388591949626997 0.010987147391064859 0.011041873025789715 0.010197012733043844 0.010155192526387802 0.00935593801596878 0.00947350602960889 0.009762853177156668 0.009451803565978606 0.009579502733108765 0.008357350386676902 0.009460828957516914 0.009690304776137845 0.01074197130442035 0.008629082618271047 0.009483553611792171 0.009301507749656934 0.009553327286751416 0.009311442407129947 0.011357177483383026 0.009721816220879993 0.008797116951112757 0.01033054399333402 0.009327004399076588 0.008989821523544966 0.009971845282327866 0.011592614551932386 0.008568170497901787 0.011558886783226264 0.008776159462222053 0.009792997881601036 0.009438523262452213 0.010388573995633126 0.009938297453827703 0.010881385251954107 0.008724724837914893 0.012106281686844156 0.008895998141288865 0.011871344400761591 0.009195452229126405 0.009173854682158844 0.01027723618920899 0.013035625561350461 0.009231913695931581 0.00979929555884836 0.009380873297605567 0.009244235103987392 0.010630679085344763 0.010151385211410674 0.00994422855032176 0.010934093774262774 0.008743329083594915 0.010758754048318483 0.00963178738379533 0.009786389867137408 0.012933363037988935 0.0106639835013418 0.01233657155050147 0.010233992518242231 0.009904859063698805 0.010264469253347452 0.011003683708023756 0.008485707195920069 0.009202540620772 0.00880771453884771 0.010468720622087351 0.009822921965251103 0.010245829790404374 0.009675786656117236 0.009021478078197668 0.008445668951104789 0.010202546512781296 0.011873569338786628 0.011033032860651748 0.011037228740766751 0.009764488010117702 0.009478876825725051 0.009929050664151624 0.008800841110396078 0.008415085923956284 0.008849775476680618 0.011165018065748569 0.009661560078144798 0.00942818330731238 0.008668986923453859 0.012627119807419073 0.010991409406424825 0.009622913967444633 0.012261275234593872
-----
100
95675
0.1
-3.0066274909139734 -2.69724298283633 -2.750069203480505
-3.3716767917426207 -2.8153680418972513 -3.1760159425032026
-3.23316143263637 -2.594662487474086 -3.183655659554746
-2.976600788446095 -2.582821749159411 -2.8823557689659025
-3.178756130777172 -2.595896594493791 -3.192867962436329
-3.4223996002380908 -3.439991538869746 -2.7192300416611523
-5.344712197466437 -3.1124690908306523 -4.235116031527946
-5.216522767145213 -3.73668277027745 -4.231444211544233
-4.012140525303585 -2.9753645084825022 -3.633915888217587
-2.9849206176699274 -2.6418455866590365 -2.862719416232888
-3.9810424260781594 -2.875836458874197 -3.8200644368105814
-3.2842331566389156 -3.1037682827757225 -2.7664115275660923
-3.1201475480996743 -2.589702495754845 -3.0915878309798956
-4.377103748331414 -2.4419950468288936 -3.9653484867060036
-3.6713655776015233 -2.5817369604586204 -3.4713186256538795
-3.7362553761663144 -2.5447950516256497 -3.6935025102023347
-4.098354566992341 -3.2331706446739834 -3.6871688029653296
-3.266119088518994 -2.8399178165483554 -3.10911353392693
-4.054990460561356 -3.180335209754501 -3.870690233543757
-3.145633883455045 -2.8415921177689536 -2.903211413493553
-4.156986718849182 -2.7590660498289257 -3.720120323807784
-3.873769664757468 -3.1402128057601093 -3.378676365835111
-5.322168260139495 -4.166387534313291 -3.9715565301649822
-3.3267341365265723 -2.8140906495649958 -3.0123827918552237
-3.4151235122315047 -2.8859013520467256 -2.9925155480731944
-3.976966793841367 -2.8386212916046016 -3.607534605026393
-4.094612030339709 -2.7188808787155767 -4.015027243413922
-4.324543207848489 -3.0856732755483076 -3.675246815436826
-3.0997712049585577 -2.8157286539193565 -2.9405632577889547
-3.542487853393313 -2.666193344807182 -3.2817269388413255
-3.242549559529854 -2.9817293065709514 -2.7972870548031548
-3.793197506817772 -2.568614254792647 -3.5455946777206337
-3.223652885997375 -2.79505650451636 -2.937742806137096
-3.054962593748049 -2.8424491898011253 -2.8206121472725685
-3.5171492525139403 -2.665582714058565 -3.2818305944960073
-3.4363737900696982 -2.6427289221638066 -3.2949350938147624
-4.382905502253941 -2.5588514176001613 -3.814709073026577
-3.3499180482862654 -2.425111061875198 -3.3436816051363656
-3.103927870832123 -2.633095303320066 -3.0133491472118665
-3.7489973566706847 -2.8521172739974996 -3.516360628629901
-4.762280624808781 -3.3898229331461005 -4.22318576344526
-3.1198279165656526 -2.549259960644195 -3.2366704125131758
-3.5299216722104414 -2.619000208914235 -3.319070505208342
-3.201177252694642 -2.973485568951219 -2.83111549637036
-4.342392934490845 -3.427814608556961 -3.4767421423174723
-3.3935727991461393 -3.0037393961980814 -2.857149377954312
-4.319685639162967 -2.5117823608163876 -3.887816486586155
-3.3446611424966823 -3.279210687864873 -2.7672014542088257
-3.3489938322586044 -2.4583105561021217 -3.3201975215782964
-4.079187575995928 -2.7413115039448237 -3.9073710947781155
-4.526463199838645 -3.161111046567396 -3.7922810131571945
-2.976393404545176 -2.768924567589955 -2.915377934721192
-3.3223509243339295 -2.8830866547733787 -3.013275919029342
-3.0857994876834187 -2.8608882110125777 -2.849369984154201
-3.516234664087205 -2.6954983344865777 -3.183201982800348
-2.9931166104068208 -2.4455238768119743 -3.1393409228509532
-3.339436192324272 -3.320697330268642 -2.7087512296127256
-3.8892941627315207 -3.09265443109892 -3.5757509423770144
-3.2240533507853133 -2.8769122525069224 -2.9771695747126756
-4.2071332463378 -2.7129958438656603 -4.003402111735611
-3.738122956226868 -2.3987759052338946 -3.6035035657098926
-4.679379250025011 -3.3318222013106213 -3.8990718632836288
-3.416842544546556 -2.2329194699832287 -3.6187115633468094
-3.479488815055192 -2.772585410650913 -3.035825303200311
-4.05343570312878 -3.1062378493989797 -3.9160369960740646
-3.8899720090766277 -2.730484552188474 -3.780971265721724
-3.603983048107872 -2.522953018805141 -3.4393805303880876
-4.758740458249212 -3.2940591074552477 -3.9171047475027447
-3.61490035941739 -2.742850472555434 -3.4542496279406465
-3.2350030994891856 -3.0796172209552264 -2.7588519267634357
-2.9897556087237653 -2.7703007965906172 -2.880032770272775
-2.8654134007895977 -2.520868477843963 -2.8840626109314584
-5.447761616110796 -4.164771842323701 -4.109249188016417
-4.557086353263109 -3.462147528000638 -3.9022582307655136
-3.3397769372674526 -2.5845561896381213 -3.196716769945243
-3.7861018244399487 -2.8965696421609186 -3.593283518501752
-3.3139222250197355 -2.791292367998618 -3.045160958533681
-3.2977785927198666 -2.7021666056511506 -3.007089244207987
-3.5581576674169972 -2.661125361199474 -3.293854639328968
-5.285190770132802 -3.843667673782791 -4.243420318795326
-3.747337168801804 -2.6683126243189124 -3.5825782950208347
-3.335503859709158 -2.226624422822545 -3.4118064648332087
-3.5388429611814414 -2.5455667289753796 -3.462927768230043
-3.3183585046928954 -2.760511523889163 -3.1429335289379328
-2.9566668140413106 -2.824044976268487 -2.769803674424623
-4.8088312289131885 -2.8979282006591642 -4.070147702858695
-4.08762456446308 -2.8850956743943392 -3.597256956667422
-3.503343141132625 -2.840702759294397 -3.1821483882526636
-3.182870962128593 -2.49032198121196 -3.1945939445933313
-3.46680002221121 -2.5648407924757506 -3.354657368784902
-4.075322700041886 -3.2292590817982707 -3.820188710297331
-3.426941933600236 -2.9612311330588694 -3.131348863800605
-3.611269157724088 -2.7689951718033035 -3.355185211587311
-3.0707385314952917 -2.5445296812738007 -3.1292833223554806
-4.555292201544145 -3.84924432586296 -3.808019698115801
-3.2089408186343373 -2.690005015802461 -2.947867257537903
-3.7202124200662836 -2.8464197412723804 -3.2486627617489443
-3.3541331728304193 -3.0350129206726257 -2.8080756776396316
-3.3952557957069662 -2.944814981868526 -2.9344025310852904
-4.306374477532924 -2.92178785925674 -4.156709540074231
0.09491525423728808 0.08135593220338985 0.07796610169491525 0.07118644067796609 0.09152542372881356 0.09491525423728814 0.09491525423728808 0.0847457627118644 0.0949152542372882 0.05423728813559325 0.07796610169491527 0.05084745762711862 0.09830508474576272 0.0847457627118644 0.0847457627118644 0.09491525423728814 0.050847457627118675 0.08813559322033898 0.09152542372881356 0.07457627118644067 0.09491525423728808 0.0711864406779661 0.0847457627118644 0.05762711864406783 0.09830508474576272 0.0847457627118644 0.0847457627118644 0.09491525423728814 0.06440677966101693 0.0847457627118644 0.0847457627118644 0.08813559322033893 0.09152542372881356 0.0779661016949153 0.08813559322033898 0.0576271186440678 0.06779661016949146 0.09152542372881356 0.08135593220338988 0.09491525423728814 0.08813559322033898 0.09491525423728814 0.09491525423728808 0.09830508474576272 0.08135593220338982 0.08813559322033893 0.09491525423728808 0.09830508474576272 0.0847457627118644 0.0949152542372882 0.04406779661016952 0.09830508474576266 0.09830508474576272 0.08813559322033904 0.0610169491525423 0.09152542372881356 0.09152542372881356 0.0711864406779661 0.06440677966101693 0.09830508474576272 0.07457627118644067 0.09152542372881356 0.09491525423728814 0.09152542372881356 0.0847457627118644 0.08135593220338977 0.07118644067796609 0.08813559322033898 0.06101694915254238 0.08813559322033898 0.057627118644067776 0.0847457627118644 0.09830508474576269 0.08813559322033898 0.07118644067796615 0.07796610169491525 0.09152542372881356 0.09830508474576272 0.08135593220338988 0.09152542372881356 0.09491525423728814 0.09830508474576272 0.09152542372881357 0.08813559322033904 0.09491525423728808 0.0847457627118644 0.08813559322033893 0.09830508474576272 0.08135593220338988 0.07118644067796612 0.06440677966101696 0.054237288135593226 0.050847457627118675 0.09830508474576272 0.08813559322033904 0.07118644067796609 0.08813559322033893 0.09152542372881356 0.06440677966101704 0.08135593220338988
0.011596806200179307 0.009439900309731117 0.00982521090600391 0.011146942809626017 0.009899166052808214 0.01352300861924487 0.010917060292741766 0.009175607022895953 0.008904404578376192 0.011108160047547708 0.009231619001674539 0.011509543536488642 0.010174444049535682 0.011377414109947154 0.009378968406846934 0.009768240784865297 0.008995995274292809 0.009694771991863622 0.009161892764763032 0.010514346283945526 0.009269215635171553 0.009141921991521397 0.009616214528777688 0.009873546491063971 0.009889638259078187 0.008983154250572072 0.01013931178740794 0.008948772295299702 0.010440399611579552 0.009298907634107088 0.011060061852749516 0.009446146972977722 0.01025169082169642 0.011067321523579959 0.00931294003093289 0.009398048111923935 0.010312170442140074 0.010053454658907484 0.010318867357064986 0.008966744502477357 0.00943371028482822 0.010073717258892558 0.009360487366112993 0.01091331437722197 0.009546963300644277 0.0106336423839085 0.010630250474850462 0.012178968251922157 0.00993755687349707 0.009688531209597223 0.009014872463141425 0.010800982520927802 0.009897219960935193 0.010874391278533188 0.009401719868567398 0.010758093722852542 0.012869377599459733 0.008954617261905055 0.010133471766700135 0.010105445157078155 0.010148964391149349 0.009004195955532772 0.011324542119775842 0.009707618254483956 0.009247031584236553 0.009418615024155265 0.009550645412245012 0.009070681118645776 0.009105790634256192 0.011543487797312573 0.010913670105070623 0.01158981621179043 0.009468925694017066 0.009008150003718287 0.009694003574069125 0.008973791725436529 0.009791491325082302 0.00997390321403641 0.009289036492320464 0.009189423811494724 0.00924919272826579 0.011073916794370349 0.009537389158268112 0.009572672160035671 0.011561642174191845 0.010219279644569035 0.008959712752834526 0.009320064744189782 0.010148696824875923 0.009510365906244989 0.009095379613293065 0.009545826578420397 0.009093205013478047 0.010303093422886956 0.009705765552605706 0.010292357061204968 0.009145271050764561 0.010997647975888798 0.010179976026228445 0.010135395184570024
