3
100 100 100
3467 10154 176394
0.4 0.2 0.1
-----
100
3467
0.4
-2.5359418089699273 -1.459844237052966 -3.0712792466930465
-2.9784394177024485 -2.4327273771245705 -2.408122462134377
-5.50820239873602 -4.261184678830949 -4.041095924840132
-2.9402319257765104 -2.851039527101992 -2.2591007605583067
-2.216826337328415 -2.9759699595991638 -1.7922606368166978
-2.942942503845983 -1.4679239583455495 -3.1775817609633847
-3.116005892861486 -3.4250091877588615 -1.8517421370638125
-3.1576430214054607 -1.847611284713711 -3.3462952287598915
-4.077097382216155 -2.006385156754265 -3.5547292208733205
-5.436470687419904 -2.53686958641755 -4.237619663710005
-5.457100899609116 -4.110952635039212 -3.434150449220727
-4.961958367692006 -5.178904793302766 -1.8919309012801158
-3.2465334291279526 -2.9868517231422733 -1.9727121972701607
-3.4907510711441723 -2.942442701590254 -2.6324281994406284
-5.335154015338288 -3.0289345647317263 -4.24314970450933
-2.595300672657828 -1.3711428090514861 -2.9796448929999197
-3.60284489633218 -3.033818863368081 -2.7318086720153967
-3.0848521037456047 -3.592335731383345 -1.9465806105186516
-3.396623239168451 -1.8452743868767163 -3.4855951025421192
-4.886103836632972 -3.1374535445858247 -4.12372503106552
-2.928792565362589 -2.1632185566527293 -2.310303629602113
-4.932230282278443 -1.4616721971280526 -5.013981228926097
-3.7533356877911106 -2.620307494297966 -3.0527229567639766
-4.850241713427602 -3.2686608775926786 -3.533550001920763
-3.0877681657356644 -2.885603204955159 -1.907078583465994
-2.8378571678264133 -3.2855751686509476 -1.9605727691876922
-2.3212721724020695 -1.7211475969959062 -2.34667871414742
-3.5277727459219728 -2.969722209931093 -2.6949557188296764
-3.66121635513176 -2.893321952040458 -2.910271062344083
-4.08665494026396 -4.205862730512905 -1.728364285094532
-4.713394086264295 -4.255447720704003 -2.4992007804642564
-5.19748518199915 -3.4599865949337243 -4.169594963731626
-4.432139737317194 -1.6738843508616252 -4.078741956753499
-4.7408601018544285 -3.0890230396694 -3.9410458172867595
-5.098835734137071 -2.788390306243117 -3.9135325091517825
-3.168940889160979 -2.41959289040145 -2.5570044198592634
-4.990542034912009 -3.418899279027803 -3.957429552627268
-2.649408197762818 -3.0154887350016275 -1.7597430357168289
-3.1563881100494426 -2.1891873096962002 -2.7333545822654375
-3.5011024726677054 -2.0808680676417617 -3.057492662144486
-4.893751709937788 -1.9931135314576327 -4.163945529783745
-2.4888029401886316 -0.6619923247454205 -3.526098824102097
-4.835070105289431 -2.6591144381361236 -4.314769768053361
-5.693841215242449 -3.271009147417323 -4.258648157244627
-3.309444271355433 -4.011800156792205 -2.087916627002264
-2.4930483555245417 -2.693530569894529 -1.8760250956093767
-4.198523438361731 -2.5047867239484525 -3.9721321370827685
-2.6934316180503903 -2.492272977565496 -2.1329443273239623
-5.807868198469865 -4.268838384745452 -3.8148195780054737
-1.429127796652045 -0.2543997968421703 -2.927141506280724
-3.436242372393274 -1.812005300369382 -3.372789702756733
-3.650020342263081 -4.364931595290532 -1.76853456852864
-2.302943486988781 -1.5122746607279067 -2.4461067231186435
-3.3840804929119335 -1.5427041932189063 -3.219410638886217
-2.1207127912137937 -2.3905336010730225 -2.1287057396929376
-3.742390656600424 -4.179990817442645 -1.7728785188141378
-3.1834675901380276 -3.181775561588468 -2.274030829227022
-2.2373406195394754 -2.3907887894223423 -2.1339398685906117
-5.903320272309112 -4.213276378796264 -4.0769847383003075
-2.485534815208925 -2.411613824737646 -2.2635164894408892
-2.753578009562728 -3.5152088470817424 -1.8452100868817052
-3.5381495754847427 -2.920741683104556 -2.7647550406959196
-2.3692873139875044 -2.5299044215976805 -1.935986168159511
-1.3550354353888485 -0.7520533045738524 -2.366474801493994
-2.7144541216130866 -1.1489604094053902 -2.9938765262115177
-2.3204875684900514 -2.987128168498108 -1.9122259070795113
-3.835436072957537 -3.54475400051208 -2.045205139689534
-4.385025293858478 -2.5299762615593173 -3.4595256658198155
-4.254789865221426 -3.107709384194906 -3.7126834943998275
-4.823237819695361 -3.057589148422284 -3.675356753174068
-3.21609038479232 -2.3167975974764525 -2.435055104889707
-3.707560709168623 -3.1615980394299226 -2.1491160032690524
-5.114662505759912 -4.887641175781153 -1.9261934401286052
-3.500318193816936 -2.9025189000098486 -2.7548217975551053
-2.5307014318198857 -1.3932789299997008 -2.6650849814918898
-4.029294492646764 -2.883969518143298 -3.334046230153466
-2.7377005512901285 -3.0526725945896964 -1.9915015442156179
-2.0534832017471856 -2.731297148717079 -1.8480188186352873
-3.8077920623378474 -2.4948878253956677 -3.379412368705133
-3.1773137409599057 -2.761421485331171 -2.1057575552541685
-4.383502889207392 -3.3630250156330304 -3.224918771512174
-2.3737156247039857 -3.525078704286626 -1.7605300793165455
-5.405236033163755 -5.569607973611108 -1.8863606214879862
-5.79531811646202 -4.847946161045575 -3.9508572863517575
-2.0471721397228877 -2.519895329695629 -1.874211504393429
-1.560294944877536 -0.6457523310863422 -2.6423674935927934
-4.88498655036606 -2.9611661780599263 -3.5250384676294053
-4.230045414844112 -2.731366695851957 -3.3871389188396384
-3.946319543392686 -4.119927043038079 -1.7839980454110602
-1.5854080073491374 -1.6703649335982522 -1.9306190685252904
-5.361799970772388 -3.063120609009831 -4.377368619600517
-3.662010431168476 -3.842227153613357 -1.9145538470820433
-5.535975403670012 -4.339229934185644 -3.8278456658990336
-3.4206083976649597 -2.04940272503286 -3.2017439031616806
-4.059219676536927 -1.8975334341809234 -4.205646548776975
-3.692283142624341 -1.5624525063833863 -3.722594115106613
-4.3700438478039185 -4.784964379915744 -1.8363487685654016
-3.180452575669429 -1.1695087517604215 -3.7394463377649556
-1.645263637066475 -1.8734691760812954 -1.937566091092668
-4.147739730512117 -4.4300357418143435 -1.7704923336526743
0.3966101694915254 0.12542372881355934 0.2677966101694915 0.2677966101694915 0.3593220338983051 0.30508474576271194 0.34237288135593225 0.3389830508474576 0.33898305084745767 0.3694915254237289 0.2542372881355932 0.3593220338983051 0.3254237288135593 0.17627118644067807 0.3389830508474577 0.30847457627118646 0.3525423728813559 0.38305084745762713 0.2542372881355932 0.2305084745762712 0.2508474576271187 0.35593220338983056 0.3084745762711864 0.21016949152542375 0.32881355932203393 0.38305084745762713 0.2915254237288136 0.09830508474576272 0.16610169491525428 0.3966101694915254 0.3898305084745763 0.26101694915254237 0.2983050847457628 0.28135593220338984 0.22372881355932203 0.11186440677966103 0.16271186440677965 0.3966101694915255 0.1423728813559322 0.23050847457627122 0.3525423728813559 0.39322033898305087 0.288135593220339 0.39322033898305087 0.3593220338983051 0.3355932203389831 0.34915254237288135 0.18983050847457617 0.34915254237288135 0.39661016949152544 0.23728813559322035 0.37966101694915255 0.3220338983050848 0.3389830508474576 0.38983050847457634 0.36610169491525424 0.26440677966101694 0.3593220338983051 0.24067796610169492 0.311864406779661 0.33220338983050857 0.2508474576271187 0.29491525423728815 0.3864406779661017 0.38983050847457623 0.3966101694915254 0.3152542372881356 0.1694915254237288 0.37627118644067803 0.3254237288135593 0.33898305084745767 0.31186440677966104 0.3898305084745763 0.2542372881355932 0.37966101694915255 0.29830508474576267 0.2440677966101695 0.3389830508474576 0.17288135593220338 0.3525423728813559 0.2033898305084746 0.3898305084745763 0.3694915254237288 0.26101694915254237 0.32881355932203393 0.3966101694915255 0.34237288135593213 0.3152542372881356 0.35254237288135604 0.34576271186440677 0.3016949152542373 0.30508474576271194 0.34576271186440677 0.22033898305084748 0.264406779661017 0.35593220338983045 0.3491525423728814 0.3593220338983051 0.3457627118644068 0.37966101694915255
0.010000000000000004 0.010000000000000004 0.010000000000000004 0.010000000000000004 0.010000000000000004 0.010000000000000004 0.010000000000000004 0.010000000000000004 0.010000000000000004 0.010000000000000004 0.010000000000000004 0.010000000000000004 0.010000000000000004 0.010000000000000004 0.010000000000000004 0.010000000000000004 0.010000000000000004 0.010000000000000004 0.010000000000000004 0.010000000000000004 0.010000000000000004 0.010000000000000004 0.010000000000000004 0.010000000000000004 0.010000000000000004 0.010000000000000004 0.010000000000000004 0.010000000000000004 0.010000000000000004 0.010000000000000004 0.010000000000000004 0.010000000000000004 0.010000000000000004 0.010000000000000004 0.010000000000000004 0.010000000000000004 0.010000000000000004 0.010000000000000004 0.010000000000000004 0.010000000000000004 0.010000000000000004 0.010000000000000004 0.010000000000000004 0.010000000000000004 0.010000000000000004 0.010000000000000004 0.010000000000000004 0.010000000000000004 0.010000000000000004 0.010000000000000004 0.010000000000000004 0.010000000000000004 0.010000000000000004 0.010000000000000004 0.010000000000000004 0.010000000000000004 0.010000000000000004 0.010000000000000004 0.010000000000000004 0.010000000000000004 0.010000000000000004 0.010000000000000004 0.010000000000000004 0.010000000000000004 0.010000000000000004 0.010000000000000004 0.010000000000000004 0.010000000000000004 0.010000000000000004 0.010000000000000004 0.010000000000000004 0.010000000000000004 0.010000000000000004 0.010000000000000004 0.010000000000000004 0.010000000000000004 0.010000000000000004 0.010000000000000004 0.010000000000000004 0.010000000000000004 0.010000000000000004 0.010000000000000004 0.010000000000000004 0.010000000000000004 0.010000000000000004 0.010000000000000004 0.010000000000000004 0.010000000000000004 0.010000000000000004 0.010000000000000004 0.010000000000000004 0.010000000000000004 0.010000000000000004 0.010000000000000004 0.010000000000000004 0.010000000000000004 0.010000000000000004 0.010000000000000004 0.010000000000000004 0.010000000000000004
-----
100
10154
0.2
-4.33956089842106 -2.814489724925532 -3.446712388282961
-3.204690109678658 -2.8345579825811056 -2.3175370426701134
-4.112895664631264 -2.811525763745839 -3.3517674767043744
-4.2848616293614 -2.8062581025122952 -3.62413592056233
-3.3645187509293657 -2.040941072968833 -3.221313569361728
-3.7357596110137954 -3.1977127610512612 -2.5176009050845827
-4.013693725266252 -2.8305655603184654 -3.391935519216915
-5.548604950762032 -4.444948897149463 -3.8742605934592023
-2.9413543177783676 -2.6723533885825512 -2.330420897019393
-4.916162951893538 -3.5012232563350674 -3.903201102811198
-2.8098352876681645 -2.108776881840596 -2.594991673704747
-5.778386996251102 -4.841658157926368 -3.817782723818661
-3.3991041512739653 -2.592172863931856 -2.525638454616992
-3.5510222523179182 -2.3057378677090306 -2.791123900964555
-4.080155790172757 -2.219729816593118 -3.8270707936397867
-4.169422816273662 -2.2665381350725764 -3.8574378281152235
-3.3768852710835517 -2.6644183416917473 -2.7107683545902543
-3.9587766142927516 -2.9243361420360467 -2.864437344820415
-5.027899721478142 -3.720503756405499 -3.5787086146445217
-2.900451446693435 -2.946224402821203 -2.1502971368401615
-3.528141432674539 -2.45312000036131 -2.740071009426093
-3.3273732950140116 -3.0686453118314354 -2.3162061990782714
-3.5963313188849853 -2.7744738698047984 -3.05528313155135
-3.326733504842159 -2.678980502891832 -2.556979035432459
-3.695647003565584 -2.4143609079304005 -3.2446327707536136
-3.621151101869648 -2.3674846279483583 -3.3531690470945823
-3.8070446932111306 -2.6823806279031404 -2.966642590135437
-3.3759403537788897 -2.8519784970014297 -2.3219506276292554
-2.626494349176758 -2.13614106708964 -2.4205820366722137
-4.934693381989799 -1.8339488982262566 -4.1736124151347305
-3.425434419929818 -2.7089278758253954 -2.546506684759613
-2.948947697240892 -2.7197252358573523 -2.1930120107007594
-3.224491913206915 -1.781580445169963 -3.2782960590682255
-3.153264232703048 -2.8576431912428433 -2.2428385458305495
-4.865853379356962 -4.227154950150048 -3.7634707608976656
-3.238671232848094 -2.8270346587820736 -2.455485022771652
-3.7373889066489756 -2.755103169746949 -3.178729698102212
-3.0049969078849568 -2.85536445625171 -2.2207568752401867
-3.201186263236326 -2.6136582455389505 -2.3686628914303194
-3.407010652466184 -2.2271101541548473 -3.178762696846177
-4.124701922499541 -2.5917224400061576 -3.3981615679995407
-2.890510190159137 -2.577091338992855 -2.5115391967104994
-4.112379206175077 -2.770655148661029 -3.524023380155566
-2.5344005419915687 -2.326182627798502 -2.2240000632441044
-3.3894875226492913 -2.1253059047758396 -3.064607027226402
-2.9377235384450717 -2.458918392908051 -2.4079575650780343
-3.8838016826653385 -3.089637890904024 -3.099157049678127
-4.4572519913780315 -2.5905911649779565 -3.742588474029816
-3.7549104085970972 -2.5006043218844742 -3.2152495987358507
-3.9337233859119576 -2.3234557037851995 -3.3472853146461263
-3.7223798559755505 -2.2279370427574974 -3.115786767649776
-3.4128903804046944 -2.351815124086017 -2.928106649595879
-2.9356343552235935 -2.3333632048019024 -2.6745988557858937
-4.9376668442440845 -4.239535587205502 -2.04991964602912
-2.9851616134325543 -2.1790619488820338 -2.735306682886115
-3.9641704077889632 -2.511818295962037 -3.1943978914404356
-3.0167838401932072 -2.722643384875988 -2.2006483768131577
-4.545828665041578 -3.8016291915080336 -3.3785073676840245
-3.7994985297894863 -2.500932346552011 -3.0287137517013485
-4.945528191730694 -2.2035208155693082 -4.030014788742798
-2.609529593476806 -2.3994939177779075 -2.237071262958069
-4.096908958983066 -2.6535007388861214 -3.2502843177529175
-4.01088080909337 -2.499751996492344 -3.4013292829837685
-3.909747802884292 -2.6431309262635403 -3.1233011247193714
-4.4889633326098135 -3.358293386645034 -3.5766728277204924
-4.14490987803465 -2.4808445216699715 -3.6012427993126384
-2.933329117491885 -2.4009825743457704 -2.398174170538491
-3.2309156390382645 -2.1096558978714968 -2.9152529764013413
-3.4626415532658146 -2.3460959609698384 -2.702690932349812
-3.0046308472168097 -2.746183151910643 -2.331965375048037
-2.9844067164534414 -2.954509213661328 -2.135162710113458
-3.881908094658307 -3.123157216854567 -2.5820642843060684
-2.66817133388776 -1.9307526581550387 -2.5843593563482745
-3.2197826475833082 -2.1678809592340853 -2.789961982925619
-5.566301882974131 -4.5355740593143095 -3.827939440790216
-3.3903739068701904 -2.640967315761276 -3.0116304586330056
-2.822225501883662 -2.7554819563561797 -2.1964983817100663
-4.557685202298382 -3.218839035162901 -3.976492465136536
-3.7643322411250715 -2.5624068477218964 -2.9546997332416396
-4.137710604408388 -2.687728547564519 -3.4977056238809894
-3.553829258597927 -2.6971376016719497 -2.8928191974929938
-4.007829625234324 -2.5760523618496207 -3.5458382725340822
-2.7551046136626636 -2.220119955008184 -2.581884146463319
-3.273473693234113 -2.467148176800957 -2.66983610794198
-4.522429094517269 -3.5159372679500036 -3.870237263415338
-4.295346447494696 -2.421673891070855 -4.024130803616181
-2.7525411115493648 -2.1558801037125606 -2.349919521604797
-3.3405791772339044 -2.829768227355454 -2.4918100463575676
-3.232346972292907 -2.5248164631216548 -2.691555768047125
-5.271431278383526 -4.214336482487494 -3.8505697042732994
-2.7078221982555872 -2.396615287242169 -2.14190547987057
-3.9109062345066676 -2.4877332890206723 -3.434558568630078
-3.549563661269213 -2.4827755159904155 -2.855847962849988
-3.3119078501315173 -2.2152549747778183 -2.8515013956651853
-4.714246948167082 -2.310148745664585 -3.5537626647956055
-3.171004258814291 -2.4434095038463717 -2.7402460231750574
-4.5167894291496955 -2.9908791406524298 -3.584666124210979
-4.529413025009894 -2.95699904630598 -3.7090291493676397
-3.7579343363614317 -2.092117340409567 -3.523412921309758
-2.545183194780882 -2.116765533492553 -2.354762188016798
0.14915254237288136 0.17288135593220344 0.15932203389830513 0.14915254237288136 0.18983050847457628 0.18983050847457628 0.18983050847457628 0.16610169491525423 0.09830508474576272 0.1694915254237288 0.17627118644067796 0.1559322033898305 0.11864406779661019 0.19999999999999996 0.17627118644067796 0.16610169491525423 0.1084745762711864 0.18644067796610175 0.1389830508474576 0.13559322033898308 0.16610169491525428 0.1864406779661017 0.19661016949152543 0.12542372881355934 0.16271186440677965 0.12542372881355934 0.14915254237288136 0.13559322033898302 0.1864406779661017 0.19999999999999996 0.13559322033898302 0.14237288135593218 0.17627118644067796 0.16271186440677965 0.1694915254237288 0.17966101694915254 0.18644067796610175 0.18644067796610175 0.18305084745762712 0.15254237288135594 0.1694915254237288 0.15932203389830507 0.15254237288135594 0.17627118644067796 0.15254237288135594 0.10508474576271187 0.1627118644067797 0.15254237288135594 0.16271186440677965 0.16271186440677965 0.1932203389830509 0.15254237288135597 0.14915254237288136 0.18644067796610175 0.15932203389830507 0.15254237288135594 0.18983050847457628 0.16271186440677965 0.1932203389830508 0.1864406779661017 0.17966101694915254 0.1457627118644068 0.1694915254237288 0.14915254237288136 0.19661016949152543 0.16271186440677965 0.1559322033898305 0.16610169491525428 0.14915254237288134 0.17288135593220344 0.1694915254237288 0.17288135593220338 0.18983050847457628 0.14576271186440679 0.14915254237288136 0.16271186440677965 0.1084745762711865 0.1694915254237288 0.14576271186440679 0.15593220338983052 0.15932203389830507 0.14915254237288136 0.19661016949152543 0.14576271186440679 0.1694915254237288 0.1694915254237288 0.18983050847457628 0.14915254237288145 0.08813559322033898 0.1694915254237288 0.18983050847457628 0.15932203389830507 0.15254237288135597 0.17288135593220344 0.19661016949152543 0.15254237288135594 0.15254237288135594 0.15254237288135586 0.1559322033898305 0.1694915254237288
0.009537153773769864 0.009103159774810656 0.009240276248019368 0.00979802474439486 0.009613163130488484 0.009126990519359512 0.009256520297464859 0.01695074096363248 0.009239634275423854 0.011737702520090976 0.009567861242205197 0.021205634877191102 0.008853525399955398 0.008957077918924614 0.010739455794432072 0.010800002241802853 0.008734969469558512 0.00889620051710821 0.011706147375390647 0.009658744854977377 0.00882293384477092 0.009192908561835302 0.008818444568003417 0.008808507095656509 0.009119465379741754 0.009331348917252597 0.008802367174935008 0.009073239695150961 0.009911595394450622 0.014823705823318644 0.008805890749923983 0.00945222775634216 0.010346427140237703 0.009249226678566796 0.01374119720500478 0.008924777899792938 0.008924459936619595 0.009380007469103719 0.009043359401326249 0.009264420084450784 0.009364566016215234 0.009135802869810902 0.009511480316016417 0.010130608259635826 0.009277305791641117 0.009219254209716725 0.009027448760407286 0.010298939665395026 0.009030291497149805 0.009416633004391852 0.009199370755982086 0.008912437274355237 0.009156242194153832 0.015488363004061917 0.009266057029532617 0.00908777837413922 0.009385027561498786 0.010950771914968245 0.008901790843516886 0.012755441680018034 0.009912798817443268 0.009149094254053405 0.00936095752424074 0.008934907405991292 0.010248108275427832 0.009812762002096543 0.009273895251316423 0.009249263195873611 0.008919914528394713 0.009184788448957423 0.00961074046765481 0.009093322144091217 0.010072172468607598 0.009136767943233225 0.01750026777460936 0.008837704088354678 0.009581865479993776 0.011183946572783945 0.008824844357778782 0.009487051909857448 0.008724602662897568 0.009572061117732938 0.009501217193362513 0.008841963066788769 0.011309783096320858 0.01126015685906749 0.009794202782821141 0.008864426432684957 0.0088216668688278 0.014650432076347798 0.009957513546660602 0.009386332846698344 0.0087920779009908 0.009054506789451472 0.010781828289915378 0.00888999769562484 0.009952083767388112 0.010198348620455249 0.010038438508680277 0.010158079228430327
-----
100
176394
0.1
-3.701059095222102 -2.542998965310049 -3.2134623802434423
-3.2475869886144166 -2.795257752493004 -2.387101003317603
-3.2867168323230747 -2.734271519690338 -2.4881620480400337
-3.7336323207912443 -2.5285679258166356 -3.1092202214958196
-3.496346552209665 -2.5469595688297315 -2.892517944547362
-3.174266319274641 -2.763693623590673 -2.4356138145264348
-3.2197008894535606 -2.705377508436664 -2.3266156037765886
-3.0671642860656405 -2.621134806229899 -2.395245009648172
-3.5509557033773183 -2.7503663272223715 -2.885703844997332
-3.936094268525099 -2.336561437422261 -3.39550769079459
-3.8639828912924585 -2.778353697872732 -3.1923600776575083
-2.9606754228047216 -2.4948520037693167 -2.3341189639156736
-4.279382808604862 -3.212467166713995 -3.4412615080386724
-3.305289145476227 -2.8506271320837255 -2.397038391958779
-3.2596747205166707 -2.593092094817389 -2.696144716431185
-3.185999199868798 -2.7854513852945026 -2.487620264947076
-3.2221976231948966 -2.557766671362355 -2.518500455367074
-3.257751074554319 -2.6297516110337327 -2.48483851989881
-3.3682779532584117 -2.7170094071635984 -2.54597365137555
-3.1862850272661394 -2.8137406183832114 -2.578144399565702
-3.3314444993673433 -2.6099516884898346 -2.6778454374230103
-3.137939155804657 -2.439267360802475 -2.509909227566662
-4.056103838376393 -2.4060652541337486 -3.6314575086602203
-3.1418555326243336 -2.6093664231997966 -2.5558707144727277
-3.6954574307506416 -2.7947334764365768 -2.92063382413026
-3.1593565078566095 -2.6983283382603456 -2.558806775466246
-3.3661703466153075 -2.4080420449197346 -2.7139191505594153
-3.776198511653053 -2.6795306691811085 -3.027421223038572
-3.1280468017034706 -2.446630306225984 -2.631696346382649
-3.5506946653277067 -2.4656974597523833 -2.923659998229286
-3.723105774181938 -2.8314484913695193 -2.621376507919608
-3.58222209600687 -2.5568813790510254 -2.7911292140902626
-3.4683663001215463 -2.7689496941281466 -2.443103448633921
-3.389159437649275 -2.1857913120581105 -3.1581735673460694
-3.5162969357105185 -2.324626093073707 -2.833183768588942
-3.587482473190602 -2.4748115238175883 -3.3026778128324685
-3.294539586945231 -2.575982069325788 -2.8128068469869305
-2.8491704384519454 -2.3781590612579553 -2.327606210411748
-3.6270369575503425 -2.875712349783046 -3.0023915244548385
-3.378204675337712 -2.540381743638785 -2.6973829675794034
-3.5280241445300184 -2.6872933619001684 -2.85985288821531
-3.259718297422445 -2.519441338878823 -2.884277897457319
-3.2712975735060983 -2.469509020594583 -2.760073986231632
-2.868383639977932 -2.470217948546483 -2.4023879274402513
-3.2422163117267164 -2.7112220305449113 -2.503403409581311
-3.7250333761467957 -2.5521410556264836 -3.160279095305575
-3.5835402520802777 -2.6935024582785045 -2.6683430746232144
-3.419509728077356 -2.334923998627569 -2.9985503695001747
-3.2473967653258438 -2.736779327423199 -2.478263895328836
-3.028217412317057 -2.590077877287174 -2.4433840609450566
-3.8694304855359247 -2.4026195890291135 -3.213425173770313
-4.341401282467843 -2.6419440254906568 -3.603095647506901
-3.1612436034717315 -2.5112178383107064 -2.6324383237961584
-3.4476547766096415 -2.7444891173960744 -2.7251470459943903
-3.65535230450296 -2.804275013826061 -2.724267462821115
-4.019058858036853 -2.7528851655329527 -3.0096378821864165
-3.229110621264626 -2.44865599159145 -2.76650688313199
-2.8847972663176336 -2.5498373239911527 -2.461236073738034
-3.8443887226804105 -2.764008036321464 -3.0312723694988746
-3.3977463925087372 -2.441327274121484 -2.8348352657596827
-3.6435028553659605 -2.757681982056497 -2.9176115498562454
-3.3126694218442174 -2.501245294288261 -2.9098893864645285
-3.0479147212632576 -2.542210792535632 -2.5762979102379306
-3.905123526667739 -2.2674569900648507 -3.251502846994505
-3.2679111725800976 -2.8407489412021447 -2.4963530671666736
-3.3610992532020143 -2.578078224095449 -2.67850210553613
-3.4625896987943037 -2.527393859897673 -2.7753685908857326
-3.302422022996301 -2.9286141452332686 -2.5327524800667973
-3.3352308443162517 -2.947079908818884 -2.3992532571373277
-3.7423510754109874 -2.9116094905073333 -2.757839763816509
-3.174206135243247 -2.914254544673068 -2.4113138630124507
-3.7373346599986785 -2.9098240625040357 -3.219562479808607
-3.782777258870588 -2.385127260014842 -3.1882833696256045
-2.825944139290338 -2.5261041274987464 -2.3746655107708587
-3.2634656895659533 -2.510601094009427 -2.7931150238270384
-3.126042165516281 -2.667556489286029 -2.33934724307978
-3.3091756035245594 -2.6938490896421214 -2.480702511681184
-3.411760077401304 -2.936718705867659 -2.390458082746555
-3.33001783454906 -2.7386791347259214 -2.4566309554159105
-3.9692817211793816 -2.611701726801173 -3.243997741389112
-4.0486519466589295 -2.847932363264626 -3.122701838327112
-3.380622918923754 -2.6748979370994936 -2.6937728384216166
-3.395214489991635 -2.417873729746208 -2.6400945918901604
-3.4327852496965026 -2.9389779970839935 -2.7897925650661826
-2.9993216807631695 -2.5794690511626204 -2.4386412588439432
-3.7224123115514907 -2.5519120403176707 -3.1855919421227807
-3.649828128114897 -2.652634044673296 -2.8493003999975355
-3.4834090579467514 -2.847799227548893 -2.43774974333004
-4.034259175428874 -2.621494355395219 -3.2546453642139594
-3.2348747658461137 -2.736481196427423 -2.5563269313342536
-3.5635596347817855 -2.6628944754638852 -2.943271283381794
-3.722503061151541 -2.636726853598552 -3.122071372540608
-3.3611606745543336 -2.46326392327898 -2.7612597652535387
-3.385740423303372 -2.6132945568016988 -2.6048354159545806
-3.439141763116216 -2.517471284669826 -2.9543980958398643
-3.162307769259034 -2.4771578685493862 -2.4039978367689163
-3.2807335910044144 -2.8836038797812544 -2.3620233659932914
-2.9173646727552613 -2.483843329673377 -2.345915768261838
-3.363224017402084 -2.5235264932255745 -2.7185739239093065
-3.5220994467225255 -2.735472647141766 -2.647463987871384
0.09830508474576272 0.08135593220338988 0.09830508474576272 0.07796610169491525 0.06779661016949157 0.09152542372881356 0.0847457627118644 0.09491525423728814 0.09830508474576272 0.08813559322033904 0.0949152542372882 0.07457627118644068 0.06440677966101693 0.07796610169491525 0.09152542372881356 0.09152542372881356 0.09830508474576272 0.08813559322033898 0.09830508474576272 0.09830508474576272 0.08135593220338982 0.09152542372881356 0.08474576271186442 0.09152542372881356 0.09152542372881356 0.09830508474576272 0.08474576271186442 0.0949152542372882 0.08474576271186442 0.07118644067796612 0.09830508474576272 0.09152542372881356 0.09152542372881356 0.08813559322033893 0.057627118644067804 0.0949152542372882 0.0949152542372882 0.09830508474576272 0.08135593220338984 0.08813559322033898 0.09830508474576272 0.07796610169491525 0.09491525423728814 0.057627118644067804 0.09152542372881356 0.09830508474576272 0.0949152542372882 0.09830508474576272 0.07118644067796609 0.08813559322033904 0.09152542372881356 0.09152542372881356 0.09491525423728814 0.09491525423728814 0.08813559322033898 0.09830508474576272 0.09152542372881356 0.0711864406779661 0.08813559322033904 0.06779661016949157 0.08813559322033904 0.07118644067796612 0.09830508474576272 0.09830508474576272 0.0949152542372882 0.06779661016949151 0.0949152542372882 0.09830508474576272 0.07796610169491525 0.09152542372881356 0.0847457627118644 0.09152542372881356 0.08135593220338984 0.08135593220338988 0.09830508474576272 0.09152542372881356 0.08813559322033898 0.09830508474576272 0.08474576271186442 0.07457627118644072 0.08813559322033898 0.07118644067796609 0.07457627118644068 0.08813559322033904 0.07457627118644072 0.09152542372881356 0.09830508474576266 0.09152542372881353 0.07457627118644067 0.09830508474576272 0.07118644067796609 0.07457627118644072 0.09152542372881356 0.09152542372881356 0.09491525423728814 0.09491525423728814 0.07796610169491525 0.09830508474576272 0.09152542372881356 0.06440677966101696
0.009412921498761518 0.01077400642596339 0.01011002882917177 0.009247495075648454 0.009054658909244267 0.010539427154628979 0.01088829818041508 0.010641004709280769 0.009269983679728257 0.010524855312195656 0.009716587673552617 0.011208360318135996 0.013295516320930154 0.010885597044581564 0.009392570872099732 0.010379565714137211 0.009845147055300372 0.009969166509303804 0.009818231693619638 0.010192092351251862 0.009356416706572713 0.010069662482748903 0.011730399953059393 0.009884618416263655 0.009424497264703121 0.009972074822719633 0.009369088143710815 0.00927708073237126 0.0097604635648986 0.009097333862571055 0.010147861513019942 0.009143067146778112 0.01037743382097178 0.010306944113880466 0.009395267876163677 0.009752105088279131 0.009233335854102635 0.011826715505607082 0.009661702087012374 0.009270174669818214 0.00916167117970311 0.009284362761507486 0.009321202621473911 0.01121544384357987 0.01004579293389799 0.009310653083518883 0.009479762883307447 0.009419386748308849 0.010192066490807557 0.01050242769085674 0.009728359980119878 0.012059699315655563 0.009645179439275573 0.009420371250090041 0.00966562197425061 0.00986407764043205 0.009398821419709517 0.010889002878469018 0.009509525338558214 0.009181250045400163 0.009300274720604827 0.009219102991811655 0.010015560520100369 0.010285963414142531 0.010431745728153264 0.009317165034241124 0.009137153476601245 0.010661754518006905 0.011331401390922322 0.010090587965660721 0.011271098244885461 0.010116239498322112 0.009610233796442085 0.011495847933521947 0.009284465010424094 0.010871707496947838 0.010037775061858888 0.01131304370832335 0.010222646264108909 0.009756301454473643 0.010168653097320544 0.009367672164382293 0.009489623177621132 0.010040564389802713 0.010594916719915342 0.009357136274424587 0.009173579797132337 0.010675731187249033 0.00991469334820235 0.00994199147353635 0.009115110451502479 0.00927318629193061 0.009235333259811731 0.009492302275725947 0.009102442040464951 0.010415376465234327 0.011241284715233899 0.011295321179751223 0.009248406004814117 0.009570168984264547
