3
100 100 100
6842 8969 42138
0.4 0.2 0.1
-----
100
6842
0.4
-4.579488601532091 -2.8161958297635135 -4.4265067393795485
-2.5476087370945404 -2.7786695058081987 -2.6327380439525894
-5.924543028147234 -4.7970531255695334 -4.131229562728294
-4.152501802847734 -4.598559729471413 -2.4549261087063656
-3.5396309799139507 -2.6312021043237372 -3.435486911110499
-5.832567911460586 -4.493312424352396 -4.0250733334175335
-4.392470108832866 -2.940035866044902 -3.5955387338564213
-3.424907897120682 -3.239787025523771 -2.97023264345365
-3.1027128224230927 -2.216109136227455 -3.399142004466499
-5.46071138337375 -4.382231213899063 -3.985212398892207
-3.4425479705027846 -2.2081772210160975 -3.5090151009376136
-2.7121564455364786 -1.5431918503685509 -3.469704535014802
-5.876190004618788 -3.852152144728647 -4.619688833123073
-2.969900605035691 -2.2149963709876785 -3.0172022661310303
-4.659492804679818 -2.628901942854973 -4.0816929751709665
-3.9060548714330148 -3.123633578161383 -3.497311573467505
-2.9313259797245 -2.97171097737699 -2.7613326010862482
-2.059092468829942 -2.2713428798063906 -2.539730277225654
-4.872731967399666 -4.727067491925235 -2.8019779806117118
-3.587671333702928 -3.2498904568394913 -2.804438289338304
-4.2252778075395305 -3.2585025015209985 -3.690886889144535
-3.296186415652924 -1.3757394725785623 -4.205211151181199
-3.8449376482230693 -2.791981888051021 -3.7801544081921623
-2.1447186107920158 -3.080485186224568 -2.4119814221654674
-2.673129074644462 -1.329478068718286 -3.6377906176872483
-3.670757831382018 -2.4278836488643862 -3.509160164531263
-2.601251485274208 -2.280877336569401 -2.789961258940368
-3.5431722612382393 -1.9937005915186123 -4.182400715386372
-3.721988727562565 -2.200831632446585 -4.01070754040222
-4.38903509294828 -3.079900447298818 -3.8475583699610025
-1.9257246069235006 -2.597103821439181 -2.4625571570128986
-4.674375896768919 -3.225603925840477 -3.852471557864624
-2.4722202201607493 -2.3583101693302186 -2.5128317369617617
-2.6063411767254014 -3.6703981266057877 -2.471314362176258
-2.55468030299524 -2.2723440115448708 -2.659539048645474
-3.2107515467898073 -3.3972207744068736 -2.7095111456021845
-4.113386255400217 -2.885015968771847 -3.5383534448818934
-4.130355785794759 -3.635755924676331 -3.344160980071499
-3.655962803810398 -2.6400041224671487 -3.643204300218838
-4.2020052272052375 -2.5207661578817957 -3.773220337847157
-3.1145394947810217 -3.2452516847427866 -2.623992212184541
-4.845117347155058 -2.8517190919365727 -4.452094756621268
-4.484354266847825 -4.417001741256432 -2.5506192091335693
-4.925088567637517 -3.523653087596116 -4.2558926343730885
-4.940710595015084 -3.532881088005983 -3.92027525603509
-4.440311722604715 -2.519742923970116 -4.3909200033968645
-5.750457070065526 -4.325726294561235 -4.0943606316209
-2.0806594243699634 -3.049638789737666 -2.4115383951415637
-4.69614123007276 -3.8794599867716357 -3.8206933296898833
-3.492339564754932 -1.7961505549355667 -3.82473949179016
-4.334522222218238 -2.9418555348820035 -3.9841794322923705
-2.5294821404577728 -2.155071068497315 -2.8635011627564455
-4.240181904600641 -2.0446995700997372 -4.585393315447768
-4.339894499232937 -3.2999515871074334 -3.634237523845493
-4.376433688249348 -3.51936937230836 -2.737405077671921
-5.213637762021314 -4.097170881277565 -4.158211109091573
-4.626933655256806 -5.597847486076001 -2.4579152298098297
-4.5566573492902425 -3.0736058748687087 -4.238877293314487
-5.344689034000348 -3.554804275785839 -4.1535739612525315
-2.754618110601323 -2.8216546978629933 -2.675293879569269
-5.253469323408204 -3.2381155836903193 -4.500920168332932
-1.9648666207370145 -2.3830024786234945 -2.498508567257694
-2.2326036528296394 -1.7211881971300027 -2.9798476955551116
-3.0070471488691295 -1.6281355400713426 -3.814925540078162
-3.3195306791033072 -3.1475233581494164 -2.9645843547017083
-5.008760880831359 -4.198971805887883 -3.914631656711418
-4.614276753224546 -4.4717505277603635 -2.747979188950572
-3.088005524616059 -2.809562040385263 -3.006379168716003
-3.9424375693010703 -3.650728545360299 -2.5999373082160973
-3.8042862745726933 -3.7413506109714207 -2.7492477663188786
-5.2878567336054 -3.5323012639278604 -4.168179325695819
-5.142971403763058 -4.1452187037059565 -3.867715455294184
-4.364986265089295 -2.6166362291732757 -4.111956782374644
-4.422499929609505 -2.925319529125948 -3.976792758456485
-3.656346558548449 -3.0474120627948658 -2.8807289050078957
-2.255380173387088 -2.1984279470983985 -2.6605154197561647
-3.110579569823496 -3.5386462622309307 -2.545829654548989
-3.554552171947635 -3.298081058532311 -3.1979858910606827
-3.9880136431399595 -3.360653430881674 -3.5103429078942527
-3.807561459021898 -3.863049445834044 -2.9119863443677634
-4.143058061142327 -2.376467748454057 -4.3161261346486945
-2.902176848220605 -1.8876253078467151 -3.5273275437172975
-2.2441361298273033 -1.978639096719994 -2.893304112645105
-4.366872824071107 -3.6002295405062563 -2.8666719700847505
-2.137823964304332 -1.8168082585335732 -2.9243928999673625
-5.094781408410429 -3.8666206687821556 -4.30298013542957
-4.788567125858018 -3.5310096981033072 -3.634191907158842
-2.3721074857658464 -1.7627639318335921 -2.9299977244522815
-2.353410774296193 -2.7608588645698555 -2.481447920847735
-5.0739559298069405 -3.526670403525826 -4.254644542471404
-3.10451819309365 -1.3156470011383181 -4.132130737404834
-5.3453191305989884 -4.461185442195304 -3.9385351123967647
-5.771153910199059 -4.6810106228147355 -4.039969119610964
-5.26068459299891 -3.4414174334111447 -4.306523200918939
-3.11895224297775 -2.876000252592009 -2.740005337004294
-5.633818760929148 -5.131928427179412 -3.817544850385019
-3.362246212933276 -2.579730957545798 -3.33349561958314
-3.858422173607606 -2.9839639694003046 -3.6764976382752117
-3.8427095929218633 -3.857253610350318 -3.2646118169863483
-2.467404731088746 -2.4350839068625256 -2.8455077199615104
0.20677966101694914 0.21355932203389832 0.14915254237288134 0.29491525423728815 0.13559322033898305 0.3728813559322034 0.2610169491525424 0.31186440677966104 0.2745762711864407 0.3050847457627119 0.28474576271186447 0.2 0.3288135593220339 0.264406779661017 0.3050847457627119 0.2915254237288136 0.34237288135593225 0.30847457627118646 0.3254237288135593 0.2271186440677966 0.10508474576271187 0.39661016949152544 0.16610169491525428 0.3593220338983051 0.31186440677966104 0.2779661016949153 0.18983050847457617 0.3864406779661017 0.2508474576271187 0.23728813559322037 0.34576271186440677 0.38305084745762713 0.3830508474576272 0.3220338983050848 0.3830508474576271 0.2440677966101695 0.3593220338983051 0.30847457627118646 0.34576271186440677 0.3694915254237288 0.2067796610169491 0.3728813559322034 0.33220338983050846 0.2542372881355932 0.32881355932203393 0.34237288135593225 0.38644067796610165 0.36610169491525424 0.18983050847457628 0.29491525423728815 0.1288135593220339 0.19322033898305085 0.25084745762711863 0.36610169491525424 0.32881355932203393 0.2169491525423729 0.36949152542372876 0.36271186440677966 0.37966101694915255 0.2101694915254237 0.311864406779661 0.3254237288135594 0.28135593220338984 0.3525423728813559 0.2508474576271187 0.35593220338983056 0.31525423728813556 0.30169491525423725 0.39661016949152544 0.3559322033898305 0.14237288135593218 0.18305084745762712 0.19661016949152543 0.3322033898305085 0.2169491525423729 0.2508474576271186 0.29491525423728815 0.3389830508474577 0.3355932203389831 0.38983050847457623 0.2915254237288135 0.2983050847457627 0.31525423728813556 0.31864406779661014 0.32881355932203393 0.38305084745762713 0.288135593220339 0.3864406779661017 0.30847457627118646 0.21355932203389832 0.3389830508474576 0.28474576271186447 0.24406779661016947 0.3830508474576271 0.13559322033898313 0.3491525423728814 0.22033898305084748 0.2779661016949152 0.35593220338983056 0.3525423728813559
0.010000000000000004 0.010000000000000004 0.010000000000000004 0.010000000000000004 0.010000000000000004 0.010000000000000004 0.010000000000000004 0.010000000000000004 0.010000000000000004 0.010000000000000004 0.010000000000000004 0.010000000000000004 0.010000000000000004 0.010000000000000004 0.010000000000000004 0.010000000000000004 0.010000000000000004 0.010000000000000004 0.010000000000000004 0.010000000000000004 0.010000000000000004 0.010000000000000004 0.010000000000000004 0.010000000000000004 0.010000000000000004 0.010000000000000004 0.010000000000000004 0.010000000000000004 0.010000000000000004 0.010000000000000004 0.010000000000000004 0.010000000000000004 0.010000000000000004 0.010000000000000004 0.010000000000000004 0.010000000000000004 0.010000000000000004 0.010000000000000004 0.010000000000000004 0.010000000000000004 0.010000000000000004 0.010000000000000004 0.010000000000000004 0.010000000000000004 0.010000000000000004 0.010000000000000004 0.010000000000000004 0.010000000000000004 0.010000000000000004 0.010000000000000004 0.010000000000000004 0.010000000000000004 0.010000000000000004 0.010000000000000004 0.010000000000000004 0.010000000000000004 0.010000000000000004 0.010000000000000004 0.010000000000000004 0.010000000000000004 0.010000000000000004 0.010000000000000004 0.010000000000000004 0.010000000000000004 0.010000000000000004 0.010000000000000004 0.010000000000000004 0.010000000000000004 0.010000000000000004 0.010000000000000004 0.010000000000000004 0.010000000000000004 0.010000000000000004 0.010000000000000004 0.010000000000000004 0.010000000000000004 0.010000000000000004 0.010000000000000004 0.010000000000000004 0.010000000000000004 0.010000000000000004 0.010000000000000004 0.010000000000000004 0.010000000000000004 0.010000000000000004 0.010000000000000004 0.010000000000000004 0.010000000000000004 0.010000000000000004 0.010000000000000004 0.010000000000000004 0.010000000000000004 0.010000000000000004 0.010000000000000004 0.010000000000000004 0.010000000000000004 0.010000000000000004 0.010000000000000004 0.010000000000000004 0.010000000000000004
-----
100
8969
0.2
-4.349286156623523 -2.8864928741269984 -3.9067807943000186
-5.570410308901658 -4.3304820735425364 -4.118048770163469
-4.75620359547875 -3.510303279739619 -4.139188688830056
-3.200495131248651 -2.642934293636361 -3.061871342067386
-5.275584271721621 -4.195296211293213 -4.056037772734501
-3.7634144439046633 -2.7670082292331735 -3.458787612028528
-3.4245215597642495 -3.744890779503013 -2.6903616976314417
-3.3123589175261703 -2.9988773330856566 -2.968014965868034
-3.495001566799533 -2.7554147445849884 -3.011515838028071
-4.937479462521434 -2.7995661524190267 -4.116765954378053
-4.900543023940831 -4.036023523235189 -4.0590815047603375
-3.2298607449102197 -2.842124107969308 -2.9812178753867187
-4.5176307640505495 -3.0309900427132446 -4.163033161007284
-4.982538349357984 -4.075594129876038 -4.010866053345319
-3.1409194203812745 -2.2647526848681347 -3.3133278324733983
-3.3610863628931624 -2.6772014457886493 -3.0109136801402547
-4.715970986312854 -2.623581657932813 -4.096987221223576
-3.347768055080954 -3.0123342673767004 -3.002735438151031
-2.6377080249438465 -2.5705190641103552 -2.7495799099705245
-4.617418288425806 -3.70497051243395 -3.785070327638639
-3.5101603971057598 -3.8783836093048456 -2.6139817833909276
-3.588110362840901 -2.4421927949904068 -3.773243088115372
-4.278505848184767 -3.019436528501675 -3.6952379472907046
-3.776284255503459 -3.4582438466979633 -2.8060415640525265
-3.6225536496731037 -2.720426942459968 -3.335770638924215
-5.006576628534379 -3.72683152934644 -4.1388470052375785
-4.885306385732798 -3.588241592131001 -4.132686598227749
-4.5194933751256094 -2.9427406854087237 -3.9237829328747713
-3.4992377363903007 -2.159904524632879 -3.5774401117226313
-3.181192973381464 -2.743155679567106 -2.952333813927191
-5.203418852498478 -3.2543664190727806 -4.156252949102975
-4.621724525521282 -3.04865514757143 -3.8347391658285717
-4.336527184305234 -2.93650431462251 -3.508686558417338
-3.816545838043741 -2.523073969270671 -3.596986867870663
-4.088261671699803 -2.65705644964204 -3.9484733176180824
-3.5098674382301445 -2.6040717686599826 -3.2608627605009217
-2.571305188257541 -2.5699137887962142 -2.7077298226070674
-4.89912248241414 -4.088822858510363 -3.9824348543923813
-3.1947262550240527 -3.0212436105363745 -2.7556659047378456
-4.325561688190359 -3.220916862094418 -4.0704011188827
-3.573772220188194 -2.763067198402661 -3.2408066275324985
-3.566441488231739 -2.732865268976739 -3.2498904999825022
-4.921195824240918 -3.7758442034797293 -4.179226149846
-4.231703558489673 -3.625427213046221 -3.3765742822081077
-4.676323722514521 -2.9448635897442426 -3.9955548132218937
-4.0933511353343155 -2.335588423429234 -3.7198409169883755
-5.009600060996094 -2.892871634261971 -4.416564818836001
-3.256069929811388 -3.3587377255338833 -2.5526035257667266
-2.5625794375707276 -2.4221138225120558 -2.7129658848407012
-5.4094547945336116 -4.099866338292926 -4.236544199566149
-3.1368564455609627 -2.8459057944752697 -2.9453520956229857
-4.834045636152217 -2.7394802079388545 -4.251012725381819
-4.3820599636538695 -3.0796769832676887 -3.5319215183017585
-3.392384074576166 -2.6481932786621236 -3.246898459383967
-3.6125824084282674 -3.267418477890667 -3.130938497377854
-4.587387669994174 -2.825199163473997 -4.109269202889891
-3.8525641380752527 -2.3903426433901727 -3.690603921590656
-4.796971450682789 -3.207262751043628 -3.8783878544064723
-3.6499211554395488 -2.776403383801407 -3.4459291201899753
-4.445462917740179 -2.8071540529080545 -3.821737358054035
-2.665553434876998 -2.275241409395878 -2.819143405602974
-3.857927634680327 -2.7852588812213863 -3.4893716038634404
-5.153016373670761 -3.5950748435648836 -4.22519370139845
-3.3339189424598907 -2.0633957409230903 -3.6916416708674955
-3.3902886200996187 -1.8422329922674598 -3.869293756572107
-3.199968943709327 -3.066876369321669 -2.742639127953657
-4.667869246476842 -4.1358930880006834 -3.6935811320635805
-3.0028200262087594 -3.0162982632586934 -2.6910833829264433
-3.5307557623489387 -2.7208616846745346 -3.0721729242036595
-4.850920643758905 -3.295646735462799 -4.003959133793799
-4.4057801132414465 -2.8084410854403368 -3.9448659996675133
-3.613036055452178 -2.6247344640874255 -3.4474160909314335
-4.411308806072877 -2.718274423429724 -4.178200913317904
-4.305962533371756 -3.176127042202701 -3.860085183163841
-4.758894503764035 -3.087914115475696 -3.782802557883834
-4.399683299534195 -3.132591655328555 -3.626688931613641
-4.217054277281339 -2.9233058206729545 -3.963542704684284
-4.141167884015141 -3.084529850111415 -3.6729600403531117
-3.0211185592130922 -2.0998422710492246 -3.4459408669431424
-4.422598635106759 -2.7670987704518053 -3.8457492886714606
-4.1699719153862596 -2.9411698890403346 -3.6891716139529427
-3.6715351795414115 -2.8023051619815758 -3.4645077749396833
-4.050891728497086 -2.8139031540150525 -3.501997753143672
-3.3543815665825805 -2.6118185245601695 -3.2770533806422684
-5.443669166484463 -3.766722837393857 -4.386422437062148
-4.139641986058793 -3.0036048129711332 -3.4487033021310713
-3.318770948502376 -3.2737178760962116 -2.5473435883309463
-4.021431717034985 -3.218834766159303 -3.6137874574923674
-3.054281263539404 -3.086422400045034 -2.68937049486593
-2.992050211697875 -2.706686490158895 -2.8655824759528263
-3.465597666329004 -2.3865932000015224 -3.7614015115712878
-4.623671684939407 -3.811628696514926 -3.8636609829974105
-3.372038717519665 -2.1429444305772423 -3.6227723849068107
-3.288449384244532 -2.378348046156673 -3.346112934382898
-4.268443231619785 -3.3626117875386425 -4.01374607932572
-3.5429720775924887 -2.8126013855197423 -3.3788030966672857
-4.174116780537252 -2.667876966161953 -3.7872263225000906
-3.564964341469761 -3.0174053977621047 -2.9799177220816646
-3.976627347940318 -2.764177139582623 -3.7553952780372093
-4.999212783452673 -3.6499766475350786 -4.173104730006271
0.1898305084745763 0.15254237288135591 0.12203389830508476 0.12203389830508476 0.14237288135593223 0.16271186440677968 0.17966101694915254 0.17966101694915254 0.15593220338983052 0.18983050847457628 0.1322033898305085 0.11525423728813566 0.12542372881355934 0.17627118644067796 0.17288135593220344 0.1694915254237288 0.18983050847457628 0.1389830508474576 0.14237288135593218 0.18644067796610167 0.17966101694915249 0.10169491525423724 0.18305084745762715 0.13898305084745766 0.1457627118644068 0.1491525423728814 0.1728813559322034 0.11186440677966103 0.13559322033898302 0.07796610169491525 0.12542372881355934 0.11186440677966103 0.12203389830508482 0.12881355932203387 0.19322033898305083 0.12203389830508476 0.17288135593220338 0.18305084745762715 0.09152542372881353 0.1559322033898305 0.1830508474576271 0.11525423728813555 0.15254237288135597 0.1796610169491526 0.15932203389830507 0.1593220338983051 0.19661016949152543 0.19999999999999996 0.19322033898305088 0.17288135593220338 0.1559322033898306 0.12542372881355934 0.17288135593220344 0.1932203389830509 0.14237288135593218 0.18983050847457628 0.1932203389830509 0.15932203389830513 0.12881355932203387 0.19661016949152543 0.19999999999999996 0.14915254237288134 0.18983050847457628 0.17966101694915249 0.19999999999999996 0.12881355932203392 0.176271186440678 0.16610169491525426 0.176271186440678 0.17627118644067796 0.13898305084745763 0.15254237288135586 0.13898305084745766 0.16610169491525426 0.15254237288135597 0.18983050847457628 0.08135593220338988 0.12203389830508482 0.19661016949152543 0.1457627118644068 0.17288135593220344 0.1559322033898305 0.1593220338983051 0.08135593220338977 0.19661016949152543 0.12881355932203387 0.19999999999999996 0.15932203389830513 0.18644067796610167 0.1457627118644068 0.17627118644067796 0.15932203389830513 0.1593220338983051 0.14576271186440679 0.14237288135593223 0.15254237288135597 0.18305084745762712 0.1457627118644068 0.16610169491525423 0.09830508474576272
0.00912338325867022 0.012776100942418248 0.009717555342971843 0.009765941546640124 0.011396144129355107 0.008867143393930481 0.01219164135066307 0.00972288230891948 0.009577249314325267 0.010522265756146192 0.010462534791680462 0.009774792850486476 0.009745002848769443 0.010526775956662357 0.010284197375615098 0.009713324699601004 0.010519590462181923 0.009602264523227742 0.011752472817872324 0.00920469838152858 0.01317348846412776 0.009813939157601545 0.008723810463145912 0.010581798490413834 0.009019929976937116 0.010154744490332736 0.009857513845635628 0.009191068434367304 0.010369167787690587 0.009952552174558156 0.010470415636799738 0.009053098488781424 0.008851863620309746 0.00926047558876665 0.009529851825047777 0.009284516167115323 0.012117092703538359 0.010444505975233675 0.01060284016173644 0.009324848951329701 0.009091276830052302 0.00911202133974579 0.01027122834195132 0.009161087554787693 0.009485953155251615 0.009932365323436044 0.01183778322337492 0.012113903714623286 0.012355018811778156 0.011956380204626447 0.009976056847918453 0.010988904444769637 0.008766845473438175 0.009314752294362285 0.009271529332263143 0.009895983941453388 0.009660718363781028 0.009196340981850813 0.008908038011038854 0.009172502670289656 0.012001295706625907 0.008824520835343505 0.010542161240038117 0.011093547415507285 0.01266987076611292 0.010682182626351752 0.010244949982203598 0.011155905219745658 0.009448880890107992 0.009420190771606522 0.009341144479022014 0.009104306621385252 0.01024431058245597 0.00884171798196885 0.009158369724045346 0.008719877321652825 0.009181510080715521 0.008656897684307687 0.01105348635463189 0.00925144634313114 0.008743827698406398 0.008873463708273067 0.008810113584043206 0.009368194708374088 0.012113791465754895 0.008716488088482643 0.011937377581380339 0.008657135751716174 0.011140848674409239 0.010479876079921948 0.010056723718975109 0.009463551038746146 0.010605248075426083 0.009816892240517166 0.009225421186547442 0.008964222974515473 0.00920189981035049 0.009536635386930534 0.00899230019861021 0.010167240085731452
-----
100
42138
0.1
-3.203801345951722 -2.7030688385975004 -2.932081302615785
-4.548127978960524 -2.688949243854188 -3.887970730398843
-3.7456616013157955 -2.99112405334157 -3.4084887688238386
-4.234510983756312 -3.0224476765768227 -3.737979479610344
-3.206947601435929 -2.7097791141496272 -3.0075539993759772
-4.3511315524469065 -3.188668586042304 -3.9469352012066823
-3.5287735823491153 -2.419561993037303 -3.415640199524978
-3.36022194476381 -2.7088545460883986 -3.2144392740973515
-3.621139711337364 -3.0112266670630925 -2.947883224233789
-3.8770132619429933 -3.2474700078251453 -3.4202476179315435
-3.8472053669446407 -2.5861166611588664 -3.650757392333482
-3.941436400677133 -2.623927334758466 -3.692830371367869
-3.2955440271110703 -2.657051396595857 -3.144768505372841
-3.4153223782836966 -2.870852943838486 -3.0828753061111245
-3.571282301759001 -2.5031340569651315 -3.628875616683656
-4.785255676258052 -2.942601153987579 -4.0778028470944525
-3.8583329268543705 -2.604327306942692 -3.5170709618367395
-3.9357620411799807 -2.7657463264194617 -3.769202348430606
-3.399763642652526 -2.9386182842720827 -3.1870126575566764
-3.2376332845036573 -2.9836151309869714 -2.9370130863780717
-4.161040823901852 -2.8390491894947396 -3.6159936498729803
-3.662499522402654 -2.861951885508813 -3.317076660844853
-4.678084981517743 -3.323648350519727 -4.0199300799177875
-3.364219731175653 -2.742272474222375 -3.023744660388046
-3.43951080981586 -3.3336204536821223 -2.8581521114096358
-3.4635170878021366 -2.9440687118348503 -3.061884626430167
-3.7769061203885568 -2.6259655172348806 -3.4774680982202515
-4.648589013025201 -3.47743838971912 -3.9184524415827995
-3.492747340493 -2.809838531636851 -3.1785171965961383
-3.925246250182811 -2.7565734907395694 -3.680382960569229
-3.1014356483870222 -2.5806683072481427 -3.032497273939938
-3.238790831316319 -2.9971352662851753 -2.7840673251778747
-5.705421163266441 -4.536578067065177 -3.87118803643971
-4.210142276178969 -2.5308229538526223 -3.827445854757828
-4.403181611528958 -3.390410739605822 -3.5137156169559454
-3.2379169168494752 -2.651592851128179 -3.0483159618347315
-3.616739411297022 -3.4694303393431016 -2.899293026580264
-3.9998744653537215 -3.155093164006185 -3.0328588837454973
-4.957668556678551 -3.6486671633201015 -3.781007815337969
-3.2421801324697013 -2.8902749541925403 -2.8896451890767447
-4.0388900175819185 -2.9330124214113544 -3.824297697871779
-5.481141491356836 -4.080627891070448 -4.203483239014294
-3.2322061636016515 -2.653289133396678 -2.8964325032427425
-3.145306862938024 -2.3462495832115082 -3.4248395838766883
-3.591266258675672 -2.8371463309969767 -3.2548875930286525
-3.057596641809081 -3.026194630714996 -2.706759865245778
-5.463676158572812 -2.603720175711082 -4.270006337679605
-5.220707277132361 -3.805654977159211 -4.2389337312456945
-3.925272900798692 -2.7452282337728375 -3.368766678222357
-3.4255149326017698 -2.590399097071825 -3.3945947134742274
-4.811260271525026 -3.9431152483301637 -3.843239024036669
-3.315389136157498 -2.3558900369058606 -3.3063222400976384
-4.496774213722038 -3.7027619477704 -3.5067484988733058
-5.289490118788348 -4.010630581244816 -4.15510561932651
-3.726373558459314 -2.784759111842993 -3.428825882951233
-3.2600060720213784 -2.6682538179513364 -3.0633464797409786
-3.5857148814372164 -2.7915315667529694 -3.3488968583811105
-3.488649913898356 -2.6332365384295633 -3.168976323398237
-3.896253947987082 -2.671274803060712 -3.551554744742512
-4.279505884828311 -2.813896801018807 -3.8665307202058634
-3.4264367192136036 -2.5498451877754937 -3.1931633471527974
-3.90829204762369 -2.882546492870527 -3.576988747572142
-3.7798782727243654 -3.036007849413179 -3.14944794539621
-4.502070302394382 -3.0920616398924032 -4.005406517328879
-4.155113138893085 -3.3159480869349296 -3.587243974945095
-3.4890810099301737 -2.90533949196319 -3.0059697191957957
-3.7079242602968563 -2.6540743021630546 -3.320698334971827
-3.8369362127097277 -2.900378649209897 -3.5131351470752468
-3.817990943307282 -2.5645093162436297 -3.4402261582603244
-4.053830747148839 -3.115060426270536 -3.615859022078066
-3.1915561345754484 -2.845369419002572 -2.7877861645646522
-3.661631400452908 -2.7632929679162452 -3.7164752305493876
-4.195376809965081 -2.819766532302455 -3.5875181226833837
-3.3174192829925624 -2.5034755682716634 -3.1620216220194015
-3.4991620726721355 -2.5455213088409456 -3.411794884852302
-3.916722126385061 -2.7275590209888265 -3.462499113184833
-4.262916874535768 -2.760796103061436 -3.819651203224479
-3.9342866428968515 -2.853524576785757 -3.632216663792266
-4.159668066293264 -2.710433591651237 -3.4436106442845125
-3.6350523467697875 -2.6633590137058873 -3.3453743504456592
-4.820523205177735 -2.638132582792358 -3.7419376527464334
-4.233783839364945 -2.634289751381296 -3.981971109438185
-3.2305894470890926 -2.6801920489548303 -3.129053564091512
-4.20121669323825 -2.9815067987510155 -3.766875977846758
-3.9692925116914224 -2.665531937235602 -3.832064782209809
-4.677689982090163 -3.1118145338849166 -3.940925983903364
-3.8445350976301547 -2.5826638291656874 -3.4980429740705596
-3.964571643395651 -2.8319769509587096 -3.6433048520806386
-4.360822049724613 -3.173731105845058 -3.6780150717418927
-4.0570249637402265 -3.4028547958979103 -3.5669187116786882
-3.8073667495842325 -2.6460667778909355 -3.503563474040424
-3.9385506606673797 -2.888345929166868 -3.6169647346812286
-3.264449540188809 -2.9880676888573263 -2.7635747615791777
-3.8714890947474028 -2.93498891808005 -3.488312575222926
-3.4195234870783384 -2.379477463655188 -3.305274788145984
-3.397134189928055 -2.745273511164129 -3.0286078050699823
-3.2595928844142223 -2.7892977727984545 -3.0439544361295914
-3.7697957529548156 -2.3776852522617045 -3.7997362008453996
-3.780535526796514 -3.0929945967314345 -3.2891053812832025
-3.7166559553776284 -2.4663759560750873 -3.7659520290253035
0.08135593220338988 0.09830508474576272 0.07118644067796609 0.07118644067796609 0.08135593220338988 0.09830508474576272 0.08813559322033904 0.08813559322033904 0.09830508474576272 0.08135593220338982 0.08813559322033898 0.05762711864406779 0.05084745762711862 0.0949152542372882 0.07118644067796609 0.09152542372881356 0.07457627118644067 0.09152542372881356 0.061016949152542375 0.07457627118644072 0.0711864406779661 0.05423728813559325 0.0847457627118644 0.0949152542372882 0.06440677966101704 0.07457627118644067 0.08135593220338982 0.09152542372881356 0.06440677966101696 0.09152542372881356 0.09491525423728808 0.08813559322033898 0.07796610169491525 0.09830508474576272 0.0983050847457627 0.07796610169491525 0.0949152542372882 0.07796610169491527 0.057627118644067776 0.09830508474576272 0.07796610169491525 0.08813559322033904 0.0847457627118644 0.09491525423728811 0.08474576271186451 0.09830508474576272 0.0949152542372882 0.09830508474576272 0.09491525423728817 0.09830508474576272 0.044067796610169574 0.09152542372881356 0.09152542372881359 0.09830508474576272 0.07457627118644072 0.09152542372881362 0.06101694915254241 0.08135593220338988 0.08474576271186443 0.06440677966101699 0.06779661016949157 0.07796610169491525 0.07118644067796609 0.09152542372881356 0.08813559322033904 0.08135593220338988 0.05423728813559325 0.09152542372881356 0.09491525423728814 0.06101694915254241 0.08813559322033893 0.06779661016949157 0.0949152542372882 0.07796610169491536 0.07118644067796609 0.08813559322033904 0.06779661016949157 0.05423728813559325 0.0847457627118644 0.0949152542372882 0.0711864406779662 0.08813559322033904 0.08135593220338982 0.08135593220338982 0.0847457627118644 0.08813559322033893 0.07118644067796609 0.09491525423728814 0.06101694915254241 0.08813559322033898 0.09152542372881356 0.08135593220338982 0.0949152542372882 0.061016949152542375 0.0983050847457627 0.0949152542372882 0.08813559322033904 0.0847457627118644 0.09152542372881356 0.08813559322033904
0.01064442078249639 0.009404652948827604 0.008329676684243153 0.00818560514395807 0.010231371477520125 0.008790556541450138 0.009536662806343342 0.009156883611426662 0.010057666599200437 0.008947907733752288 0.008639283028930918 0.008545218937912932 0.009572171971651867 0.009375541218762329 0.009261598820940164 0.009940066921168035 0.008491609278769676 0.008372464031618367 0.009158221819052858 0.010627261043140105 0.008126834200998414 0.008417588172884813 0.00955598024120278 0.009742633431398895 0.01250411605412298 0.009460427377384468 0.00846020067467517 0.0098228918316182 0.008924252323391385 0.008227881730103023 0.010787947789295375 0.011718493738264276 0.03476786863131199 0.009335751195707998 0.009541982058363525 0.010073415374563853 0.013230652122987685 0.010245526130115631 0.011575085531036502 0.01073411892110846 0.008313322281689843 0.019151592821738544 0.010898464030999257 0.01113290891622572 0.008607175221279155 0.01316659039386831 0.01951777509450001 0.014477486627942068 0.00834579200892369 0.00904451920010035 0.013610239495681563 0.010454632123226386 0.011914613273764276 0.01643997087134323 0.00824636193172142 0.009917958962322969 0.008466737688682427 0.00919176840018418 0.008305353890879004 0.008531261448729012 0.009464044268009434 0.008060754053142034 0.009057761569499962 0.00894705306119592 0.008889061922756169 0.009638493177663361 0.008592958267392805 0.008104076208538757 0.008665922472765344 0.008257117130349254 0.011592073569375146 0.008626522633711844 0.008190796073672865 0.009954001814520382 0.009031372012986816 0.00823190700173162 0.008521468894364113 0.008081031554715543 0.008515185746029984 0.0085790297301715 0.01063000812532628 0.00943609101223175 0.00975383411663034 0.008183520661266024 0.008742987500939292 0.00907913176561404 0.008567066899941774 0.008090363790160445 0.00847195779219078 0.009385006782623467 0.008388857917811767 0.008061626354564696 0.01180827579753444 0.008112826714839181 0.010059922284638714 0.009660741608008798 0.009856699882709567 0.010151423315636418 0.008735991471700448 0.009566021427536655
