3
100 100 100
9890 9973 59676
0.4 0.2 0.1
-----
100
9890
0.4
-4.247872695952124 -3.9736405162786554 -3.221330596294962
-4.438519085496674 -3.3055065985020904 -4.231202836228189
-2.971778870918264 -4.3216755264679545 -2.9126972782745186
-4.392137768367353 -4.602331470724831 -3.055924122782406
-2.575019627219647 -2.5798075065315134 -3.0740557074742667
-4.137547679656551 -3.8678796110151272 -3.5053438223059823
-3.9324602838368543 -3.314157820195937 -3.420424819764693
-3.1775499652143258 -3.6803033626505277 -3.082920315126138
-4.744262925235991 -4.3173857718036555 -3.2071859097059403
-4.629356355388028 -3.488582382111345 -3.770853763629658
-4.896930725606485 -4.692732287688272 -3.914785088509562
-4.197634866432189 -3.6941361821428607 -3.498943026382136
-4.481825181221515 -3.429056820342601 -4.133341417615583
-4.596766642980451 -3.9115797993581083 -3.5057191813844137
-4.0943823114349165 -3.9081936208807884 -3.4167755824936545
-4.011430508245665 -4.3732295170198014 -2.989392976653902
-3.0833631913139543 -3.619148154222242 -2.928423633344652
-4.04553956078075 -3.952732091679384 -3.265082204578214
-3.1029180329476964 -2.719868074385237 -3.2080138196364656
-4.870065129116486 -4.55586444620254 -4.0939054617829225
-4.107402727342199 -4.5721773143887745 -3.1387460161255287
-4.43647539464099 -3.729357773629719 -3.4701510689762087
-2.426414924040897 -2.3595493171940705 -3.2288629181247956
-4.173307322079243 -2.6609664140168587 -4.1349811325264145
-3.1003326656217 -4.396670339248548 -2.9088238777482793
-5.874278575082638 -5.087074062690311 -3.7439058993373786
-2.689993811388395 -2.120895032269011 -3.4673730692987608
-4.312957000505827 -3.039352087653808 -4.350089629081704
-2.6953397700650914 -3.246231105738102 -3.0813848711889205
-3.7638296656441903 -2.258989580151459 -3.991229431567691
-3.8882599245936986 -2.7703176457949885 -3.941630399432064
-4.924668129053417 -4.053878661659525 -3.667724068167734
-4.586242137193173 -3.663477190711203 -4.085787225356931
-4.400830556353567 -2.5823607740320402 -4.588570775393922
-5.281985086009293 -4.4274103464067665 -4.191040699869923
-4.023875334261058 -3.2925387973289046 -4.050809341857156
-4.093597671238953 -3.445581502094622 -3.4349987750763775
-3.9247281949080257 -5.4140016228766665 -2.904553107415074
-2.46580440676881 -2.117950723405996 -3.448090987350895
-4.344836470487973 -4.856046640138195 -2.887870428566587
-3.5660051420470738 -1.9961706976066225 -4.211384382905473
-5.3019574455053275 -4.565829756707691 -4.005568419366739
-5.437992110471157 -4.085890723641196 -4.448533317287737
-3.8226701150269897 -2.5851292099831573 -4.103588745898607
-4.75636499212205 -4.395393549831083 -2.9501393505519244
-4.399198141110214 -4.0450019383794995 -3.453375584011026
-5.379174296239283 -5.621172955712774 -3.8779747114036396
-3.7842633495567912 -3.707465945605718 -3.1338003995447945
-3.5797165257115973 -3.893862849226863 -2.972270573163932
-5.196738379766903 -4.072510001127723 -4.127069396481065
-3.799625955428324 -2.1889212255862587 -4.324212672191347
-2.7120451984116065 -2.682470933099689 -3.266763388043051
-5.547362242168514 -4.092252427447792 -4.5652552559710795
-4.617221428238409 -3.0189883365960206 -4.411136466997968
-4.182185700031658 -3.4854660002766984 -3.935124137920404
-4.482180846033897 -4.337539509770619 -3.7824444277794624
-4.110865261183143 -3.070750764248363 -3.9226685177741007
-4.0889080890106335 -4.191092475380088 -3.4114850798904155
-3.464562755241662 -4.09353276984047 -2.9449595492928142
-2.8052079679109725 -2.563831645331907 -3.2430748191581915
-4.785540349286251 -4.223959591092922 -4.199040619353243
-3.0123940422858406 -2.8502292089013714 -3.233058055193443
-3.591853923395132 -3.696991213432122 -2.9428324753728785
-3.697367265790407 -2.8304384218426235 -3.652579124107443
-4.356480964167975 -4.485431265040821 -3.3134859768985847
-3.257398444352413 -3.4206407152304354 -2.975497605063702
-5.607503160932952 -4.295040878055945 -4.270835393542038
-4.27279318917352 -2.9931460117939297 -3.9827998798226703
-4.49225716150159 -2.9910379570407355 -4.483899447305459
-3.015904417622953 -2.827472736179925 -3.3246389828645633
-5.254284073634938 -4.602681753981285 -3.2928350350423456
-3.285458100702848 -4.539524633996166 -2.896487923534779
-2.5184318484787833 -2.463982478597165 -3.1130571931084887
-3.7015853574796425 -3.4524241577508006 -3.1349205559402384
-4.533649526817408 -4.0987075073142245 -3.6993628566875345
-3.7036594212787786 -3.024032956082692 -3.688809706690493
-3.1103628934858705 -2.0281080531334 -3.893311932176821
-3.532115368603525 -2.0125982204221957 -4.448531159258149
-3.9180195766394177 -2.8004802216084954 -4.020070635230873
-4.247805978540742 -2.621991908411397 -4.434515481237985
-4.769314246996247 -3.36965400183629 -4.452729624523185
-3.7020370287169007 -4.593685604205252 -2.9669527968341356
-2.963635259342291 -3.466705854223534 -2.9466512433588035
-3.3686402168998018 -2.9100700092848726 -3.4052338932964688
-4.8907598184261705 -5.743908661780342 -2.928821828549613
-3.931788408922317 -4.228747469809511 -3.0192074873799113
-3.4560566985781636 -2.548531721637567 -3.5979771013178077
-3.2449925085221656 -2.888513481709158 -3.0814889163469763
-5.263297262466654 -4.624243628305299 -3.939418609737041
-4.348146852301416 -3.0396992085055317 -4.337297029009895
-2.9790864149547422 -3.1254735599675487 -2.9506619899456434
-5.557553232341686 -5.781996100755602 -3.419446224798404
-2.9068969905396367 -2.6414309226074675 -3.249084766566593
-4.44020012775555 -3.2635042111674304 -3.804612969848228
-5.752354501292032 -4.842091799874172 -4.198515475029377
-3.6017155799572773 -3.998142394309443 -3.2639181116338776
-5.644127369086883 -4.885266365929526 -4.125809441377101
-3.4361106389543834 -3.3920768682457028 -3.1439124474620033
-2.087125294954319 -2.1185197539109555 -3.1158198596576816
-4.265359919834964 -2.745448618047191 -4.15892313460179
0.16610169491525417 0.26101694915254237 0.36610169491525424 0.39661016949152544 0.30508474576271194 0.24067796610169495 0.0949152542372882 0.3728813559322034 0.3864406779661017 0.32881355932203393 0.3050847457627119 0.11186440677966103 0.17288135593220344 0.1694915254237288 0.3864406779661017 0.2949152542372881 0.34237288135593225 0.18644067796610175 0.3254237288135593 0.30847457627118646 0.23389830508474585 0.16271186440677965 0.38644067796610165 0.1830508474576271 0.36610169491525424 0.3694915254237289 0.30847457627118646 0.3288135593220339 0.34237288135593225 0.2983050847457628 0.38983050847457623 0.37627118644067803 0.2915254237288135 0.39322033898305087 0.19322033898305085 0.1694915254237288 0.30847457627118646 0.3627118644067797 0.3966101694915254 0.3830508474576271 0.3016949152542373 0.2677966101694915 0.18305084745762712 0.3559322033898305 0.36610169491525424 0.2406779661016949 0.31864406779661014 0.1322033898305084 0.311864406779661 0.08813559322033898 0.31864406779661025 0.3423728813559322 0.2305084745762712 0.3389830508474576 0.20677966101694917 0.31864406779661014 0.3593220338983051 0.376271186440678 0.3389830508474577 0.32881355932203393 0.22372881355932206 0.2508474576271187 0.3254237288135594 0.24406779661016953 0.23389830508474585 0.3627118644067797 0.3728813559322034 0.24406779661016942 0.23728813559322035 0.2677966101694915 0.39999999999999997 0.37966101694915255 0.34576271186440677 0.30508474576271194 0.2169491525423729 0.311864406779661 0.3830508474576272 0.38305084745762713 0.1932203389830508 0.3423728813559322 0.23389830508474585 0.3016949152542373 0.32881355932203393 0.12542372881355934 0.3627118644067797 0.3288135593220339 0.288135593220339 0.37966101694915255 0.2542372881355932 0.2169491525423729 0.34237288135593225 0.3593220338983051 0.24406779661016953 0.32881355932203393 0.20338983050847456 0.39661016949152544 0.2542372881355932 0.19999999999999996 0.3355932203389831 0.22372881355932203
0.010000000000000004 0.010000000000000004 0.010000000000000004 0.010000000000000004 0.010000000000000004 0.010000000000000004 0.010000000000000004 0.010000000000000004 0.010000000000000004 0.010000000000000004 0.010000000000000004 0.010000000000000004 0.010000000000000004 0.010000000000000004 0.010000000000000004 0.010000000000000004 0.010000000000000004 0.010000000000000004 0.010000000000000004 0.010000000000000004 0.010000000000000004 0.010000000000000004 0.010000000000000004 0.010000000000000004 0.010000000000000004 0.010000000000000004 0.010000000000000004 0.010000000000000004 0.010000000000000004 0.010000000000000004 0.010000000000000004 0.010000000000000004 0.010000000000000004 0.010000000000000004 0.010000000000000004 0.010000000000000004 0.010000000000000004 0.010000000000000004 0.010000000000000004 0.010000000000000004 0.010000000000000004 0.010000000000000004 0.010000000000000004 0.010000000000000004 0.010000000000000004 0.010000000000000004 0.010000000000000004 0.010000000000000004 0.010000000000000004 0.010000000000000004 0.010000000000000004 0.010000000000000004 0.010000000000000004 0.010000000000000004 0.010000000000000004 0.010000000000000004 0.010000000000000004 0.010000000000000004 0.010000000000000004 0.010000000000000004 0.010000000000000004 0.010000000000000004 0.010000000000000004 0.010000000000000004 0.010000000000000004 0.010000000000000004 0.010000000000000004 0.010000000000000004 0.010000000000000004 0.010000000000000004 0.010000000000000004 0.010000000000000004 0.010000000000000004 0.010000000000000004 0.010000000000000004 0.010000000000000004 0.010000000000000004 0.010000000000000004 0.010000000000000004 0.010000000000000004 0.010000000000000004 0.010000000000000004 0.010000000000000004 0.010000000000000004 0.010000000000000004 0.010000000000000004 0.010000000000000004 0.010000000000000004 0.010000000000000004 0.010000000000000004 0.010000000000000004 0.010000000000000004 0.010000000000000004 0.010000000000000004 0.010000000000000004 0.010000000000000004 0.010000000000000004 0.010000000000000004 0.010000000000000004 0.010000000000000004
-----
100
9973
0.2
-4.199632047759106 -3.316924922275841 -3.6892658652160923
-4.9830732495983385 -4.068025499766341 -3.8660253787152903
-5.784527206435697 -5.125524778657245 -4.169763882731122
-4.25664049964261 -3.4032449913838287 -3.7502346203967303
-4.596192733207672 -3.70963304877117 -3.718585545547809
-2.9945275988584803 -2.8519606081325253 -3.41778468840077
-4.380218643336071 -3.324070666653507 -4.189452529960304
-4.702504238843207 -3.80048020404516 -4.0461596725264
-5.446341841601621 -4.30440497194799 -4.394635330176194
-3.6192414517307063 -3.2125589299528867 -3.2263093704479404
-4.581489787037655 -4.17512667866155 -3.1165199158424173
-4.450948696022335 -3.7309401372947018 -3.981279208023352
-4.055308590259135 -3.3646208772843216 -3.8906643001277597
-3.685320184537654 -3.0351383721850405 -3.607496110210589
-3.7046232535072314 -3.2374317948745976 -3.4300964728780805
-3.4867063389202477 -3.6093461458650826 -3.0980112789228627
-3.2503016658339 -2.7718041278187613 -3.4619276339156513
-3.387752350290566 -2.7200521688697052 -3.6357251441378655
-4.7127351969801135 -3.271183899966179 -3.9894352899104226
-5.214268091569831 -4.383450864697637 -4.224858058198278
-4.341316558284508 -3.980875047280918 -3.407009708540602
-5.77389671719641 -5.259410933208319 -4.105052636602895
-5.146970555548644 -4.045755399207832 -4.126718927350114
-3.3834381778500098 -2.8534325220918904 -3.429462552417091
-3.4963552004348273 -2.938258183714211 -3.6139830630989143
-3.7509454874530017 -3.743477851670801 -3.1840315350884887
-3.3659055758886693 -3.507425249098638 -3.132963174685067
-4.886657075696272 -3.843859367104899 -3.933836499609144
-3.791365374657577 -3.3065442571243353 -3.3137260033760616
-5.410258032881694 -4.379385947482777 -4.285820384862455
-4.239617982399004 -3.3452826828142626 -3.5705991931180687
-4.336292872506588 -3.611806358725371 -3.888144282684167
-4.647301267678377 -3.8333857862687166 -3.7603905035858514
-3.970060908615295 -2.917486937507766 -3.8899224425885364
-5.0968423122682704 -4.159201364064043 -4.3131085381124326
-3.124320177298985 -2.766287853849838 -3.3019026500890036
-3.620138010365967 -3.591971409628747 -3.2180581662842127
-5.062367944095013 -3.799143704244998 -4.3672856932989115
-5.058749022216527 -3.7032992829630733 -4.4344327192108395
-4.432548086321271 -3.158540044118747 -3.97579662162851
-3.799163916704736 -3.5282087338459056 -3.12278938330819
-3.734484282002219 -3.1147437901604906 -3.8130266399403867
-3.428295753515751 -3.1086478473275605 -3.197473700789828
-5.506111239379164 -4.795286291127101 -4.174481255660553
-3.1638252480386617 -3.120407906602096 -3.2250228218407617
-4.237968399224592 -3.1386514944403756 -4.007697904148197
-3.828866140754158 -3.0426301238867777 -3.5081690690549503
-4.4219925691061315 -2.8659912408303576 -4.2114498775093185
-3.713627729708011 -3.084476116028761 -3.8394475293122134
-4.622914008436142 -3.248716094010822 -3.9577172940518146
-4.961437107021967 -3.7790718697312324 -4.1315216475580305
-4.0410248200779435 -3.8005706813692415 -3.2648399870865075
-3.3756525370719426 -3.8222331619706553 -3.1099766323449467
-4.016472094059634 -4.388513800896758 -3.103302778662354
-3.3516598612890025 -3.3760388394908754 -3.211233075969709
-2.9889153293079445 -2.63763438645534 -3.3427303470938985
-4.641815335652187 -3.7653395096486406 -4.2262406449643946
-4.213878294972911 -4.5488761000057325 -3.136208668978975
-3.7948629235092266 -3.3758909505973254 -3.646992540698185
-3.447301659013186 -3.694101450838618 -3.1366502563638035
-4.04609497405409 -3.855263955816498 -3.1134632809984257
-3.6712368148687347 -3.315487815967402 -3.394441210960819
-4.064001056865143 -2.4014610295153593 -4.1597440876838485
-3.6687028604728233 -3.395546718286446 -3.1402971705779947
-5.170155226426787 -4.088923249830872 -4.3078152323383
-5.591190519376928 -4.28627191199617 -4.464226540025395
-4.485898310049148 -3.762073544208345 -3.726062913044266
-5.210722793179311 -3.5814499473797112 -4.2756493450135915
-4.038363242495969 -2.5500763051943025 -4.1437503286298
-4.310701778422124 -3.3953207094883293 -3.847171759644487
-3.4469874724274976 -3.32402434594384 -3.314282757150764
-3.234634325410205 -3.0346575907465256 -3.2706720846409434
-3.8928553446744063 -3.398966461818283 -3.5842378594134163
-3.633458045653086 -3.1140254321935767 -3.624423491248222
-3.277315798464142 -2.7541549392689384 -3.382925658162033
-3.3264228934531115 -3.1939513285918397 -3.278128344669237
-5.49952442728485 -4.794589085208043 -4.233628398159732
-3.8041746163948043 -3.9526834529853687 -3.212533622544064
-4.176882502296312 -3.2929921227166234 -3.7206311022944707
-4.220864930526229 -3.54478673913951 -3.718013057184294
-5.889640744117179 -4.870224060186159 -4.288682392033727
-3.080150069101257 -3.1166187390999505 -3.1632928392559294
-3.661373752607366 -3.0085837614836617 -3.5766587939482672
-4.188127115982815 -3.318059037081487 -3.8545102688447286
-3.3444111080473764 -3.3770008003766145 -3.1143458965542847
-3.818518259847846 -3.170157236380322 -3.7984805708898817
-4.517979027038117 -3.4675487267899117 -4.27664362042249
-3.995910849653785 -4.253087368476345 -3.106921208090135
-3.2984164575787385 -2.8429592598327607 -3.553265277379842
-4.019699517945107 -4.28950037201839 -3.135834443400322
-4.863965997229133 -3.7452802680997443 -4.243966938512567
-4.241068204728486 -3.405203765942328 -3.9629191794217613
-4.071093717028199 -3.2123298891413876 -3.607213779917171
-3.8628823653031956 -3.8583769048585728 -3.2431013109083926
-4.040867035698703 -3.276312387125098 -3.60798785452486
-3.924539115928973 -3.182970456840705 -4.041168034447641
-3.4307381740254725 -3.371413796215041 -3.2281159071373042
-5.120096255121063 -4.294819223470137 -4.281976156713083
-3.9594546139789877 -3.8935434311236463 -3.5050680469894173
-3.884256933835939 -2.8581411703435373 -3.978764258268976
0.1932203389830509 0.12203389830508482 0.13898305084745766 0.11864406779661019 0.19999999999999996 0.13559322033898302 0.15932203389830507 0.17288135593220344 0.18983050847457628 0.18644067796610175 0.16271186440677965 0.16610169491525423 0.16610169491525423 0.09152542372881356 0.13220338983050847 0.17627118644067796 0.10508474576271187 0.17288135593220338 0.12203389830508475 0.10847457627118642 0.16949152542372883 0.15593220338983052 0.14915254237288134 0.12203389830508474 0.17627118644067796 0.13559322033898302 0.16949152542372886 0.1559322033898305 0.16610169491525428 0.14915254237288134 0.12881355932203387 0.1796610169491525 0.1593220338983051 0.14915254237288136 0.1694915254237288 0.15593220338983052 0.11864406779661008 0.18644067796610175 0.19661016949152543 0.10847457627118644 0.12203389830508471 0.17627118644067796 0.18644067796610164 0.16271186440677968 0.19661016949152543 0.1694915254237288 0.14237288135593218 0.19999999999999996 0.1694915254237288 0.13898305084745755 0.18983050847457628 0.17627118644067802 0.18983050847457625 0.19661016949152543 0.1966101694915255 0.1322033898305084 0.1322033898305085 0.17288135593220344 0.11864406779661017 0.11864406779661019 0.1830508474576271 0.19999999999999996 0.1322033898305085 0.14915254237288134 0.13898305084745763 0.18983050847457628 0.1694915254237288 0.1796610169491525 0.16271186440677962 0.1288135593220339 0.11864406779661019 0.12203389830508471 0.07796610169491525 0.18644067796610175 0.17966101694915254 0.16949152542372878 0.18983050847457628 0.1559322033898305 0.11864406779661019 0.1796610169491526 0.15254237288135591 0.16271186440677962 0.1423728813559322 0.17288135593220333 0.14915254237288134 0.17966101694915254 0.1322033898305085 0.18305084745762712 0.17966101694915254 0.18983050847457628 0.14915254237288134 0.11864406779661016 0.12881355932203387 0.18644067796610164 0.18644067796610173 0.18305084745762712 0.14915254237288134 0.18644067796610175 0.17288135593220344 0.1322033898305085
0.00830713730989356 0.009204538991603782 0.017006467902612614 0.008276232058915502 0.008334458373007742 0.011131639537018442 0.00981088703952275 0.009107611795967318 0.013823331764935604 0.009219756658500538 0.009878626700035037 0.008681783038871778 0.008601872798316494 0.008926472060517191 0.008643093542100577 0.009571932197450091 0.010420484950481273 0.01027514475388873 0.009445682476758628 0.011584550521620825 0.008318013214148655 0.017396592496648117 0.010425298806383545 0.009886453191501771 0.009433803340252065 0.008870387939483228 0.009699629324026073 0.009078277049293721 0.008697990332643244 0.012760313205499432 0.00829927415122665 0.008400846218891696 0.008404371915733117 0.009366866187179886 0.011555679797679937 0.01105294942135964 0.008910766436607782 0.011744809368411487 0.01242107360106906 0.009188809653377922 0.009138274850276192 0.009028750348740597 0.009765369920405557 0.013565870696756271 0.010294724697071753 0.009214937611493126 0.008808048197298744 0.010995529570796065 0.009179217147430948 0.009230562279086847 0.00993293125232738 0.008487980982006154 0.00986174026655865 0.009812331587078959 0.009526386817735365 0.011922269750552762 0.009938417582996902 0.010044398325196673 0.008385448986268532 0.009501721370147606 0.009078899323859045 0.008632328541755952 0.0125514392429894 0.009261715702883144 0.011652107532230113 0.015467943838449072 0.008202857162006609 0.011774153504623474 0.011681266028149959 0.008445722236604794 0.00910620233993224 0.01011150652736071 0.00824271181729272 0.00887451215015686 0.010486288425864874 0.00959344631156494 0.013981075520157708 0.008841107080697087 0.008352234674863051 0.008129859622338453 0.017535394699664034 0.0107962382943037 0.008998683772052637 0.008517548871777855 0.009902756437213072 0.008800022727597546 0.010284398189686931 0.00951678042999742 0.010090950158447277 0.009446101711984083 0.01034871054964577 0.008716825084969477 0.008410816287925015 0.008632525749122972 0.008316536479692407 0.009472297368802304 0.009306539579477998 0.011572481450929728 0.008187541751776224 0.009880650457492821
-----
100
59676
0.1
-3.7493318898444143 -3.41759663885819 -3.3080157089492332
-4.290345799053011 -3.50498684242123 -3.7837797420281953
-4.173871487999219 -3.096812243972707 -4.031980346536542
-5.152044387252406 -4.09661165307874 -4.315523085157382
-3.518795536529312 -3.054483285265221 -3.295363806139636
-4.76309760934288 -3.9980407808822624 -3.849319879492729
-3.8406626653742606 -3.0945108517241593 -3.717239821592812
-4.216958967642313 -3.436563524435642 -3.8403191220177066
-4.102789400782398 -3.6393304850628105 -3.597366136381659
-3.519415793433565 -3.106449143393695 -3.381870747869592
-5.58452826169286 -4.473754368739713 -4.3389474242293105
-3.7944251497305497 -3.199149801717557 -3.7638359459234816
-3.537632348722601 -3.205223770498659 -3.3471725977567495
-5.203035665301255 -4.323721810317981 -4.256433097647729
-4.811860721086102 -3.8369836798851678 -3.954672521746118
-4.210664605003359 -3.082897263328321 -3.755340845220348
-4.2748917158648565 -3.456325624489128 -3.8520275830006057
-3.582977379738883 -3.1378566661197755 -3.406262307322928
-3.348113848761076 -2.9449592434880585 -3.4727494712138505
-3.888880281799134 -3.3073278441834986 -3.622900076623562
-5.543302950962621 -4.470779988310849 -4.2871790594624315
-4.199828117454025 -3.4598012681635755 -3.8322847441799848
-3.956250994073567 -2.9763496851543083 -3.760855710109729
-3.6375993101901902 -3.2615493779229343 -3.3288241331698027
-3.374737323976309 -2.8151536693905443 -3.469343395839869
-3.821045317223087 -3.12963211687382 -3.434889146018789
-5.009024056771809 -3.995499475983283 -4.284896347863912
-4.664558066779229 -3.5859841379063893 -4.316824081420236
-4.161193824155441 -3.1304249452949513 -3.8379557919356575
-4.12601973716181 -3.1284787052062386 -3.8025325544954844
-5.535342664230644 -3.9809903631913386 -4.139211490908679
-4.258884316322623 -3.3643763114601755 -3.8363061526202693
-4.393685850518811 -2.854209891924579 -4.100304109397771
-4.092212412838099 -3.1265925730617847 -3.7800480415214333
-4.306818858105953 -3.2638186076311615 -3.672537122829629
-3.5981548229014595 -3.049822730685653 -3.596421329766554
-4.196467113540559 -3.0003974468669847 -4.079023592221994
-3.863429647027381 -3.0823549040739397 -3.74817724327087
-5.255663994869931 -3.590815914616806 -4.245336523544055
-4.115976564109147 -3.179374947970728 -3.7815795066500804
-4.444065966142612 -3.6868887023126464 -4.1751675147525456
-5.088854827343989 -3.9621615489315705 -4.192286960963126
-5.49668110794126 -4.593105117935227 -4.260501973373152
-3.9691152138265533 -3.4501333189266 -3.4559167665187296
-3.4697770488884476 -3.0612398152364237 -3.481330643294943
-4.766438379854701 -3.648620839771607 -4.337999697289172
-3.8660170205009434 -3.438259853716916 -3.3964242669976006
-3.9911943949824646 -3.050827321836996 -3.8539311744432108
-3.6025493470639294 -3.2537388858739384 -3.6054992826155146
-4.478647903686839 -3.504391155915395 -3.8840974102724135
-4.050423205880585 -3.2088638473798574 -3.502554847304334
-4.730693847853598 -4.053841660252998 -4.0037729392034205
-3.7403927197064344 -3.339451302456955 -3.369097246827916
-3.9290659586244083 -3.554350428145101 -3.3729768823326944
-5.334214758995241 -4.3951703017237875 -4.277726994137579
-4.867724176292829 -3.85818882825519 -4.255183365519515
-4.560676102252057 -3.7583204259452745 -4.074163806213898
-4.0185887322356715 -3.373174379324099 -3.718427850995313
-3.5988155468337064 -3.5765340025344976 -3.378980271822159
-4.927698034215085 -3.8715619943916084 -4.316604186811285
-3.8434018865469977 -3.1369303960802615 -3.597247679367492
-5.8372965219997495 -4.781248941042954 -4.304175878004685
-3.9162729734495523 -3.3173145342286947 -3.9436567137196454
-5.658622417771133 -4.883877847659298 -4.186653610061336
-4.107766794139641 -3.361140466936339 -4.003780226056221
-5.079614008342375 -3.998753237440802 -4.115253434793145
-3.715980076589255 -3.0571706443123237 -3.731077846531872
-3.6063102788359354 -2.8078589033494405 -3.6204542875259658
-5.257853524984497 -4.203268758674412 -4.314080739501071
-3.7442492405786885 -3.2230383164589376 -3.4255331389308044
-3.513155537533158 -3.358370749396192 -3.1968000084348738
-3.7944644054453094 -3.294797953850903 -3.711399067859024
-4.378056036302473 -3.097894822838088 -4.1101808284887325
-4.832532436713099 -3.869064822953659 -4.2624683922050455
-4.983265452788569 -3.961291604919342 -4.2948674501710355
-4.149141264926622 -3.2192940801014034 -4.088353135832358
-3.778675166950142 -3.1758336373764564 -3.6076474628171966
-3.918393757428981 -3.2039220936018213 -3.5761344989281127
-5.9737050253401325 -5.032442424893923 -4.273833259112146
-4.401607650059211 -3.57458349356843 -3.9829409624464116
-4.040665051299084 -3.2757265330245997 -3.8837680183070935
-4.063537361687893 -3.3698918243671034 -4.004856346466665
-4.77603867893143 -4.128891590951176 -4.1101831242904785
-3.7324933818619175 -3.3702323233510754 -3.332574371405213
-4.660774984225994 -3.6247658617475143 -4.083359023068009
-4.0690274278241905 -3.219358488739571 -3.7306200084550167
-3.7172573532501794 -3.000229861641994 -3.6481134847109415
-3.387750100083631 -3.1047086576431564 -3.3456206398482573
-3.972102764909599 -3.2110877538370066 -3.897613115485981
-4.00355496195346 -3.16571358869112 -3.6779396679087997
-3.9480045918709847 -3.164504657233496 -3.6073763699488706
-5.1683333157773585 -4.0065369036545215 -4.248259297071917
-3.6352238251901823 -3.3146437760751155 -3.3246089503327863
-4.958415800258939 -3.9932136535646396 -4.0208751979029635
-5.782008833148501 -4.809953466065801 -4.259520423259154
-3.9661944954716506 -3.2647664158111684 -3.667951288231852
-3.312305176094489 -2.841234796724629 -3.4611469643129156
-3.8503028493434472 -3.0862834690389103 -3.793401363140031
-3.5017655549231463 -3.0525075478800607 -3.482151861584924
-3.5931338250899003 -3.1369723140192836 -3.5100592413225824
0.0847457627118644 0.08135593220338988 0.08135593220338988 0.09491525423728814 0.08813559322033904 0.0949152542372882 0.0745762711864407 0.08813559322033898 0.08474576271186438 0.07457627118644067 0.09830508474576272 0.09830508474576272 0.07796610169491525 0.0711864406779661 0.0847457627118644 0.09152542372881356 0.08135593220338982 0.07796610169491525 0.09491525423728808 0.08813559322033904 0.09491525423728814 0.0847457627118644 0.07796610169491526 0.05762711864406789 0.09830508474576272 0.08813559322033898 0.07457627118644072 0.0983050847457627 0.07796610169491525 0.07457627118644072 0.0847457627118644 0.06779661016949151 0.06779661016949157 0.07796610169491526 0.09830508474576272 0.07457627118644064 0.09830508474576272 0.0813559322033898 0.09830508474576272 0.0847457627118644 0.0949152542372882 0.09152542372881356 0.09152542372881353 0.07457627118644067 0.06440677966101696 0.09491525423728814 0.09152542372881356 0.09491525423728814 0.07796610169491525 0.06101694915254241 0.07796610169491525 0.0847457627118644 0.09830508474576272 0.09152542372881356 0.0813559322033898 0.09830508474576272 0.09491525423728808 0.07796610169491525 0.09830508474576272 0.09830508474576272 0.09830508474576272 0.0847457627118644 0.08813559322033898 0.09830508474576272 0.0847457627118644 0.0847457627118644 0.08813559322033904 0.09152542372881356 0.0847457627118644 0.054237288135593226 0.0847457627118644 0.0847457627118644 0.0847457627118644 0.08813559322033898 0.08474576271186438 0.08135593220338985 0.08813559322033904 0.09152542372881356 0.09152542372881356 0.06779661016949157 0.06440677966101693 0.09152542372881356 0.09152542372881356 0.09152542372881356 0.06440677966101695 0.057627118644067776 0.05423728813559325 0.0847457627118644 0.08135593220338977 0.06440677966101693 0.09830508474576272 0.09491525423728808 0.0949152542372882 0.0949152542372882 0.09491525423728814 0.0847457627118644 0.07796610169491525 0.04745762711864407 0.04745762711864407 0.07457627118644072
0.009018706960715604 0.00840165844958897 0.009880032908030901 0.011763668363975247 0.009857885405960602 0.00997767717853367 0.008729399094192578 0.008440194695393744 0.00847222615642111 0.009338103271816665 0.014023722383192334 0.008655117115147189 0.009227508885461373 0.012063109978620057 0.009649181654798776 0.008936346067600024 0.008489253474831782 0.009069192137951624 0.010173061444238803 0.008251251273927146 0.013584463409655188 0.008416936254640604 0.009189545606263633 0.009070242677285893 0.010784034583086972 0.008794208219483688 0.011218159129808818 0.011174302142515538 0.008884566821099421 0.008780599946928277 0.012722181444742369 0.008495380628297345 0.01215489758205967 0.00872055698771622 0.008581845136933011 0.009049960212959628 0.010680972638722664 0.008809407527323534 0.01236811854392206 0.008597003811984916 0.009989619333454366 0.010879037270926355 0.013842249723811968 0.008449803901379121 0.009354954690089505 0.01138079479296497 0.008619064397279842 0.009162992840427852 0.00866077308592326 0.008752278612833406 0.008551968861961818 0.010121585816786283 0.008757545228407281 0.008831728108364911 0.01263653595312354 0.010745773517339945 0.009510389904338579 0.00823599289239808 0.009179979171672284 0.011254959451130636 0.00852457508395627 0.016766381640821643 0.009050437428371721 0.01633480555512281 0.009113949083843215 0.01067547993686788 0.009019128766430986 0.010166968235728635 0.01214252188610074 0.008670935093718858 0.009981279930428973 0.008429341389851283 0.010565368650008029 0.010768589818659862 0.011215547457879073 0.009876998681134393 0.008489337589781027 0.008381840720868292 0.0200775622954342 0.008936797798983357 0.008698177742092856 0.009154445359827736 0.010625723757098231 0.00890606196965204 0.009557291172270102 0.00841575421357603 0.009062264408541689 0.009814340240409229 0.008904921549372592 0.008459523298880688 0.00844343606822845 0.0113448257379964 0.009054389921762664 0.010271349256633077 0.016448983560702006 0.00828169217773686 0.010870763834631434 0.008930081203203521 0.009298216320788637 0.008857203402162648
