3
100 100 100
6680 14074 41787
0.4 0.2 0.1
-----
100
6680
0.4
-4.299730561599141 -2.6927016563476256 -3.5965962354634424
-3.5221376217802582 -3.000988627777059 -2.957356605218507
-2.95734368665777 -2.4528232878644958 -2.9373291235722454
-3.8240889578462225 -3.9599717696377157 -2.9034112287245275
-3.427854773143174 -3.843522410720046 -2.669742262732416
-4.998391509375931 -4.049358868590685 -4.106714659636603
-5.419622453603518 -4.5835733615517915 -3.997895988747466
-3.230740489612987 -3.0775710547686304 -2.706025776861366
-3.8530292630573966 -3.255859120168258 -3.2322014349497614
-3.3576490458237123 -3.062511978620151 -2.912220726365095
-3.4312569724306576 -3.7914499698257154 -2.6168301306839648
-2.191612359852015 -1.6132573010634719 -3.071171106174051
-4.449753813309121 -2.6963076338573924 -3.672341444655686
-4.762408042743253 -4.2560588729444735 -3.7152951652655517
-5.441443925379178 -5.887231128320645 -2.5142968889429835
-3.053161290935764 -3.7363203034334953 -2.4053033209703463
-3.0892993194326004 -3.731693024772006 -2.5570164491966243
-4.511050737399941 -3.499727784001569 -3.6909450700735538
-2.3570982543208556 -0.927319786498126 -3.762759686330721
-1.4611474369532687 -2.443527620474953 -2.3623024481065484
-3.4514296603017875 -2.348987439326067 -3.0397405066158645
-4.545527698035896 -3.1702174191162227 -3.8149070400626144
-2.1979220986159262 -2.2122998016103694 -2.5111399709186135
-2.447721890287732 -3.197281664865226 -2.3710543162262407
-4.08390622278176 -2.8651258574270444 -3.9189078669898816
-4.327310345896686 -4.022796647302441 -2.7698953293225306
-4.324206768496477 -3.5985902072514966 -3.361727826770033
-3.1508582616619036 -2.9510926253847436 -2.8010944080202913
-4.84917401046832 -4.3472799487420515 -3.7192565143559304
-4.853009104441803 -2.893371761555261 -4.436188769317768
-4.3006708818908645 -4.057086836795375 -2.7179821668099837
-5.042606932330454 -2.7160927471413676 -4.753119667239254
-4.596449341878081 -2.7255993064077666 -4.347035146248842
-2.4100103484590507 -1.1206976979195868 -3.621751135468794
-3.854928384007111 -2.0703001850101224 -3.895435912717673
-3.2427637311766566 -2.0631552460834905 -3.271101746440724
-2.459781239169677 -3.010979551202863 -2.4503872218189033
-3.702941365791373 -4.155707493458619 -2.3918976476758695
-5.921809676635938 -5.0548672520447475 -4.126253291026691
-5.019264136197938 -4.318589728801387 -4.006957002007516
-2.748684120397482 -3.7962071137322515 -2.323944262616911
-2.504492917803314 -1.7291531379047784 -3.0947979822534397
-3.0455038615521763 -3.313501365954237 -2.38989333456506
-2.863217892147596 -3.3746858495507963 -2.378129489395829
-3.83185625997817 -3.3139619210112192 -2.879048050194153
-3.9473558172307857 -3.9248433577817323 -2.658936114543262
-3.414153364215195 -1.702263010200321 -3.9482129742607386
-3.2086319236585337 -3.173725903631773 -2.8066939467980916
-4.950758781685922 -3.673073238056352 -4.0623668620606
-4.096313026081429 -3.8465572771461853 -2.5708788510765435
-4.8054208072743565 -4.280188213810055 -3.894228694387405
-3.5189612322249366 -4.271798557247266 -2.5206061990207123
-3.753176386253062 -2.366925719627381 -3.8409251297028546
-1.658825247990169 -2.6334799870990047 -2.3931036660778475
-4.782353666852993 -3.025864182175903 -4.292832033136769
-3.859695192840317 -2.1760023746396984 -3.8418770996331357
-2.7134091626128507 -3.34102923981142 -2.4946469604040145
-3.8825872388265075 -3.18487393988482 -2.921958067294634
-5.035020806297742 -2.7060618303734443 -4.723516140179676
-4.225889913390523 -3.4991172666646397 -3.3734559460120552
-3.313377582345029 -2.618931553957627 -2.9062349909633225
-2.793139827950184 -1.8103448419103287 -3.2317282622499754
-3.5896359436598355 -2.3197175654382796 -3.6372592745212824
-2.5450263802352104 -3.0123855043600662 -2.3838289931988683
-5.227253613900117 -3.8240680331917987 -4.294415014958073
-5.48543753204779 -3.0597800429401754 -4.363770057821403
-2.896795065532402 -2.804063307298854 -2.5763847940739777
-4.087784280010473 -3.8186819128718126 -3.5249887619985514
-2.9828186987152487 -3.0929458142340236 -2.8359638068849904
-3.9019627221821773 -3.639414161335174 -2.5226144428052923
-2.599666853038793 -2.2953118196586755 -2.939115534685981
-3.8622321126673715 -4.2705762426582385 -2.587241555277122
-2.342088476771779 -2.5630799807406732 -2.646704955992965
-5.3573767171339615 -2.447112045999774 -5.1458809001076276
-3.3499649835095155 -3.6960319260316896 -2.6447010053105
-3.9848011247072694 -2.641876385212496 -3.509550252624281
-4.502418280850894 -2.017489217133259 -4.862286470112149
-2.4039393223444723 -2.0351933311395105 -2.8076021513087004
-3.311889859192182 -2.450018818551784 -3.216547944505585
-3.281317369387775 -2.637373675803925 -3.1455535973968547
-3.6229914448055704 -2.348582483594001 -3.771231767973868
-2.7927712228834425 -3.198336425501955 -2.3363935630438517
-4.390667896356604 -2.7482981692960493 -3.8216852199052593
-5.19398305547789 -4.004105206728225 -4.035984633998127
-5.946207064453327 -5.258752818229995 -3.9918268759291315
-3.14909211732343 -2.479878471999413 -3.2762116320410413
-3.0030708998979656 -1.6554949555680327 -3.6917318622164683
-4.052596297536953 -3.6513414494918064 -2.794794827350185
-4.154409337637068 -5.340461831050832 -2.437480150366077
-4.065843585808404 -2.074145364944737 -4.168569565810248
-5.193612934965744 -3.2063319249022397 -4.177563117803904
-4.9550148693115705 -3.4158251216511 -4.298040581595205
-5.03007350428731 -3.1652073768129463 -3.751538257905796
-5.377378178921717 -4.737007549174548 -3.9579936976676184
-3.6576359670107053 -3.8212431711136414 -2.5367992275708318
-0.5970804416204665 -0.6930306156831545 -2.569781346792774
-4.742591431901829 -2.4558212913952615 -4.002965924774143
-2.1923504850306443 -0.24831926722444653 -4.290267755352846
-5.110875716656453 -3.921663763559872 -3.9211878909209403
-4.149484956503889 -2.2232595032564224 -4.217471943217985
0.3966101694915255 0.12881355932203387 0.06779661016949157 0.3864406779661017 0.29830508474576267 0.2508474576271187 0.26101694915254237 0.20677966101694917 0.22033898305084754 0.1423728813559322 0.3694915254237288 0.30169491525423725 0.3830508474576271 0.3864406779661017 0.29152542372881357 0.28474576271186447 0.29152542372881357 0.24745762711864405 0.38983050847457623 0.3864406779661017 0.39322033898305087 0.23728813559322035 0.29491525423728815 0.32881355932203393 0.21016949152542375 0.27796610169491526 0.30847457627118646 0.13220338983050847 0.36610169491525424 0.3864406779661017 0.2474576271186441 0.311864406779661 0.2169491525423729 0.3694915254237288 0.3593220338983051 0.37966101694915255 0.2508474576271187 0.30847457627118646 0.36610169491525424 0.25762711864406784 0.3966101694915254 0.2915254237288135 0.3016949152542373 0.3254237288135594 0.29152542372881357 0.2677966101694915 0.37966101694915255 0.2169491525423729 0.3288135593220338 0.3288135593220339 0.2677966101694915 0.36610169491525424 0.1423728813559323 0.3796610169491525 0.3220338983050847 0.11186440677966103 0.30847457627118646 0.311864406779661 0.37966101694915255 0.3864406779661017 0.3864406779661017 0.21355932203389827 0.1559322033898305 0.32881355932203393 0.2677966101694915 0.33220338983050846 0.21016949152542375 0.3966101694915255 0.288135593220339 0.3830508474576272 0.19661016949152543 0.3694915254237288 0.3050847457627119 0.2745762711864407 0.335593220338983 0.3220338983050848 0.3966101694915254 0.2033898305084746 0.17627118644067793 0.1796610169491526 0.2711864406779661 0.3864406779661017 0.30847457627118646 0.36610169491525424 0.23050847457627122 0.2983050847457627 0.19322033898305085 0.3186440677966102 0.29491525423728815 0.3050847457627119 0.16610169491525423 0.1322033898305085 0.30847457627118646 0.25762711864406784 0.3457627118644068 0.37966101694915255 0.3220338983050848 0.3864406779661017 0.1694915254237288 0.3389830508474576
0.010000000000000004 0.010000000000000004 0.010000000000000004 0.010000000000000004 0.010000000000000004 0.010000000000000004 0.010000000000000004 0.010000000000000004 0.010000000000000004 0.010000000000000004 0.010000000000000004 0.010000000000000004 0.010000000000000004 0.010000000000000004 0.010000000000000004 0.010000000000000004 0.010000000000000004 0.010000000000000004 0.010000000000000004 0.010000000000000004 0.010000000000000004 0.010000000000000004 0.010000000000000004 0.010000000000000004 0.010000000000000004 0.010000000000000004 0.010000000000000004 0.010000000000000004 0.010000000000000004 0.010000000000000004 0.010000000000000004 0.010000000000000004 0.010000000000000004 0.010000000000000004 0.010000000000000004 0.010000000000000004 0.010000000000000004 0.010000000000000004 0.010000000000000004 0.010000000000000004 0.010000000000000004 0.010000000000000004 0.010000000000000004 0.010000000000000004 0.010000000000000004 0.010000000000000004 0.010000000000000004 0.010000000000000004 0.010000000000000004 0.010000000000000004 0.010000000000000004 0.010000000000000004 0.010000000000000004 0.010000000000000004 0.010000000000000004 0.010000000000000004 0.010000000000000004 0.010000000000000004 0.010000000000000004 0.010000000000000004 0.010000000000000004 0.010000000000000004 0.010000000000000004 0.010000000000000004 0.010000000000000004 0.010000000000000004 0.010000000000000004 0.010000000000000004 0.010000000000000004 0.010000000000000004 0.010000000000000004 0.010000000000000004 0.010000000000000004 0.010000000000000004 0.010000000000000004 0.010000000000000004 0.010000000000000004 0.010000000000000004 0.010000000000000004 0.010000000000000004 0.010000000000000004 0.010000000000000004 0.010000000000000004 0.010000000000000004 0.010000000000000004 0.010000000000000004 0.010000000000000004 0.010000000000000004 0.010000000000000004 0.010000000000000004 0.010000000000000004 0.010000000000000004 0.010000000000000004 0.010000000000000004 0.010000000000000004 0.010000000000000004 0.010000000000000004 0.010000000000000004 0.010000000000000004 0.010000000000000004
-----
100
14074
0.2
-2.2941462914091746 -1.992989863864985 -2.8107230767013656
-3.3614500429412937 -2.203284950927591 -3.487151132059121
-2.950514627240053 -2.6352816174601736 -2.931591366184537
-5.597171615707266 -3.6791388894597867 -4.44201497882836
-2.9464013164068623 -2.796138993717795 -2.672583332848337
-3.620411271867118 -2.7886932122848167 -3.516110001578398
-3.1108882034090306 -3.113046351026848 -2.8212825704435627
-3.682005762247175 -3.0041215235851966 -3.38687153762939
-3.536671695379763 -2.805542255893318 -3.23711955424555
-3.8719420279260195 -2.0857469254455347 -3.773959186509622
-4.001976347469603 -2.622455309888851 -3.916883364549572
-4.571152465428811 -2.824842979078677 -4.307551449034992
-3.717608875583895 -2.9815934357280307 -3.364396965728291
-3.2675434023198955 -2.593523652338711 -3.3231342845593357
-2.8449840802211135 -2.9130581500568655 -2.6488108696370496
-2.8089481962984695 -2.1237434665858146 -3.1969292433074923
-2.5049422169372813 -1.9569098986862363 -2.9602795557137505
-3.1932835506393156 -2.9724585854513275 -2.5624722707511194
-3.126252102095546 -2.239040099048075 -3.3212143202646436
-3.9679426380121177 -2.6590632799768046 -3.873719197338206
-3.1183801950930135 -3.0194300531107436 -2.5827151295553743
-2.931550737930049 -2.4016322774118892 -2.851469635259432
-3.0582194421382525 -3.0389740574791406 -2.6616571117756926
-2.656918863033061 -2.346821655867757 -2.8025040141146964
-3.4299700474280006 -2.5790286398753164 -3.199681774805628
-2.4756245211679584 -1.7921041047870243 -3.1542343149870695
-2.7964992211510853 -2.475224079346409 -2.764422153133636
-3.590842474044779 -2.6373109468513776 -3.532353334694502
-2.322778879004214 -2.0349439637927644 -2.7875036629484926
-3.3431466481194274 -2.7661461274629535 -3.076119531979109
-3.2528262123496985 -2.638228105530734 -3.140755362126532
-3.670760885653311 -2.243743754601845 -3.7708379538476278
-5.679261475666769 -3.1393830450951046 -4.508754730996277
-4.078996647322085 -2.804757660204307 -3.7570735382394407
-3.806765458396474 -3.7653126939871253 -2.7878594947454376
-3.755129032393832 -2.5801897819412303 -3.5022004554914536
-2.775843054768045 -2.681023575647217 -2.770881676535689
-4.743719360342223 -3.565027044408102 -4.053224524336737
-3.401427836544891 -2.593678507285131 -3.5542869739520127
-5.537357982195566 -3.9009902615455463 -4.304289205532736
-5.033143492285558 -3.7750743200791166 -3.901690237170859
-3.168747619481823 -3.191521138554174 -2.589566012859309
-2.812996334330103 -2.755279900560995 -2.598370837303099
-2.7152551465958847 -2.066057571140875 -3.1862618440172508
-3.69558712185487 -2.5197681828097354 -3.59145897622244
-3.618086202864425 -2.23063027428039 -3.4869330451367446
-2.724301391371074 -3.0722706510552076 -2.568529004824109
-2.9285663873629053 -2.466960711914495 -3.107788691814995
-3.7145545122711447 -1.938235269033955 -4.172817259730712
-3.028703621731461 -3.080419136002214 -2.5965357216611826
-3.300611449665071 -3.023452629762928 -2.729701743942384
-3.5550908036925803 -2.644869972411674 -3.430603389403728
-3.1112706694899073 -1.977936254491681 -3.4371330681173804
-2.940494037269883 -2.0121208143874973 -3.441711695807816
-2.389168190605617 -2.2032948864477717 -2.6910053024682563
-3.3315341024301572 -2.0430688509059864 -3.6162279774176804
-3.1874079531291786 -1.6110083738100105 -3.740007125985021
-3.528535485171049 -2.85130373235217 -3.1964742742740584
-3.3170278172312306 -2.7632638401833836 -3.0986369147165185
-3.766630754571558 -2.527224632246358 -3.677845170348463
-3.4399933751542138 -3.8900413893826573 -2.5286758952535044
-2.2694976920401873 -1.7351856174230005 -2.9579956279937174
-3.2739202634953948 -1.9758664340663954 -3.7355754660558738
-4.562088932631011 -2.962159108650332 -3.9944206039819874
-2.4544058007358864 -2.031354627773179 -2.852576551567922
-3.3926541671271253 -2.4708599361689525 -3.2812535919883956
-3.1721058628363306 -2.703069846364639 -2.921748247740043
-3.4360941540292926 -3.191533679185627 -3.007134859222849
-2.2053109349766795 -1.7486031505645552 -2.8824084543029773
-3.9659937928840274 -2.7760275311264966 -3.6821234114417276
-3.1486090875859487 -2.6884760027128634 -3.0039713334161
-3.4308994072068497 -2.3336841667498227 -3.5084169858951935
-3.188643164678412 -2.692086209809946 -2.8028283349152954
-2.9081140791700513 -2.1759371417076347 -3.2120605951413306
-3.3356998347924063 -3.2784379661974326 -2.6868611999587397
-3.2976677756980433 -1.922422111625319 -3.8188221321950584
-5.420906972216031 -3.6835894450231397 -4.394615525089424
-4.413147738833259 -2.2526957002830965 -4.093168255766037
-5.277343712704369 -3.920734552132626 -4.23635446777399
-3.719219624885648 -2.378147304975424 -3.857724801555226
-4.442499824148885 -3.1809080786109805 -3.7367098742135814
-2.597206361277596 -1.9601992540764537 -2.948231848346164
-2.9678460654327954 -2.6254279769418885 -2.9242951677533298
-4.260910881573831 -2.210564229961139 -4.327786280498977
-4.7484387506426415 -2.9516617771824634 -4.1611790114722655
-5.268988549513172 -2.710300310392325 -4.615834602275456
-2.8207704028110965 -2.545389858682656 -2.65707007384283
-3.1520459766170488 -2.6990375083693214 -2.8464498395225637
-4.670533523847521 -2.836238003288108 -4.119221956715642
-3.4567917919563222 -2.49274767834436 -3.5830656485425765
-3.3913615542351985 -2.4923689493106997 -3.316499958720566
-4.422631454319399 -2.386228367769647 -4.426494897019823
-2.4797646744715602 -2.6842639161327653 -2.6304698800787665
-2.7199067277282634 -2.672256379265865 -2.747897693290108
-5.455225454681896 -3.354381129244754 -4.347366224365409
-3.5095031080264434 -2.9792975813666627 -2.9412291095897265
-4.150684785430737 -2.9957492510057397 -3.5741448323603473
-3.3766698186463824 -3.0344566650124536 -2.954024481827629
-5.200078427598789 -2.848665433164762 -4.282468494236921
-3.547928075824341 -2.894192212505056 -3.2879900430608533
0.16610169491525426 0.15932203389830507 0.1932203389830509 0.18305084745762712 0.09491525423728814 0.12542372881355934 0.1864406779661017 0.1728813559322034 0.17627118644067796 0.17966101694915254 0.17288135593220344 0.1152542372881356 0.13559322033898305 0.1559322033898305 0.1694915254237288 0.18983050847457628 0.14237288135593218 0.1694915254237288 0.13898305084745766 0.13898305084745766 0.11186440677966097 0.19661016949152543 0.111864406779661 0.1796610169491526 0.17966101694915254 0.17966101694915254 0.1796610169491526 0.12542372881355934 0.1559322033898305 0.1457627118644068 0.16271186440677965 0.1932203389830508 0.19999999999999996 0.1322033898305085 0.17288135593220344 0.19999999999999996 0.18305084745762712 0.1559322033898305 0.19661016949152543 0.1491525423728814 0.12881355932203398 0.1559322033898305 0.12881355932203387 0.1864406779661017 0.18983050847457628 0.15254237288135591 0.16610169491525423 0.10847457627118644 0.19999999999999998 0.1389830508474576 0.17966101694915254 0.13898305084745766 0.11864406779661016 0.19322033898305083 0.1694915254237288 0.15932203389830513 0.19661016949152543 0.10508474576271187 0.17288135593220344 0.11864406779661019 0.1559322033898305 0.1796610169491526 0.18983050847457628 0.1796610169491526 0.15254237288135591 0.19661016949152538 0.13898305084745766 0.17966101694915254 0.19661016949152543 0.17627118644067796 0.18305084745762715 0.1457627118644067 0.1796610169491526 0.11864406779661013 0.13559322033898302 0.16610169491525428 0.13220338983050847 0.16610169491525423 0.19661016949152543 0.11186440677966103 0.16271186440677965 0.1932203389830509 0.08813559322033904 0.16949152542372892 0.1457627118644068 0.1796610169491526 0.17627118644067802 0.18644067796610167 0.14915254237288134 0.061016949152542355 0.12542372881355923 0.13898305084745755 0.19999999999999996 0.18983050847457628 0.16949152542372883 0.18305084745762712 0.18305084745762712 0.16271186440677968 0.1322033898305085 0.07796610169491536
0.013159585962889804 0.009524491794822508 0.009206979012327301 0.013398199676993836 0.009530269345099826 0.008277695788448095 0.008784819173840467 0.00799614556006115 0.008159314982380554 0.010104969382196086 0.009068619137985328 0.010325821415087932 0.00797841585200547 0.008677882985937482 0.00969884100325519 0.010515087631453392 0.012170323537690278 0.009402893406764503 0.009588271403326541 0.008907519035121334 0.00938927103296446 0.009795772564423565 0.009222641170307477 0.010649334701588234 0.008512267047371373 0.012922587527575718 0.010089279635713934 0.008487410403152894 0.012909042428389379 0.008393709118672155 0.008604157194830467 0.00966100978873293 0.014315132946922831 0.008466823185144088 0.008952995582553976 0.008458051145919982 0.009773708849369359 0.009405382043629229 0.008770453899141167 0.01271449566253922 0.009759366595476136 0.00928253596786024 0.010065319994197535 0.010956509159074333 0.008682743466185486 0.0092553732463366 0.010188476575246398 0.009395482385207663 0.012331778570493238 0.009452806591031782 0.00877661504243111 0.00839774254786004 0.010553734122483635 0.010792744036172626 0.012273420202396513 0.010279395542174975 0.01286784629323468 0.008131108535347063 0.00840742053116775 0.008772163337050314 0.010142901595076362 0.014296319429523367 0.010921798690219855 0.009064158658879266 0.01223230773779718 0.008726302541633923 0.00879699416327363 0.008194960843929436 0.014693310370011587 0.008374826928956943 0.008749603324388124 0.009145160653772733 0.00900443064093615 0.010126369651639417 0.008853900057870826 0.011372098031578464 0.012381453856806078 0.010695212956330077 0.011537453749235123 0.009516916598459699 0.008370009752368731 0.01186223048863919 0.009198260855171664 0.011820473894126899 0.009785088100436776 0.013966795854018145 0.010190202488099931 0.008947588167293756 0.009682768400079474 0.008909441816928997 0.008697849482192679 0.011862010378090624 0.010999528380284201 0.009972825136605256 0.012115386267214246 0.00826654687918414 0.008099584835245834 0.008305825934853387 0.011439992820777536 0.008088854830012886
-----
100
41787
0.1
-2.818166950825997 -2.6082715525890423 -2.7775291185702615
-3.4319856718107173 -2.4495047675407773 -3.2263541700948637
-2.4741219812630564 -2.3075339620917354 -2.7938867225427537
-2.980665039582613 -2.897212967052955 -2.782516266012242
-3.9371677981586366 -2.2128716002542665 -3.970574524542395
-5.2264404816241985 -2.8963931412704174 -4.121373181726054
-3.169797790020402 -2.5062605015709942 -3.1811670632093016
-2.852978791408507 -2.536145382472872 -2.763457700479978
-3.2061013674723924 -2.1759266067505565 -3.3790315082240245
-3.5229433185757784 -2.5784336305250513 -3.370039627133476
-2.9857620015597437 -3.00566630526992 -2.6357822870447647
-2.81843790163522 -2.5110602880634922 -2.8549602639707294
-4.907649388570818 -2.219249035601632 -4.283512795021186
-4.268203768351588 -2.925283008653447 -3.762982920798305
-5.216155011866452 -3.6596142245989562 -4.294658773927945
-3.5731492380956986 -2.6658821762120133 -3.3491982503413977
-2.8103479330115073 -2.5657918805525712 -2.721264396197894
-3.084407020190958 -2.9544418105474235 -2.6436433076942167
-2.983159057862354 -2.1399597841386986 -3.131721610602948
-3.162065847642597 -2.306249176678528 -3.1968340332582903
-3.412467551866336 -2.315785953923673 -3.303006682833516
-3.2143851030536457 -2.8336886439787916 -3.01346991191619
-3.1881549106752827 -2.6116374874840713 -3.121451028777448
-3.41724775858461 -2.5466276222438617 -3.2422223899033824
-3.1632786542119287 -2.2838159834568375 -3.234321451416189
-2.6442052128111095 -2.5883083643527955 -2.6630194227249904
-3.205300697476096 -3.3138659094355596 -2.631651089840621
-3.139194841134493 -2.5963670423010248 -3.0034968364155996
-2.794158696258775 -2.1617240319063025 -3.0857746354694857
-3.7673904215226894 -2.3404381806794587 -3.657888798186178
-3.0161764617174796 -2.291159027886013 -3.1716844393792187
-4.6977596187278134 -3.07455135168675 -4.033529537528351
-2.6203183119082434 -2.4434745600964627 -2.7421289807548845
-3.469928121062246 -2.087279697728786 -3.537454459907357
-3.1922408470513592 -2.6835657097350945 -3.0993672326941817
-3.137307400150396 -2.496563895699266 -3.109420287333616
-3.6398696737830236 -2.6498993383761924 -3.5159947564068688
-2.943913742210163 -2.5934906455960025 -2.849249378060785
-3.463204074778298 -2.726625245901358 -3.2920014272641214
-2.7026380117780127 -2.6088631909151765 -2.641152456858708
-3.1880171116243923 -3.0010260520952237 -2.611327868378821
-2.912741873307134 -2.506935403857619 -2.927623675708522
-3.3878439743282884 -3.4008217499630757 -2.615306558372286
-4.087780235171461 -2.7028954191066736 -3.7218886755094918
-2.8055107488235125 -2.6819869615132608 -2.680880224491934
-3.5269321357977903 -3.0857012447993624 -2.9351224539095915
-3.7070439649468616 -2.455047548425557 -3.6904809735722677
-4.1240293147708185 -2.598610244805487 -3.8041118108467082
-4.318941795162603 -2.5316494791506696 -3.8280108262118846
-3.237989051629716 -2.711789559945454 -3.075811663334356
-2.6861379487158348 -2.3034089009759136 -2.878468745449022
-3.046887218263106 -2.08637016922436 -3.3775647430981866
-3.1483433551672015 -2.278645040430012 -3.226154019520032
-3.7726180712979516 -2.9823484860494056 -3.534402183227736
-3.235777893837909 -2.4751322730322007 -3.077760286731738
-2.9897592781924356 -2.3832194612635593 -3.10255452428219
-2.8707489323349096 -2.935551795660044 -2.5926174378617457
-4.1944896185257035 -2.6691403777320883 -3.854180441526996
-5.777924259378036 -4.198188951505837 -4.293642972687307
-3.72665366627045 -2.253075780329315 -3.6956979198838225
-3.5531105754626333 -2.4928089815299073 -3.328315083083075
-3.066836993921046 -2.2381442468038 -3.111353042583524
-3.400368801659143 -2.046678477951849 -3.645895989481792
-3.3485789167676856 -2.579886936916351 -3.239348303939358
-2.6407717024341317 -2.5368267209829733 -2.662764176237167
-3.240963217579223 -2.5301277876655512 -3.048361115940785
-2.9834197737563923 -2.651494150693662 -2.853958786629902
-2.6650690801694865 -2.451808448790294 -2.833099072206658
-3.177428123974143 -2.2054520529766766 -3.2782451995909305
-3.333395262042738 -2.0655393782522675 -3.552957445238297
-3.9057240830339097 -2.6442563006959294 -3.604625554558762
-3.4282625554697455 -2.6534817069201235 -3.1945689756989815
-2.9068696523579796 -2.314504941762729 -3.04826565615104
-3.040946989512042 -2.4525495188450686 -2.939270275212165
-3.9062024698767606 -2.374849658767917 -3.7486617402270275
-3.4476739872939053 -2.4658090837558313 -3.344606451193156
-3.0086951641253044 -2.2963776893428203 -3.1154470118375026
-3.314277264474686 -2.5392489283819906 -3.3261917119404054
-2.5800507132519206 -2.3756274695748276 -2.717737664127032
-2.9454377405871206 -2.6462049936337615 -2.8601130242051385
-2.7849378074268474 -2.251108497503065 -2.971718108167223
-3.6996034234095574 -2.364256404785363 -3.670971946123934
-4.679811036241957 -3.3059246918956213 -3.924594983188517
-4.1032146090475905 -2.9004330206028346 -4.012839855418174
-4.082488992836035 -2.4641954718826273 -3.9148279879718735
-3.1706116371751776 -2.6492112915974713 -3.055459431488153
-3.7157731159312966 -2.0560543140043284 -3.7448228426451733
-3.6192049523008505 -2.400097915973764 -3.4077502306443925
-3.2010584767487957 -2.487280344335576 -3.1348092734182553
-2.9807429233755376 -2.9281063935804266 -2.636540126306433
-3.3624804620580924 -2.24851800912249 -3.5968386492024202
-3.7378128707805645 -2.490134763171212 -3.4273585852809805
-3.3758695368154643 -2.4924730890553204 -3.321278964571758
-3.375172211250815 -2.4737827587974124 -3.4284404904098618
-4.327141704093969 -2.8821613905159857 -4.112655098142347
-3.4639672252779397 -2.945544370938169 -3.107037278475791
-3.3046497801290027 -2.4002104349504054 -3.167832669861335
-4.208739458779349 -2.7373645236912933 -3.85942894175813
-3.828212528629157 -2.880082664601013 -3.5383791332359187
-3.1028767438730824 -2.9700627765647036 -2.663744677581041
0.08135593220338982 0.09152542372881356 0.08813559322033904 0.07118644067796609 0.09491525423728808 0.09830508474576272 0.06101694915254241 0.06779661016949154 0.09491525423728814 0.06779661016949157 0.08135593220338988 0.0915254237288135 0.09830508474576272 0.0949152542372882 0.09152542372881356 0.08135593220338982 0.06779661016949151 0.08813559322033904 0.09491525423728814 0.09152542372881362 0.05084745762711873 0.07796610169491525 0.09152542372881355 0.07457627118644072 0.07796610169491526 0.09152542372881356 0.07796610169491536 0.07118644067796612 0.09830508474576272 0.09491525423728814 0.09491525423728814 0.09152542372881356 0.08135593220338988 0.06779661016949157 0.057627118644067776 0.06440677966101699 0.07118644067796609 0.08135593220338985 0.0610169491525423 0.09830508474576272 0.09152542372881356 0.09491525423728814 0.0847457627118644 0.07118644067796612 0.09830508474576272 0.09830508474576272 0.09830508474576272 0.0847457627118644 0.0949152542372882 0.08135593220338982 0.07796610169491525 0.07118644067796609 0.088135593220339 0.07457627118644072 0.050847457627118675 0.061016949152542375 0.09491525423728808 0.08135593220338982 0.09491525423728814 0.08135593220338988 0.09830508474576272 0.09491525423728808 0.08813559322033898 0.08813559322033898 0.08813559322033893 0.09830508474576272 0.09152542372881356 0.09491525423728814 0.07796610169491525 0.08135593220338988 0.08135593220338988 0.09152542372881356 0.06101694915254241 0.07118644067796609 0.08135593220338982 0.06440677966101693 0.0949152542372882 0.0949152542372882 0.09491525423728814 0.07118644067796609 0.0847457627118644 0.08135593220338988 0.07457627118644068 0.09491525423728808 0.08813559322033893 0.08813559322033904 0.08135593220338988 0.08813559322033904 0.08135593220338982 0.09830508474576272 0.08135593220338988 0.09152542372881353 0.05423728813559325 0.07796610169491525 0.08474576271186451 0.0949152542372882 0.09152542372881356 0.07118644067796612 0.07796610169491525 0.07457627118644072
0.009002518955965209 0.008003605090671245 0.010126606804923667 0.009483418752999644 0.011627511140786619 0.01740272172061523 0.007901109537229733 0.008968592549975257 0.008690519288399614 0.00808693117897555 0.010763392466209686 0.008712263378605272 0.02030477431137074 0.011127329043395013 0.02277906503538486 0.008187093959176979 0.009222749645067729 0.010325390576122194 0.008860313737310915 0.008168673998071196 0.008235093726477216 0.008494478395551308 0.007945896857060812 0.007936644295743827 0.008226267294317897 0.009909118626090351 0.013558564863884062 0.008079014186793585 0.009058444731596508 0.009241510493373909 0.008287717202746557 0.014266582340500421 0.009611772268113992 0.009542169144812864 0.008044617473046049 0.00794648288530694 0.008470034125608214 0.008566189783158115 0.008153476183418284 0.009886321640524174 0.010766465584558215 0.008385319628194707 0.015082842635825705 0.009894980847353274 0.009543119236873204 0.010104034998672247 0.009026316337096028 0.010211307263481248 0.011047790120611311 0.008105927325690609 0.00919630238554542 0.009185585225859327 0.008243059727945815 0.009705983662699435 0.007979486238492985 0.00815721676952268 0.010807641787699775 0.01062758446396796 0.04348640049685952 0.009584143863737018 0.00810507579512297 0.008439540546772305 0.01009172953796539 0.007908019512888775 0.009897902632858026 0.00799252727374078 0.008564404922383199 0.00914015505809929 0.008486108133862453 0.009623243714856126 0.009085364730550282 0.008008841569586148 0.00843237558222507 0.008273955464474684 0.009747256974359374 0.008033605467427317 0.008305536623908623 0.007937061386094334 0.009940350648190035 0.008581520553109116 0.008912521225209798 0.009110093778223778 0.0155355722548658 0.011764372797884384 0.010726967935046067 0.008044627083690532 0.01085227716147082 0.008365077870681125 0.007919210614853971 0.010322759477181958 0.008928683374814074 0.008467790984048295 0.007957528749244781 0.008094814175790773 0.012769973256865031 0.00890186598930577 0.00800806914151218 0.010760851064830702 0.009330770959606997 0.010285109686331157
