3
100 100 100
1191 3567 122833
0.8 0.4 0.1
-----
100
1191
0.8
-3.470107744608478 -3.9849954340545524 -2.841931942730463
-3.058782936890696 -2.482612204879873 -3.1335120891018016
-4.266258031056243 -2.76329785136594 -3.4183110240506176
-4.322685134522064 -2.834215202449624 -4.236938420819536
-1.7658698530804946 -1.6840766469385864 -2.541242328405555
-2.368780671979913 -3.4431983272917472 -2.654105449281971
-1.1128624086971186 -5.36322177229712 -2.1341744155520552
-3.1660562254822904 -3.6628859706324826 -2.291267357158754
-3.6714061436159593 -2.446384392035596 -3.206080208062016
-1.3992330535321003 -0.3799311030293149 -3.166968069057341
-2.7148435006812486 -1.5530300011282279 -3.508327848193965
-3.3109472050753843 -3.7086039033755647 -2.181707984233925
-5.269624938606144 -3.502085941150049 -3.495209218370779
-3.5929816787560394 -4.236695325786825 -2.735949925246893
-3.22250674223549 -4.401693883933548 -2.9583962442407943
-4.436472075921553 -3.5108484958033714 -3.3106258332945906
-0.14462111299187796 -5.1788667137752835 -2.596329844504621
-2.7518449242838923 -3.5735097939609077 -2.710104143589492
-1.3569081289396925 -3.0808360598727256 -2.1615237786223056
-0.48805129845837936 -4.1372022031365985 -2.4488917583251975
-5.35311529067108 -1.768422299320827 -5.966521313802149
-1.2193105849777846 -1.0942535488365213 -2.705512421127866
-4.67418743097511 -2.3369229115991463 -4.1898407836488225
-3.241008277095052 -5.655051299264583 -2.1232839931393763
-5.363437209898751 -2.1383156807798662 -5.509097089966081
-2.9519089024078915 -2.07506755746119 -3.1990642059050174
-3.865606819322306 -2.081205372071971 -4.257131838500829
-2.981015384609434 -1.515602524193282 -3.991208393751606
-3.175732924992402 -0.5484058130033418 -5.083114007299791
-3.116677212319156 -3.285924494494984 -3.2317382922800246
-5.956310673188041 -3.4198942029067183 -4.992418191646406
-5.2362989751018185 -3.3182014711455476 -4.588368200213903
-2.3541457744856524 -2.44026242269332 -2.9214833261861703
-0.5539333730687028 -5.433216731487317 -2.479929222804189
-0.6677605791724925 -1.7789942742494649 -2.6385590334076494
-4.053795839357039 -2.3984672231438937 -4.316264974012398
-4.000380443914041 -2.5025274897407472 -3.4114688199140955
-0.4935666514266668 -4.551931193792868 -2.4600751737174824
-0.2990514956842141 -0.2795692385231501 -2.8634611982438822
-2.4054345291505976 -5.314247516575593 -2.4226380817871407
-2.5830580560916854 -2.9861844418467545 -2.407911684701199
-4.94405950410477 -3.5783850851315746 -3.8926110230987434
-2.1820572429240697 -2.204985180589874 -2.6921626526172435
-2.8656717076912717 -4.7322045632253165 -2.492480053096593
-3.214093475185406 -4.747276518264499 -2.376976165121089
-5.3274389320816855 -2.1452670390494673 -4.457054967541387
-3.1138363052239892 -3.2578087163059473 -2.1747211964030178
-5.201408699520627 -5.106692588483286 -3.0284742839495205
-4.222732181019872 -3.092699230982506 -3.1612246441314884
-3.1061167497159046 -0.8917403747562105 -4.173963593238641
-0.6901949644845331 -4.155628094011576 -2.381052679821239
-4.113939092498599 -1.8604991922668948 -4.924969380195602
-0.26676035505793205 -5.360307419153753 -2.2074160503255147
-5.767742081642706 -5.0787261584306975 -2.5931303656108313
-4.000810905739863 -3.8053764351519117 -3.104703832987875
-3.943524074170318 -3.8842323807006274 -2.482189542615412
-4.315427830123553 -2.522255279931693 -3.9702815573452597
-5.892473455100553 -4.49999410121823 -2.729780704008685
-3.6425839156320103 -2.100777497466604 -3.6644705222588794
-1.2925798351424405 -0.3497798944242714 -3.5049871469576726
-4.22504187518169 -3.8578000627181535 -3.297319578730786
-4.388884542253458 -3.9351333690393666 -3.0626104195943697
-3.012365195270519 -0.15924494048661408 -5.002447096911638
-5.391971608213822 -3.3049987690826437 -4.417454258701286
-0.42082553470993744 -2.341341354304746 -2.271767428734682
-2.404913883002595 -2.0289770004893817 -2.3932601384834826
-2.9248290474311767 -3.426696056435648 -2.3054422208387044
-0.9807210047578252 -4.9101492185163025 -2.383609964355257
-4.679048843629187 -2.577679669459078 -4.497957909701466
-3.0759576774037294 -4.112318853184391 -2.60821159224789
-2.365306031701513 -5.565499831018737 -2.566367932418475
-2.919807946924554 -0.8559625971384346 -4.604436193666253
-5.005543159446786 -3.5605111812429597 -3.8474799371323147
-3.7497499226723967 -2.088859700002835 -4.210200414648208
-5.066828604832605 -4.666912776401215 -2.5758607952498944
-2.11594915936578 -3.492405955389254 -2.3026826124840385
-2.324078771876243 -2.40872816514027 -2.3317537699249695
-4.027096008887112 -3.2586515523017403 -2.5626251166308114
-1.9845641930279942 -0.5748646167669058 -3.902617950274635
-2.476480715978368 -1.6688555472134396 -2.9782119964792857
-0.4641517390205161 -0.07835088508479515 -3.1744270864826483
-5.975731347903491 -3.0731499006946184 -5.2576597749092855
-5.625646807880205 -3.321796277164394 -4.809028688644824
-0.26749451866924545 -1.8088830973863725 -2.3192728853552063
-5.379510003184581 -5.585676343225057 -2.595460385844303
-4.263549315101119 -3.3804344109523083 -3.9339796062376835
-2.051723805603439 -3.946279315871597 -2.6093963647517793
-0.4684339254172505 -2.074960738488299 -2.3118418660294644
-5.06705715834233 -3.4930299126681907 -3.6313801313130507
-4.282007118897319 -3.487540993062787 -3.2702323414106425
-2.4242992723945656 -1.735787279140542 -3.096848383994531
-0.5503948848473783 -4.905549965625964 -2.1841020827909383
-2.946778965864029 -5.863811477105554 -2.5329991500871287
-5.014990375545528 -4.227913527449198 -4.0506064028994615
-2.7577418680697625 -1.7274681718578666 -3.685941824359505
-3.7753120279776438 -2.643199254947437 -3.320675773157556
-4.736610343704956 -5.458462555890455 -2.3299527102199353
-3.5594038639362333 -2.1007906637145743 -4.0032741061543895
-2.1780430562679256 -1.962345109766673 -3.004913488460566
-3.1250896054499315 -5.55786334063996 -2.2492646900940083
0.648 0.06799999999999995 0.548 0.21200000000000002 0.612 0.5760000000000001 0.756 0.62 0.5640000000000001 0.756 0.26 0.744 0.716 0.608 0.7120000000000001 0.628 0.696 0.52 0.732 0.484 0.54 0.504 0.792 0.776 0.512 0.252 0.32000000000000006 0.21200000000000002 0.52 0.6679999999999999 0.432 0.5840000000000001 0.484 0.512 0.728 0.556 0.748 0.484 0.624 0.448 0.484 0.492 0.29599999999999993 0.516 0.496 0.744 0.764 0.656 0.536 0.748 0.48 0.588 0.6759999999999999 0.52 0.48 0.44 0.46 0.44799999999999995 0.52 0.524 0.32000000000000006 0.368 0.772 0.624 0.628 0.796 0.62 0.488 0.536 0.64 0.668 0.596 0.45599999999999996 0.20799999999999996 0.62 0.62 0.6359999999999999 0.7080000000000001 0.48 0.52 0.796 0.5840000000000001 0.404 0.5880000000000001 0.616 0.452 0.668 0.592 0.784 0.384 0.376 0.716 0.5559999999999999 0.42800000000000005 0.668 0.44 0.544 0.392 0.508 0.6519999999999999
0.010000000000000004 0.010000000000000004 0.010000000000000004 0.010000000000000004 0.010000000000000004 0.010000000000000004 0.010000000000000004 0.010000000000000004 0.010000000000000004 0.010000000000000004 0.010000000000000004 0.010000000000000004 0.010000000000000004 0.010000000000000004 0.010000000000000004 0.010000000000000004 0.010000000000000004 0.010000000000000004 0.010000000000000004 0.010000000000000004 0.010000000000000004 0.010000000000000004 0.010000000000000004 0.010000000000000004 0.010000000000000004 0.010000000000000004 0.010000000000000004 0.010000000000000004 0.010000000000000004 0.010000000000000004 0.010000000000000004 0.010000000000000004 0.010000000000000004 0.010000000000000004 0.010000000000000004 0.010000000000000004 0.010000000000000004 0.010000000000000004 0.010000000000000004 0.010000000000000004 0.010000000000000004 0.010000000000000004 0.010000000000000004 0.010000000000000004 0.010000000000000004 0.010000000000000004 0.010000000000000004 0.010000000000000004 0.010000000000000004 0.010000000000000004 0.010000000000000004 0.010000000000000004 0.010000000000000004 0.010000000000000004 0.010000000000000004 0.010000000000000004 0.010000000000000004 0.010000000000000004 0.010000000000000004 0.010000000000000004 0.010000000000000004 0.010000000000000004 0.010000000000000004 0.010000000000000004 0.010000000000000004 0.010000000000000004 0.010000000000000004 0.010000000000000004 0.010000000000000004 0.010000000000000004 0.010000000000000004 0.010000000000000004 0.010000000000000004 0.010000000000000004 0.010000000000000004 0.010000000000000004 0.010000000000000004 0.010000000000000004 0.010000000000000004 0.010000000000000004 0.010000000000000004 0.010000000000000004 0.010000000000000004 0.010000000000000004 0.010000000000000004 0.010000000000000004 0.010000000000000004 0.010000000000000004 0.010000000000000004 0.010000000000000004 0.010000000000000004 0.010000000000000004 0.010000000000000004 0.010000000000000004 0.010000000000000004 0.010000000000000004 0.010000000000000004 0.010000000000000004 0.010000000000000004 0.010000000000000004
-----
100
3567
0.4
-3.350862450048266 -2.5327524015985214 -3.3901461176297776
-4.399835041081133 -4.05675711993377 -3.784923123327773
-3.808002447143074 -3.2492269833797045 -3.0242924241615303
-5.345118563340931 -4.260663615174452 -4.1440340030668406
-4.706654722515786 -4.109887936423199 -3.970709011662139
-3.406102858284317 -3.260199909204954 -2.711662351060303
-5.5704464806200695 -4.532137148164442 -4.205156392529869
-5.21651412490019 -3.570542412472986 -4.450950418547604
-3.082091559553724 -2.0474213819122276 -3.339908586486456
-5.128468329463457 -3.601658476985682 -4.320075807665575
-1.7000312576880385 -1.679129792020761 -2.7311864570436732
-3.7822409354747566 -2.5828196068844074 -3.9227901736604283
-3.470737024461029 -2.5356025665770927 -3.560726484080865
-2.356412091267677 -1.356440696046867 -3.426680387294651
-3.9045689936887147 -2.714941352809466 -3.453625168714418
-3.364025373975586 -3.4910368914521053 -2.525053701057972
-3.874918354595783 -2.164382786733162 -3.9163176170073877
-5.777518619105428 -4.806886211080336 -4.213031313494816
-3.2392340366089596 -1.9180230627839285 -3.8900059119698214
-3.233729098301911 -3.796858462569535 -2.5140466368631436
-3.5843219404629423 -2.585016468499306 -3.6203731365420913
-2.7241342922162755 -2.054605397974732 -2.9973122439434343
-3.943111849368285 -3.146334655289626 -3.6139719340728265
-3.5955187788625165 -2.3891958158837143 -3.329927094800835
-5.876683881791575 -2.72422680706973 -5.022248067428276
-2.641101276691773 -1.016603617440077 -4.054094084922797
-3.638977777716552 -2.097261430577446 -4.092256173795659
-3.32007915306793 -2.580924111597031 -3.335221529448134
-2.6633494825486634 -3.421148901222344 -2.5942472326080854
-2.5845790158413715 -2.0379214039141313 -3.0045273156496317
-3.5831357427345663 -4.029837958521649 -2.622153106881555
-3.3274993960181924 -2.2027397270371276 -3.432096790332767
-2.385579388502698 -1.270486789436294 -3.5521869830461044
-4.213204712035509 -3.4226216609084537 -3.6524316619404003
-2.5442073283805526 -2.5363698143406825 -2.77844384894269
-3.6186727465794704 -2.9707878844641638 -3.1435421831106107
-5.73334712842329 -5.097517010567464 -4.0137225922646955
-4.906849320840759 -3.990657137750775 -2.7651275037280483
-4.517863405249587 -3.759293112304303 -3.975188952705752
-3.0012870366435243 -3.0665755847339566 -2.9974659126834173
-3.6915046659370327 -2.4453074052042307 -3.537667137474742
-4.000292774501449 -2.334317616900621 -3.705587931054466
-2.8904484966981636 -2.3322024033482465 -3.209869812710577
-5.106334304345422 -2.8373639299337574 -4.373535627624786
-5.214429047741983 -4.03335410661218 -4.244121531424211
-4.085031496900582 -3.981482460261657 -2.971477077138517
-4.763834607914239 -5.206536553450118 -2.8548512501514147
-5.231965044483306 -4.234679657478362 -4.058274897146335
-3.4554907563529826 -3.030013335319736 -2.9208855705257175
-3.233929924092763 -3.4358828419025604 -2.874959120789581
-4.153088411767635 -2.5711132231310283 -3.5893786377171177
-2.6326049941654865 -2.664538554091104 -2.660130342485037
-3.5166345391651808 -3.020864416456134 -3.073924655701917
-4.917249295208542 -3.463699924375971 -4.162514406388889
-2.8181985377602325 -2.5910513693128756 -2.7241413616426025
-4.4719798983612025 -3.2131578702433385 -4.2337093675167985
-3.7435686077055723 -3.4192067884536215 -2.683312355567528
-3.2012972650215334 -1.9222087961563132 -3.558829524683767
-4.740395032681204 -3.053780397481264 -4.433565589732257
-5.219067113508847 -3.9930732661586466 -4.042953766801212
-2.8188491316654627 -3.181941512852293 -2.6953794707721457
-2.571633186250423 -1.982104328243817 -3.139381980683742
-5.677616489602947 -4.9427388236827134 -4.116136701579577
-2.7335111987664926 -1.9158899344943334 -3.267918114241563
-4.6582673558330505 -3.395979134109784 -3.397998977649328
-4.65768915373553 -2.7046560450615207 -4.143392279102869
-4.262977038788201 -2.4044934032686243 -4.077225695219785
-5.660591357031846 -5.090069951396425 -3.983705635528372
-4.486759993400868 -5.351751748702147 -2.6503709215787317
-2.895524908065452 -2.5977165183935877 -2.832867587695083
-5.154176537810325 -3.4915709769195136 -4.432590369230936
-5.586433484739983 -3.0153847206195334 -3.9533849771080836
-2.9423374960333675 -2.745724522256819 -3.0824825173635872
-5.312093576503888 -4.493628447431874 -4.055229798491078
-1.4750011839838215 -1.1031455820080867 -2.9222248737433394
-2.5172683059977006 -3.068063877622528 -2.5532125170655275
-4.576006069308366 -4.124725121949282 -2.703171839119519
-3.3749203189374177 -3.850815232975174 -2.6815583353304433
-3.011458507282934 -2.0088736521725323 -3.642004550246026
-3.3402622639826456 -5.564163280946307 -2.4800017523782727
-2.462347320708728 -2.586262085317437 -2.7754784795521164
-3.358902215551751 -3.06570682359509 -2.7777953226736933
-4.204959222015514 -2.39840335982443 -4.392496702632259
-4.349778150743645 -2.209845212549445 -4.437315113963585
-2.3165101370464223 -2.541306371029143 -2.6788228023658713
-5.534286794772182 -3.3250327784965865 -4.556571301701089
-5.111858930105916 -3.4070401774516106 -3.819966454263665
-3.4363198799869394 -3.524112889947942 -2.7882306415234472
-3.797075436962434 -3.9497223879295027 -2.896851043876611
-2.111761719684229 -1.576501312959855 -3.156882011188453
-3.3539782246641483 -2.8501010185073588 -3.1730715871719832
-3.2202954213690393 -2.2598499845305344 -3.4097168493366867
-3.725038694156424 -3.568529497410569 -2.6560489998266226
-2.851074744597645 -3.4562405470740316 -2.631844812825904
-3.5011241811020133 -3.564940254148813 -3.0220047872495805
-5.013113881089903 -4.138631107391767 -4.062974501171155
-3.3626926190376225 -3.16003491997017 -2.6869457622760753
-3.947377615674876 -4.062789486464635 -2.7335950758485756
-4.042360699344734 -2.8997092024158193 -3.4819992251438086
-2.1011132474000136 -1.5987403615646554 -3.0549319547370586
0.26800000000000007 0.396 0.316 0.132 0.248 0.244 0.29999999999999993 0.32 0.376 0.128 0.352 0.136 0.3320000000000001 0.3720000000000001 0.39599999999999996 0.28400000000000003 0.22399999999999998 0.33199999999999996 0.236 0.31199999999999994 0.22400000000000003 0.29200000000000004 0.32 0.28 0.344 0.392 0.368 0.28400000000000003 0.292 0.2440000000000001 0.24000000000000002 0.34800000000000003 0.356 0.19599999999999998 0.22 0.21599999999999997 0.272 0.30000000000000004 0.33199999999999996 0.32800000000000007 0.264 0.256 0.264 0.23600000000000002 0.30399999999999994 0.39599999999999996 0.312 0.28 0.15200000000000002 0.344 0.16799999999999998 0.2280000000000001 0.21600000000000008 0.388 0.3440000000000001 0.12 0.32799999999999996 0.2480000000000001 0.276 0.392 0.31200000000000006 0.196 0.32000000000000006 0.31600000000000006 0.24000000000000002 0.1 0.264 0.22400000000000003 0.344 0.11199999999999999 0.168 0.264 0.30399999999999994 0.24 0.384 0.28800000000000003 0.384 0.21199999999999997 0.304 0.372 0.29200000000000004 0.22000000000000003 0.3320000000000001 0.31200000000000006 0.272 0.348 0.38 0.24 0.33599999999999997 0.3 0.18799999999999994 0.21599999999999997 0.252 0.276 0.28 0.20400000000000007 0.364 0.308 0.21600000000000003 0.288
0.008393862323735195 0.009756423897554798 0.008258377805690938 0.012684268927503345 0.010633914626920152 0.008388918973971423 0.014446340359122652 0.012207737826434778 0.008893933270732388 0.011567628181923941 0.010871131917127805 0.009041979468272668 0.00851683031787994 0.010573636496735579 0.008460050237617932 0.008683771264950775 0.009400256132497533 0.016450523349761517 0.00964414937140941 0.008729277727666246 0.008555670909199172 0.009043318084079516 0.008499631886167003 0.00854687387649123 0.016608238019872098 0.012444152372962241 0.009801943719457383 0.008336928781869984 0.008555756409096987 0.009117242452147945 0.008796739992342782 0.008721324787096056 0.010884269327098047 0.008766330437388807 0.008753734418077013 0.008182758788867917 0.016788231849455416 0.01020482812827839 0.00989880591523698 0.008144440712709703 0.008606437722014354 0.008993876413523456 0.008581551577969734 0.011267598233172539 0.012213448973661035 0.008736459102376224 0.012109825679490422 0.012052123740505117 0.008227474453018432 0.008172958573084333 0.008795112388200235 0.008771856359075582 0.008154701273385887 0.01055999517091363 0.008690208941090155 0.01010778644824667 0.008587555885678303 0.009178326758744167 0.01096459597791094 0.011459539412002302 0.00839461498955754 0.00915026295003818 0.016237381218495432 0.009168090658611317 0.00901676724982851 0.010009660479124424 0.009680222485296238 0.016299478725555212 0.012296504203938031 0.008530381324129498 0.011907548499784606 0.011390549288994117 0.00825839303593084 0.012955968638348154 0.01251430717382541 0.008749736558322356 0.009792850631992958 0.008518274250004104 0.00919626008205506 0.012070731860402965 0.008755244910521348 0.008339097012425247 0.01052277772708822 0.010930974790648374 0.009012149818164946 0.013105143281396033 0.01011450423725413 0.008297780964011207 0.008549682968541436 0.010229505515579811 0.008165491032403037 0.008648864502321638 0.00862704605428921 0.008451050590617716 0.008171483104200553 0.011420881733866054 0.008438227537634848 0.008905490732625657 0.008472105427751807 0.010218847324956601
-----
100
122833
0.1
-4.049072492313559 -2.845038403452443 -3.645499479819013
-3.9377906939727807 -2.402903923098668 -3.6066284030669875
-5.186960946485809 -3.708538297521459 -4.312222294787721
-3.0831816115971957 -2.570173163867564 -3.0665649090964058
-3.3382920358304737 -2.795190931338892 -3.174829511196603
-4.023583445793846 -2.684891933948755 -3.8436291663451074
-3.625935690994845 -2.641290907425369 -3.6819349318065955
-4.232048525055275 -2.368558291773606 -3.9912264425137685
-3.4574942392411314 -2.5422240894154413 -3.1969301209394043
-3.3840727122571668 -2.284600616994828 -3.5973775381697513
-4.579773390389559 -3.220684894136424 -3.885273274951285
-4.091303187436 -3.043812743494444 -3.4460547704970184
-2.926174707401165 -2.3843721042556174 -3.0163809879253622
-5.599793730485534 -4.102883187239146 -4.322208002491334
-5.628169937865257 -4.166452320953991 -4.283674184050314
-3.4792527492487997 -2.792611291942137 -3.1813058957122506
-4.549813336083422 -3.201632284996016 -4.1725541063165075
-5.274198704283404 -3.8242625868669227 -4.215782128298937
-4.414888615060121 -3.0801064989640405 -3.707618586381063
-3.405678985533215 -2.7530256301078886 -3.370587631544926
-5.062957840770483 -3.6504336544499187 -4.270409880591528
-3.6393654579209818 -2.589981470019328 -3.569596873070462
-5.345518830216943 -3.9304901269827557 -4.282682825463438
-5.677183649174333 -4.061993217262423 -4.3803484472386565
-3.7664884716784575 -2.7942956747407335 -3.2928409228377626
-3.837437361385329 -2.6439931106167305 -3.7044065895245306
-3.3662603903174024 -2.7257743511576065 -3.2126636027627096
-3.75671319217114 -2.6908496236202533 -3.5417036049578043
-2.9149979971165703 -2.824329997771297 -2.8985236047026075
-3.570376241410902 -2.3771821042738583 -3.738515575405063
-5.3186922192552 -2.65302873816098 -4.45856446026413
-2.9945908303263407 -2.84518573816867 -2.808112349589006
-3.9429886334205 -2.557385305950166 -3.826275462148952
-3.5554610437670244 -2.35225413323128 -3.662014083825521
-3.982339218741948 -2.9826354016496 -3.5885092547953032
-3.1873969342038775 -2.882601829862479 -3.0036453924444744
-3.3988451500905676 -2.5759340256950907 -3.355315150743447
-5.941681176581249 -4.440611272634124 -4.314432429002822
-2.933194424920651 -2.1690121939166955 -3.248845576346717
-3.3475990083531864 -3.1996301655343915 -2.9472817764577535
-4.57293001385808 -3.0970878796513346 -4.16251470607947
-4.203688476350215 -2.9131559308031103 -3.7771365848942895
-3.140875105583757 -2.9454094947909932 -3.000941816323556
-5.006934693880777 -3.298575812580159 -4.361774855605646
-3.0900481952767684 -3.183948584846065 -2.8320812617014557
-4.088417416298578 -2.757570002208532 -4.097483849298392
-2.8901851248219903 -2.472828197377671 -3.0375991089205328
-4.410727347751295 -2.785446557458862 -3.9099329508786083
-2.9695337353346156 -2.8659360483697283 -2.7415729519719445
-4.304958041441493 -2.8604181535553552 -3.702755023590875
-3.1017026060112958 -2.633649567264696 -3.014539810385451
-3.41033954675684 -2.9097847505789964 -3.1418650425991865
-3.083035415785856 -2.4032479247285288 -3.226597180417932
-3.4239084595492932 -2.7480532678365512 -3.2447024562919573
-3.2630587572556418 -2.7833998464675407 -3.0132622851253457
-2.946447345502767 -2.5107173982318525 -2.9409347155585355
-3.3510856241207696 -2.645906985380579 -3.3314822200291703
-3.063948792053555 -3.0420526529563037 -2.832775010300632
-3.4767610964955082 -2.8632753822935753 -3.18321930452358
-3.3334647826662556 -2.5599087588577003 -3.241178072519293
-3.1454959370784867 -2.550248427753171 -3.1474494798395654
-3.654863015976854 -3.175057119488311 -2.9081075278814175
-3.207714164629543 -2.9392489211319974 -2.9871650850238023
-3.152003480516125 -2.8229582574785392 -2.92239403887772
-4.499469063602347 -2.9995476345328456 -4.2191776153746305
-3.73769774909648 -2.8996349599155096 -3.331113309839406
-3.8628173471421587 -2.7930798879066843 -3.5947279209140945
-4.43726646457855 -3.0959813214556435 -3.957537821798116
-3.194694201657345 -2.731943236137944 -3.1403252602930967
-3.7960423258721683 -2.783684024068268 -3.783443899148117
-2.913336033725776 -2.712545873184231 -2.889076084214328
-2.725177372878794 -2.4847678199659944 -2.919123747539597
-2.945177446390432 -2.749524548174572 -2.8885610629332117
-3.1837919993150705 -3.0538053022195357 -3.0003945450759524
-3.4178397440596147 -2.980581282606563 -2.928571451754328
-2.9537083859052355 -2.7299912170282195 -2.850318710688815
-3.286746988612413 -2.7344707295169126 -3.079906123743208
-3.8578514362592835 -2.623819140215326 -3.8516401902472372
-3.031446725950587 -2.4715465429954198 -3.14440145515624
-4.869668150213841 -3.3006441562336986 -4.33038432272786
-3.1828645962318767 -2.7902171641026063 -3.026471737837856
-3.2893430767901535 -3.162979669288867 -2.8093804443132564
-3.2038111204333743 -2.5832285181683536 -3.186736746346906
-3.975670371120646 -2.6516850605771545 -4.106388189514721
-5.426708378620806 -3.846598322047277 -4.338800815748906
-2.7887900649215656 -2.625980760624345 -2.880606916504249
-4.378166836614643 -2.75751528040941 -4.100825725766344
-3.055439721213011 -2.5119165443908 -3.101457473516682
-4.648795275674896 -3.111032506989442 -4.312561716275039
-3.629724717554869 -2.5237091458931378 -3.5396634949376238
-2.955686628510565 -3.0167606392987167 -2.6997852136439344
-2.7100411006078207 -2.370385455976358 -3.032311420399004
-5.146609757111024 -3.6844695213190537 -4.3003182753741225
-3.7851283803219657 -2.2230073618262542 -4.054172830893593
-5.177676596501065 -3.319309948896309 -4.233691493973623
-2.9891170474251028 -2.66237791312154 -2.853243807206318
-2.8928630025851056 -2.7037386477053587 -2.7732827686095094
-2.754700836755716 -2.677893727805957 -2.9297111787934558
-4.452534528318123 -2.926731168803819 -4.154235404854311
-4.549116726442439 -3.374957393022279 -3.873811454912212
0.06400000000000006 0.08800000000000008 0.092 0.07999999999999996 0.07200000000000001 0.09599999999999997 0.092 0.088 0.06400000000000006 0.07599999999999996 0.09199999999999997 0.06400000000000006 0.08800000000000008 0.09600000000000003 0.096 0.09599999999999997 0.08400000000000002 0.096 0.09600000000000009 0.08399999999999996 0.092 0.092 0.09999999999999998 0.096 0.07999999999999996 0.08400000000000002 0.08000000000000007 0.08400000000000007 0.08800000000000008 0.09600000000000009 0.09999999999999998 0.09600000000000009 0.08 0.09599999999999997 0.07599999999999996 0.09999999999999998 0.06800000000000006 0.092 0.07999999999999996 0.08399999999999999 0.096 0.09599999999999997 0.06399999999999995 0.092 0.07999999999999996 0.09199999999999997 0.07200000000000006 0.08000000000000007 0.08399999999999996 0.092 0.07599999999999996 0.09200000000000003 0.07600000000000001 0.08400000000000007 0.08399999999999999 0.09600000000000009 0.08800000000000002 0.068 0.07200000000000001 0.09999999999999998 0.08400000000000007 0.09600000000000003 0.055999999999999994 0.09199999999999997 0.092 0.09200000000000003 0.06399999999999995 0.07200000000000006 0.072 0.07599999999999998 0.09199999999999997 0.07599999999999996 0.09600000000000003 0.09999999999999998 0.06000000000000005 0.08799999999999997 0.08 0.07999999999999996 0.084 0.084 0.08400000000000007 0.07600000000000001 0.05999999999999994 0.096 0.09600000000000003 0.07600000000000001 0.092 0.08799999999999997 0.09999999999999998 0.092 0.09999999999999998 0.06800000000000006 0.092 0.092 0.09600000000000003 0.09200000000000003 0.09999999999999998 0.09199999999999997 0.08 0.09600000000000009
0.008939525476353774 0.00967292339425334 0.009968027090182532 0.010060537420395822 0.009396420402037932 0.009428540537246375 0.009398888415386268 0.010616161725470285 0.009540113996739012 0.010119032008956221 0.008905126385214592 0.008807098273221872 0.010696395814916203 0.010869304050112412 0.010881299140707767 0.009285679925056316 0.009513402200922155 0.009797069255825791 0.008837326308959545 0.009219961161892302 0.00972116662584452 0.009304531944852394 0.010125102292707116 0.011254187809480636 0.009068557641471034 0.009299791006934554 0.009368234011654757 0.009097463573423068 0.010651992179689138 0.010032276407236631 0.013129267538980766 0.010851818718285342 0.009648236373548311 0.00993118804760486 0.008800689046347114 0.009870214999539084 0.009398651016465583 0.012459292664997262 0.010783766884599791 0.009942543441799874 0.009590223749805905 0.00898607486785182 0.00994020061291483 0.010249872139072398 0.010707290945992166 0.010040746861016242 0.01057305428222485 0.009420427734903702 0.011218570390388425 0.009023505751506043 0.01009053171470498 0.009342664461205038 0.010062320037129863 0.009271783269598127 0.009796528659276273 0.01068464155506743 0.00936822290427717 0.010648984373221166 0.009245491022254812 0.00953556856618427 0.009855897179368071 0.009913291092740053 0.009884693271168636 0.010173261282071334 0.009933077058717285 0.008953295539930316 0.008983045428791992 0.009075854983120135 0.009639315823608571 0.009286995016082945 0.010730168190128788 0.011271990150671608 0.010649864104848906 0.009907787924654726 0.009877775275087552 0.010791527548380659 0.009647054737841608 0.00962308749581171 0.010126265341352901 0.010030747121514355 0.009846560692098319 0.010506462001875922 0.009694115935618077 0.010374488155306165 0.01041586644135565 0.01109906171392452 0.00994872630133056 0.010103503644610157 0.01014719674596816 0.009386776852860986 0.01149607288578962 0.011159277200475168 0.009887634799842589 0.011477738382524796 0.009965009481954711 0.010767182721082813 0.011275822350525096 0.010981024204870399 0.009812297361020648 0.008811678453165666
