3
100 100 100
1128 4394 116621
0.8 0.4 0.1
-----
100
1128
0.8
-5.446660450690279 -4.271955514304764 -3.801096736767523
-1.4063619231796736 -5.366440582827467 -2.7549118210959938
-4.369026243240841 -4.915325889181703 -2.905086011860402
-2.997720576237063 -0.6980443742946747 -5.12218720738246
-1.3167087049191366 -5.7365277215034345 -2.6823081387920227
-2.8105103155108697 -3.8234075169486914 -3.137310300866139
-1.750339506460592 -2.342393947082111 -2.7418751989893786
-4.241945001409323 -5.738804148524567 -2.7409494952317197
-3.8287533422859577 -5.186192121521781 -2.4400611822604543
-3.6485980398239457 -3.950274244546542 -3.1916924767981447
-1.9056867284841337 -5.587527677848767 -2.5254330413323784
-1.1753482522818928 -5.077867297239508 -2.5784142387145033
-0.6742195974535861 -3.192424383530299 -2.961121599561443
-3.6939287977028266 -3.271289232311458 -2.8644678829805197
-2.285001326043956 -4.718294750200537 -2.9436896277590887
-2.8497975094798784 -2.1045654245305365 -2.9852303708953283
-1.7594266783874897 -0.5895672943800188 -4.0465723934681765
-3.182658234795559 -2.316697617895393 -3.3964821140902477
-3.260119413529304 -5.4947334410403155 -2.7829187626564265
-5.08024328126297 -4.612651909596195 -3.375497300304464
-4.329674891708905 -1.4516746329758323 -5.419841859963942
-5.833888623168479 -5.192260614321432 -3.6755777576789272
-3.4253020935671934 -3.4504960791996053 -3.315232720109791
-2.4163232062233173 -2.245917539733824 -2.5949650728272293
-3.3753771993758406 -3.1213887700898115 -3.0085036667094758
-2.8965885126259807 -3.8584794973066123 -2.926565185432185
-5.639366835386152 -4.475549095043403 -4.378973592683793
-5.657439085235125 -3.133681643850476 -5.04644838766148
-1.4089793823027792 -2.5880325433312885 -2.9586142420500092
-2.2571708818882987 -2.988022147439661 -2.540264142997015
-1.5207533799764947 -5.7821728730772115 -2.5767283057937242
-0.5197768358590134 -4.078910547413121 -2.918843965215821
-0.3879695306957336 -0.598126768893354 -3.1474122506703326
-1.9854375903843664 -5.843484438753379 -2.8340008305526037
-5.191506996417435 -5.068470256094692 -3.0085191391396435
-2.3067718977366853 -3.3148084503584903 -2.9798427741552267
-2.7214871057522805 -4.4229506951925615 -2.7624385819005246
-1.999654617239977 -1.1569810647623555 -3.5744883927491315
-2.9756295055711064 -1.4606063375193639 -4.47311806033227
-3.4135055776311787 -4.263455160895881 -2.7631916004540167
-2.9894108842313694 -2.957163944639065 -2.7550662615031167
-3.380230426226723 -2.208341675862381 -4.30416136389757
-5.214994863308109 -5.819497720249343 -2.7637798534244142
-5.713023976802454 -2.5023727976256285 -5.867734520370448
-2.2666600781619515 -5.586796165510675 -2.7538925668311127
-5.881619739748902 -4.7626092160911675 -3.9362116233108986
-1.243822473437291 -4.564679692646898 -2.9648224611188954
-4.590505192712248 -5.012215376584914 -2.903249806721972
-4.622812267841647 -3.5681608156661784 -4.440572156391825
-5.525882644698417 -2.608318192797723 -5.129494126274462
-1.5995277951577878 -1.222347669640623 -3.524680397774352
-3.2500367848892697 -0.3487663122928524 -5.521837712341336
-1.2256220053862128 -2.619178374110267 -2.9961977331772602
-4.985349049249007 -5.147472351360911 -2.7838087549608375
-3.2858134719846244 -2.552891506438452 -3.1679580740043383
-3.290594697344464 -0.8795565093373288 -4.8799359277154375
-0.7789810332663567 -2.153932214404338 -2.6922704616633073
-4.495497584436466 -2.566073890150719 -3.8821374483468536
-2.2283959279059258 -5.992178797254361 -2.596400187704274
-0.5958727135972612 -0.7208585388132658 -3.0413528753844496
-4.406496613627304 -2.343145063070591 -5.053384908791865
-0.11682560943062015 -0.8655047885361169 -2.4924414910369634
-2.6573743738152076 -3.990337946032505 -2.7602085591551924
-3.587429411596624 -2.513048845898317 -3.747018214763932
-0.4651738623795243 -4.199847027715389 -2.7649989583019154
-5.975118326971517 -2.9135504275866686 -5.653120287493917
-4.564037256681766 -4.946196111635106 -3.1810328806530404
-1.2088477247321165 -3.8516796937140714 -2.5459449568859034
-0.4409689739605298 -0.6407613285308056 -3.0949312254319703
-1.894309769104476 -4.897234396816659 -2.8962280976542054
-4.475343347587682 -4.255805619316219 -3.7391863166883987
-2.7211992724310097 -3.103891724594471 -2.7175360929057373
-2.654485699383873 -1.8741063334276316 -3.1561377986405916
-5.35298552238256 -5.203481558820755 -2.9118111480913
-2.824273768639419 -1.0953692655084168 -4.236191687981073
-1.3098266506543865 -2.217918635885174 -2.4865661175279365
-0.9157682768678592 -1.0597693451939207 -2.716578699277095
-4.36477768202942 -2.082995803678435 -5.206180326433216
-2.1164553852278787 -0.9417759647936705 -4.173536583007325
-5.141067603564818 -2.5654402072103704 -5.0809833599798475
-3.8497118897531584 -3.534020171143651 -2.7355306819094536
-2.133925668683142 -1.137292619531836 -3.498772581970353
-1.7577346359494408 -3.537250039273066 -2.613443540144623
-3.7987775522019476 -3.2357887601200472 -3.3483642108682528
-1.5253829269444683 -2.3197293125228846 -2.4723578355657727
-1.4760591598909674 -0.9768581990016809 -3.377656433932468
-4.426852018464301 -2.9731353824771145 -4.424740261446512
-2.9923047211836655 -4.353153829704992 -2.4705307321453676
-5.178953111142303 -4.494370042514747 -4.048656756894646
-4.659226357521499 -4.781945633258875 -2.5174069618175037
-2.9624218626818344 -3.145710632346328 -3.2899307359286762
-2.9720995628300915 -2.2862957523733676 -3.3560759778940263
-0.47019935136124946 -3.4534716826501257 -2.95454908849087
-1.5078900640285084 -2.2062107410961587 -2.698934187974713
-3.0046883973468885 -4.139937918291771 -2.9991147340773177
-1.2838690436618982 -2.2775265348216616 -2.589824728826601
-1.4878597229974035 -2.0147470332489315 -3.006436272435496
-2.9765416397799154 -2.576403765109535 -3.3138877848026325
-2.7360907912398367 -3.679431645625906 -2.9098289653570135
-5.833548114948307 -2.847653862850242 -5.7013749484095335
0.776 0.46 0.3 0.604 0.54 0.7360000000000001 0.552 0.46799999999999997 0.764 0.45600000000000007 0.712 0.628 0.768 0.6 0.76 0.7280000000000001 0.6 0.508 0.452 0.5 0.724 0.7280000000000001 0.676 0.788 0.33999999999999997 0.5 0.196 0.744 0.74 0.708 0.64 0.704 0.744 0.564 0.428 0.616 0.43999999999999995 0.46799999999999997 0.748 0.44799999999999995 0.556 0.724 0.448 0.596 0.46799999999999997 0.656 0.764 0.296 0.472 0.596 0.788 0.616 0.784 0.536 0.548 0.768 0.54 0.5800000000000001 0.604 0.528 0.748 0.792 0.43999999999999995 0.18400000000000005 0.484 0.6759999999999999 0.6839999999999999 0.6799999999999999 0.66 0.676 0.248 0.54 0.6880000000000001 0.596 0.656 0.756 0.732 0.712 0.764 0.76 0.744 0.6839999999999999 0.608 0.21599999999999997 0.768 0.448 0.396 0.752 0.31200000000000006 0.708 0.6240000000000001 0.49599999999999994 0.764 0.544 0.76 0.6639999999999999 0.624 0.24 0.41200000000000003 0.548
0.010000000000000004 0.010000000000000004 0.010000000000000004 0.010000000000000004 0.010000000000000004 0.010000000000000004 0.010000000000000004 0.010000000000000004 0.010000000000000004 0.010000000000000004 0.010000000000000004 0.010000000000000004 0.010000000000000004 0.010000000000000004 0.010000000000000004 0.010000000000000004 0.010000000000000004 0.010000000000000004 0.010000000000000004 0.010000000000000004 0.010000000000000004 0.010000000000000004 0.010000000000000004 0.010000000000000004 0.010000000000000004 0.010000000000000004 0.010000000000000004 0.010000000000000004 0.010000000000000004 0.010000000000000004 0.010000000000000004 0.010000000000000004 0.010000000000000004 0.010000000000000004 0.010000000000000004 0.010000000000000004 0.010000000000000004 0.010000000000000004 0.010000000000000004 0.010000000000000004 0.010000000000000004 0.010000000000000004 0.010000000000000004 0.010000000000000004 0.010000000000000004 0.010000000000000004 0.010000000000000004 0.010000000000000004 0.010000000000000004 0.010000000000000004 0.010000000000000004 0.010000000000000004 0.010000000000000004 0.010000000000000004 0.010000000000000004 0.010000000000000004 0.010000000000000004 0.010000000000000004 0.010000000000000004 0.010000000000000004 0.010000000000000004 0.010000000000000004 0.010000000000000004 0.010000000000000004 0.010000000000000004 0.010000000000000004 0.010000000000000004 0.010000000000000004 0.010000000000000004 0.010000000000000004 0.010000000000000004 0.010000000000000004 0.010000000000000004 0.010000000000000004 0.010000000000000004 0.010000000000000004 0.010000000000000004 0.010000000000000004 0.010000000000000004 0.010000000000000004 0.010000000000000004 0.010000000000000004 0.010000000000000004 0.010000000000000004 0.010000000000000004 0.010000000000000004 0.010000000000000004 0.010000000000000004 0.010000000000000004 0.010000000000000004 0.010000000000000004 0.010000000000000004 0.010000000000000004 0.010000000000000004 0.010000000000000004 0.010000000000000004 0.010000000000000004 0.010000000000000004 0.010000000000000004 0.010000000000000004
-----
100
4394
0.4
-4.119598731974687 -2.930165062453294 -3.4350502707547736
-4.114438674847884 -2.8332426250332734 -3.4785367408464647
-5.627319502335391 -4.111765471484478 -4.389647609344342
-3.5246515266830443 -2.9392006500292207 -3.6245780184121044
-5.0736888700943075 -4.513459638723021 -3.965266801567732
-5.083239485545916 -3.0333157149631678 -4.629168972303719
-2.677792892374409 -2.0319872473848557 -3.365274107441717
-4.773528135193295 -4.096508272617342 -4.0427919748052314
-5.147682682545719 -4.574919735440991 -4.106176510571697
-4.715356301758115 -3.4697548587617955 -4.462458024610181
-3.447797125340192 -3.7140109001494404 -2.884925440951577
-5.361340649751623 -3.5211642423366323 -3.992235812178925
-3.4508849515182725 -4.05862649091957 -2.911708023049797
-4.119357400028416 -4.24663149939988 -2.922260674842591
-3.6734108330317445 -3.248877676904476 -3.108329540646143
-4.478874003232492 -3.7874102583299933 -3.921692797714151
-5.223328408590512 -5.066231933752555 -3.1160247122576195
-4.053066534992309 -2.569789702534936 -3.744020946253901
-3.073150689499971 -3.0116255035056563 -2.9521706791337614
-2.983090187914479 -4.197782672075439 -2.797575781713425
-4.6323061303180415 -2.706052020203127 -4.70410608390509
-3.7906347961326987 -3.365473932432751 -2.8586620560841633
-2.969673639347162 -3.415146352920874 -2.85409167534465
-5.613388281684039 -4.610339479450417 -4.376443732254931
-4.758430717255185 -2.8030463585703953 -4.736738794725325
-2.7514593124410722 -3.8451317270038032 -2.894318309679956
-3.7097253058143718 -4.870474283160504 -2.784511043458411
-4.624196194914033 -4.266688672420857 -3.2826995145324145
-3.6240892224409524 -3.390427449834076 -3.1953540687834
-4.754251176571684 -3.8785367634755414 -3.737716839255259
-5.595526466140682 -4.332604838946311 -4.32508654483143
-3.833395980745507 -2.8740231245965306 -3.555934888756963
-5.093500901782561 -3.7436985250512644 -3.724621766825158
-5.1452239298879885 -3.803708684213602 -4.28213117903093
-3.722540715958534 -3.8780706647533982 -2.912090473396463
-2.8521177487163536 -2.43242656864875 -3.493178238826646
-4.290356753681097 -4.466707287656572 -2.8852590031771506
-3.1679649228774327 -2.3267023569565874 -3.573202482469721
-4.271044137868499 -3.471053733684788 -3.708576750639977
-3.9393925750805883 -4.170609380495662 -2.817870376641034
-3.4768994186124234 -2.774812422203379 -3.3004390815824705
-3.2094341541882256 -2.224314080566673 -3.9021989021754875
-3.5425870638492785 -3.694771120926945 -2.938101986028613
-3.53136459196916 -3.0265482769016394 -3.518505666207075
-5.09600861598911 -3.5884011136069005 -4.129635424140844
-3.475713739013532 -2.84361336880086 -3.7383044687559357
-4.119904343865456 -4.48739705402141 -2.845838374372594
-3.637558547664891 -3.8132563493467924 -3.0300199327540063
-4.509465806053647 -3.692685808084187 -4.078845452237567
-2.8985637797187 -3.2006677422595926 -3.09749175197242
-5.38016735144128 -4.449718098675385 -4.085714634297294
-2.408740464469828 -3.9991821628644404 -2.796412209050132
-2.246083397725062 -1.8336203770539945 -3.324471915234244
-3.9031170553714496 -3.435165081307998 -3.5127024495165076
-4.848092222149438 -5.098237810511289 -2.966558007458195
-3.943977759928071 -3.7106917953753644 -3.4872089455817243
-4.745111224021016 -4.693644140833682 -2.871829952537656
-4.748120721051762 -2.7904375318546544 -3.973982746828873
-2.615127378403336 -2.797587705584778 -2.886730677009205
-5.513470212827918 -3.192972341966488 -4.8603212683907255
-4.668317151012552 -3.5117263569491164 -3.636611982485995
-3.130949471458409 -3.8253936059785545 -2.9271139761635996
-3.5201109371241723 -2.95281530757962 -3.128919876463188
-2.7471726983300533 -3.2560932140493426 -2.865402574370196
-5.178873551281123 -4.473989526573262 -3.9800529160577085
-3.534056629510587 -4.150404071737661 -2.7976313407138793
-5.385646158951873 -3.3647658123532285 -4.840367990634437
-4.211672252266585 -3.195891626010164 -3.695135582854318
-4.555412512874642 -4.139826365061554 -3.6915219150571095
-4.264025236476895 -5.236904001866597 -2.834400341149449
-5.110964181408693 -4.694391582428386 -3.4161549258575774
-3.946921320559644 -3.0178690181697156 -3.746870301681744
-2.5267133236639685 -2.187265923499691 -3.375939493000767
-3.384969618703805 -3.0305836863691447 -3.3429743917637547
-4.54937122643576 -3.4449512189796243 -3.3638219763996693
-4.5126490816556615 -4.957120299859155 -3.2009529190311765
-5.184598698641787 -3.1374391131920927 -4.57525741214701
-4.30361885018019 -2.9203423139120863 -4.262931986364984
-4.237665931588123 -5.7483480888001255 -2.8087018052066886
-3.9627883803216357 -2.420260401370119 -4.130880668535848
-3.816386473081491 -2.603405510763946 -3.9791656834712588
-3.052506931264781 -2.894226769331045 -3.023960124748387
-2.7677053370221216 -2.9868788351490965 -2.8394049413751254
-3.9267303243163196 -3.587578863360311 -3.4606562026020495
-3.598513295379168 -3.3252874372465184 -3.3609865067181497
-4.672558877436241 -4.096285280939683 -3.978063782486359
-5.369818014127831 -4.505437402804886 -3.2816972212799578
-5.141744785625797 -5.463400296798559 -3.8982139139595215
-5.050755488580506 -4.389627123688509 -3.967692186643479
-4.489037815869269 -3.8688970279588357 -3.5896060970346966
-4.840027933843524 -3.46499921965171 -4.124332220194087
-3.332008091141009 -3.5891271664627054 -3.0397872944337596
-4.170256621753188 -3.623453652144478 -3.7035723311318782
-3.2647227761019 -3.8299051757273603 -2.801173956864858
-4.332637427206758 -3.8293718860724777 -3.500719826018386
-2.6018070884590254 -1.9810665528126283 -3.5014549837752065
-3.3739984692523906 -2.65030553723862 -3.586288749972863
-4.796194287620722 -4.091312757981203 -3.767665562963123
-4.419970540058402 -4.168981998551572 -3.0420477701266613
-3.4493921212358822 -3.1733736569597597 -3.2005469800929465
0.39200000000000007 0.368 0.36799999999999994 0.20799999999999996 0.384 0.26800000000000007 0.396 0.08400000000000007 0.18000000000000005 0.352 0.28400000000000003 0.31999999999999995 0.29600000000000004 0.244 0.29600000000000004 0.07600000000000007 0.368 0.39599999999999996 0.28 0.388 0.352 0.36000000000000004 0.31999999999999995 0.36 0.31200000000000006 0.344 0.388 0.32799999999999996 0.21599999999999997 0.26 0.14800000000000002 0.172 0.3400000000000001 0.33199999999999996 0.28 0.368 0.276 0.25199999999999995 0.19200000000000006 0.364 0.328 0.396 0.296 0.16000000000000003 0.2480000000000001 0.19200000000000006 0.30400000000000005 0.22799999999999998 0.21200000000000008 0.336 0.36400000000000005 0.392 0.36400000000000005 0.16800000000000004 0.384 0.18000000000000002 0.34 0.38799999999999996 0.33999999999999997 0.356 0.212 0.3 0.348 0.28800000000000003 0.24000000000000002 0.38 0.396 0.16000000000000003 0.29600000000000004 0.344 0.396 0.15200000000000002 0.396 0.24000000000000005 0.29200000000000004 0.34800000000000003 0.352 0.252 0.352 0.23600000000000004 0.36399999999999993 0.232 0.368 0.23199999999999998 0.192 0.39200000000000007 0.34400000000000003 0.3720000000000001 0.308 0.37999999999999995 0.39200000000000007 0.12 0.28 0.368 0.22799999999999998 0.372 0.18000000000000002 0.16000000000000003 0.244 0.10799999999999998
0.009155202420300195 0.009256365665577793 0.014224296954805553 0.008711146500149744 0.01178001987292106 0.013215928270485065 0.009082562432322382 0.010957248532567838 0.012517548452267206 0.011944901096778775 0.008301231952476326 0.011947787188901379 0.008331513007947718 0.009035321794268926 0.008432143655133024 0.010016638568766585 0.011989360189817251 0.009685895236277896 0.00825666018239791 0.008334454613665837 0.012910104402224907 0.008749373797470327 0.008142807098209807 0.015065878415612181 0.013171788706536609 0.008082993321549924 0.009325963492698345 0.009638798934226485 0.008306885473949237 0.010112923642405028 0.014187778644834234 0.008930128339720067 0.010789810057386707 0.012219754225230695 0.008499931523027377 0.008705027050878293 0.009457323726623739 0.009003163614397909 0.00931546993239117 0.008920514067874327 0.008558844686251026 0.00970165318164556 0.00831632846710257 0.008542836058116735 0.011575839476611643 0.008915343179903291 0.009283192748099474 0.008322611097327659 0.010433604428308438 0.008028691115679675 0.012824062483344488 0.00829983670405757 0.009411709326800983 0.008680994527366178 0.01119177052008314 0.008679083215590511 0.010529816177863858 0.010917293511898195 0.0083536856307747 0.015268611871787794 0.009825966958200308 0.0081086376510182 0.008473235259136114 0.00813362483338866 0.012007551984453736 0.008555782844496854 0.014883607045240752 0.009308808408948563 0.009827110641239959 0.010503505294504256 0.01110291882658273 0.009178015615543048 0.008871408572443484 0.008323151776769962 0.009483626509681925 0.010160188589325915 0.013206862116111157 0.010790184764919828 0.011799375841074749 0.010495106754953885 0.009808504975972878 0.008271232982290594 0.008297115934114441 0.008637060931259405 0.008344346601542303 0.010611417541056852 0.011603970408585716 0.014046927497182442 0.01156922486002693 0.009468482383142135 0.011036050783391904 0.008115103248785926 0.009181647726248755 0.008299995919399403 0.00914661670921209 0.009263641288371318 0.008786349198123794 0.010331474038331628 0.009331786160585725 0.008261927060652346
-----
100
116621
0.1
-3.674228660550348 -3.1534303709198612 -3.3540734836670385
-5.677269626228635 -3.3729356301571687 -3.9912600377370073
-3.1421561467852808 -2.947734058132706 -3.2123062259671697
-3.8006795903741244 -3.5290033587412903 -3.5457887890303246
-3.6291885783902185 -3.3969856819614392 -3.237128456827016
-3.7267581875726545 -3.5790353740889675 -3.249375432087566
-3.6210619027695623 -3.243127757851252 -3.163860054408356
-5.527171383626347 -4.559218549787056 -4.230283944134617
-4.181885838695329 -3.2317958469642036 -3.939051018230143
-3.4641197499164758 -3.027383242568596 -3.304203386466677
-4.97982154965079 -3.9256663920434796 -4.0998371498586055
-5.009433638192317 -4.006274202019592 -4.242336313126818
-5.6744802219529396 -4.600149224045921 -4.272609756497754
-4.004029630352654 -3.109530539585329 -3.84567421579885
-3.5627366496999997 -3.0064298743090507 -3.3517516589340484
-3.9133742633307347 -3.2903533266679235 -3.7014020058557047
-3.3384594264603296 -2.9639808083316437 -3.270336763901703
-4.251871562632881 -3.6592435040603575 -3.513323258225225
-3.491967977561269 -2.901197834374073 -3.4428047827944597
-3.963923709746843 -3.0826715572222296 -3.8658367168553602
-5.556534414145723 -4.549801633700115 -4.2424069676612
-5.278347973116169 -4.478848958178182 -4.17512235062037
-4.789178518747921 -3.6914189112225015 -4.2828570652693285
-3.8028673211020334 -3.1455546883632852 -3.6512121968827427
-4.410369993072297 -3.2765775237555994 -4.012008308290007
-4.898926641190893 -3.8255756310443396 -4.239680085634708
-5.706821077454359 -4.751669706570522 -4.2156795986746385
-3.621463195894499 -2.78806249442733 -3.593756079838048
-3.5855513547512237 -2.9662650728018964 -3.6773254467947267
-3.8003602494748927 -3.18343671309588 -3.3235513550168907
-3.8721630137108676 -3.5418461816916142 -3.216309351279123
-3.749879635512541 -3.344423166623422 -3.248593159092388
-3.4556064295876032 -3.090415923265042 -3.183215618065616
-3.535635541523284 -3.260345157140936 -3.157628330597555
-3.9906055759099277 -3.1472999480439405 -3.699591618505374
-4.951852837133887 -3.9213284143640648 -4.2433824805406815
-3.455578879541494 -2.6891183843505613 -3.5419157271183224
-5.501598363894015 -4.45339271034512 -4.270359100017646
-5.817979576426709 -4.72888213412703 -4.2392520848076005
-4.223885262612662 -3.0137715465286967 -4.215288454016178
-3.5043283244866332 -2.776411931494125 -3.5047374497078443
-5.926611020966799 -4.855780834875734 -4.278295861123672
-5.800373814176572 -4.988934480333195 -4.185897949412882
-3.169742697754375 -2.878870048235887 -3.2555815850181666
-5.16268381025013 -4.078038334437129 -4.258606124372505
-3.8500333358786287 -3.252392047705471 -3.4556059081093498
-5.17011041317844 -4.0163184440235575 -4.309456529395272
-5.063147051407607 -4.11719249998668 -4.2131902210911605
-4.046250863825367 -3.232821981694729 -3.853365635808885
-5.603787124039932 -4.502968346440775 -4.287927233199638
-5.5486516127631775 -4.416293630498671 -4.297661310857711
-4.110110663295492 -3.4445589369392806 -3.54618536965564
-3.8116158272789136 -2.7877659449134304 -3.886908345861681
-3.949323655966083 -3.631701995235405 -3.2295363975962843
-5.0184867825661845 -3.3123024412368105 -3.7883433879410897
-4.66313004122632 -3.854536802309465 -3.9562216468882667
-3.4281001034309417 -3.0410705733414045 -3.278776138095215
-4.170959240859125 -3.4894062898346103 -3.176626139885952
-4.208749186601184 -3.448285196282433 -3.7708364345185705
-4.5631995606557 -3.564043018701598 -3.830325652576704
-3.881469582160529 -2.8918962869431692 -3.8234252948536254
-4.414438038488821 -3.413956318292352 -4.037114470304813
-4.518806238438778 -3.59425677791953 -3.9666931026737267
-4.146904961207366 -3.493301359905368 -3.6727239707494324
-3.824826218809148 -3.4139843613755634 -3.50694225987751
-5.076621129593564 -3.9923077050960796 -4.165117885011845
-3.4590761804111168 -3.2305653089465705 -3.1736211437230466
-4.141701482370647 -3.28289905934339 -3.8130684874486866
-5.89710584240659 -5.00559229090821 -4.201800146304454
-3.4676543372527298 -3.0557910096421006 -3.41060997071122
-5.107641890629145 -4.079943550036378 -4.080367864432649
-4.522961614042398 -3.5036958121088464 -4.203230235505835
-3.94505786422657 -3.6174455081599186 -3.427962115812717
-5.023777106441107 -4.084157353935164 -4.24738629904773
-4.069694886132982 -2.7537726587752274 -3.7828498892152735
-4.286614740690033 -3.478338860482723 -3.6525116732951344
-5.364534948332395 -4.140998467074649 -4.287291872223831
-3.5536976062914842 -3.0628072483776685 -3.29607370479542
-5.236073703368423 -3.2136047304715625 -4.286225240356358
-4.290956251250933 -3.1562472134872035 -3.89370920344363
-3.733803536109324 -3.0306636451913826 -3.725684526297017
-4.988522310769059 -4.083097183999031 -4.202686043801591
-3.7681107864627346 -3.494134562732879 -3.172968340359577
-5.860764002305739 -4.869013645824424 -4.242551200669515
-3.624722149456435 -3.1928563204727034 -3.3550371295808565
-4.850488909046092 -3.7470470259345516 -4.278381704230279
-5.0549730836214 -3.4897377665159985 -4.163714111467933
-4.534564203363328 -3.4016120706701756 -4.27063012883139
-4.075753196041516 -3.2168577548566 -3.655367423309456
-4.863628686839062 -3.3846127407407507 -3.8762193996451835
-5.889901896025739 -3.6100951309985083 -4.2146992332422855
-3.325258378180518 -3.406545411558024 -3.0890096832686096
-3.6739680226111693 -3.274634118654367 -3.3939763032969723
-3.596005901778631 -2.8949502061804084 -3.6021930256675856
-3.345522564783244 -2.8236264420918955 -3.329201525543566
-5.278642715918405 -4.266488069237652 -4.2359185715343735
-4.4562185904140375 -3.698825149278904 -3.9924747601697
-3.890951025779069 -3.362359785006653 -3.5576740484917035
-3.6022026701170677 -3.4137984195652114 -3.1104552911328205
-4.745790844941039 -3.8346390513972164 -4.135272715414646
0.07600000000000001 0.09199999999999997 0.08399999999999999 0.088 0.07200000000000001 0.07999999999999996 0.09200000000000003 0.09199999999999997 0.09999999999999998 0.08399999999999996 0.092 0.096 0.092 0.06 0.08799999999999997 0.08800000000000008 0.072 0.08399999999999996 0.08000000000000002 0.072 0.08400000000000002 0.09200000000000008 0.096 0.096 0.072 0.088 0.07600000000000007 0.092 0.09199999999999997 0.096 0.08399999999999996 0.09599999999999997 0.09600000000000009 0.08000000000000002 0.09200000000000003 0.07600000000000001 0.08800000000000008 0.096 0.096 0.096 0.09200000000000001 0.096 0.092 0.09999999999999998 0.09599999999999997 0.068 0.096 0.088 0.07200000000000006 0.096 0.096 0.08799999999999997 0.09200000000000003 0.09999999999999998 0.088 0.084 0.08399999999999996 0.07999999999999996 0.08800000000000002 0.072 0.088 0.09599999999999997 0.07999999999999996 0.076 0.08400000000000002 0.08400000000000002 0.09199999999999997 0.08400000000000002 0.08799999999999997 0.09600000000000009 0.07600000000000001 0.096 0.08399999999999996 0.092 0.084 0.07199999999999995 0.096 0.088 0.088 0.072 0.07999999999999996 0.07999999999999996 0.09200000000000003 0.08000000000000002 0.08799999999999997 0.092 0.096 0.092 0.096 0.096 0.092 0.09999999999999998 0.07200000000000006 0.08800000000000002 0.08000000000000002 0.09600000000000003 0.092 0.07599999999999996 0.07599999999999996 0.09600000000000003
0.009380734408618361 0.011668610556717984 0.011717901045274589 0.0085839763783158 0.009321000067436785 0.00900100620096106 0.009768853792628606 0.011844560252763814 0.008881084470478987 0.010208285247175156 0.008729875120987106 0.00929839112287505 0.012958614565485478 0.00915300884044543 0.009958416141467382 0.008704813941743599 0.010811244682630268 0.008053980000432384 0.0103514830999919 0.009329163562070529 0.011987764360303077 0.010496426361117216 0.009228828736769203 0.009091772769031073 0.008805102292345608 0.009084085210048606 0.013682851951589182 0.010480950578852065 0.010055261083991275 0.009194256318360246 0.008902439459054393 0.009154424924115483 0.010375118448009887 0.009923391161833241 0.00885656810722523 0.009179426468622506 0.011305762739160712 0.011520262876684537 0.014407290723744392 0.010480386915340393 0.010772294803018815 0.01647514857448254 0.015978873110627696 0.011730057358932401 0.009659481898362432 0.008811921999043248 0.009826713951781607 0.009382898918658752 0.00884953022295906 0.012242223836912447 0.011721165508388268 0.008244467273924659 0.01067363388760196 0.008750021308055682 0.009107564163145527 0.008199577852044193 0.01031555819418648 0.008967124118376626 0.008238468528450262 0.00808894743382569 0.009944353113990173 0.008649914781747937 0.008264306429560875 0.008172478287276089 0.008612675457048304 0.009086421282904366 0.010098456773610794 0.008573447130785911 0.017062395240030795 0.00998876158168144 0.008982488474357356 0.00906370098947055 0.008381316583553995 0.009429375896565785 0.01020751999303082 0.008100415888477337 0.010339780865403193 0.00992609824478969 0.010757932971612306 0.008858452778150937 0.00960083284152663 0.009213283411676874 0.00919246263680477 0.015769831617504584 0.009391193170906849 0.009216812647090596 0.009231377861843625 0.0094869677327431 0.008599837509939501 0.008629543792256054 0.012798509554769742 0.01055367243540605 0.009111776988494353 0.010149297183880829 0.011167564385706487 0.010136678619896861 0.008312391903041085 0.008559595355256541 0.009753000732087319 0.008652028927642701
