3
100 100 100
200 1627 291170
0.8 0.4 0.1
-----
100
200
0.8
-1.6440004543206541 -2.1365290508013217 -0.3856274049674182
-3.754162063284885 -5.842164782277594 -0.11717730257113956
-3.3912163688503747 -1.9223051721148696 -2.6676534743047555
-5.747748493207599 -4.9908454131023285 -2.5058461761767687
-4.095746525434128 -4.013553693475356 -1.9859427827172649
-4.570262903961789 -5.2073941777885615 -0.30449771948079096
-1.385280534894294 -3.899316223410078 -0.3097290671101849
-2.2145848904743133 -1.1967977591879464 -1.1579496982645665
-3.6159294021676054 -3.8894071381029787 -1.1877335607491029
-4.248228776883004 -4.190511083787117 -2.55758147596631
-2.7180214675345864 -1.0321550799628563 -2.9302458946392274
-1.6849635030381318 -1.3087566739189178 -2.071595262928807
-3.2884025735950946 -3.9024549585089523 -1.9726520327051258
-3.865906675885491 -5.222263571256141 -0.6289943978094819
-4.973179771405485 -1.2247774069932298 -5.362084484258533
-0.19599681202268293 -0.6250259096869399 -1.7980989571950028
-4.833636277393515 -4.207311866730127 -1.5236368337364734
-5.006908847862886 -0.6287361888627165 -4.38828551064715
-1.367579479052635 -4.3952542460177835 -0.18352984260921978
-5.015718081179621 -3.283225758286723 -4.370655157556262
-2.150182593666386 -4.989670333580418 -0.2610185929976767
-5.40633928547303 -3.964203099084379 -4.017723980620815
-4.97238871713162 -3.9397114803275084 -1.2962373792764899
-4.333637790076828 -2.4054776375808564 -0.18495199488127767
-3.4155187638333753 -0.6052377680884833 -2.1224219638144053
-3.203996991620741 -0.1129531729375639 -2.172143151809872
-5.161176135002765 -3.1395988308251264 -2.6116601552745005
-1.4528160656485314 -5.272906776123871 -1.9679701527475721
-5.287183341940477 -4.756835692962181 -2.9611931881494074
-5.869051157146382 -1.0628855337777203 -4.613584807224792
-3.730662943791509 -3.9709378623471525 -0.8980100699851414
-5.482341097008359 -2.844868258737053 -2.6115180206997
-5.687668249374496 -2.441266381023453 -3.6109947488703082
-5.0321479205074295 -1.0069009575966081 -4.98299271439728
-1.373871712469037 -3.750328859288168 -0.77775242276482
-5.063988775214535 -1.9974908058961436 -2.9645873962078513
-2.4747319722672976 -2.7498885464927696 -0.144138755173854
-3.3577781487386256 -1.5451839854469567 -3.600865667547664
-1.844100108311844 -0.024030405405587985 -1.5072195442533243
-4.549923460471819 -2.2586676830939605 -2.2598350817852904
-5.181310541270915 -0.9740800101918845 -4.808654869517865
-5.270914218749755 -4.040407187999534 -1.9901130670194345
-0.5238089784489617 -5.152207907353467 -0.5664971523625368
-2.432511329766523 -5.558525419393482 -1.2912482608288691
-4.631227317688575 -3.713584433183957 -0.599849749458393
-1.1051164735256034 -5.4894319047716875 -0.857134709344967
-4.973748539523416 -1.5842081088068944 -4.199566341232973
-5.453474856015479 -2.6663515233064308 -0.02854139953873691
-2.247091465410903 -4.074723120756326 -0.36210496616558885
-5.0630013708007215 -2.3106015466015815 -3.2745223829802823
-3.6971793108285804 -1.273062795161084 -4.384474200079815
-4.825707437553711 -1.0416279650186482 -3.7240177149418936
-4.234606213261722 -3.4247736779371505 -1.0058837423312976
-5.112403764237282 -0.9817664795293677 -5.748603797582861
-2.748716833636108 -1.0695004219990327 -2.12439306164888
-2.591948429860164 -2.8123389196075115 -0.4320716371658557
-3.977865608705257 -1.6347512632087504 -1.247340579225507
-3.618403001041438 -4.931355761835619 -1.21044325099475
-3.4738499310162267 -5.835332552169232 -0.44601448588629644
-0.10506653323861492 -5.2486387123142055 -1.4061195368124686
-1.1579861802214575 -1.1049494473334391 -0.25973832301251676
-1.2075039314757436 -4.936199931657547 -1.9137026287515795
-3.922361862998688 -0.893630254575001 -1.3854430057206617
-2.9284598353090554 -0.10955178537840471 -3.633114299724746
-2.1698372633305354 -1.9822804372983596 -2.749811734393102
-5.535548765393859 -2.503537214209067 -3.1736702680467475
-2.476338814700993 -1.8300911323929068 -1.5614940039806982
-0.5275803718415215 -3.592228953944093 -0.600873949600758
-4.715648662713771 -1.9623054254369148 -3.031574453640831
-4.5587529386474515 -0.7575302956088592 -4.085123959459779
-5.80708644358454 -2.0599179846771944 -4.790341677686623
-4.6552671954249565 -3.7854507197131815 -1.3971798172797776
-2.2612650531563006 -3.4754911435107942 -1.8394769464176743
-0.5022208092237737 -4.271352448459773 -1.5227558770300114
-5.30206146846495 -2.0227041801314707 -4.617041790307451
-5.8632466868113 -0.1193877358486084 -5.385758766008011
-1.9922664708527051 -3.9206612811514026 -0.42591400648216293
-2.6327575483271755 -1.7933007357020223 -0.08763193603091679
-3.471380475203679 -1.0953568890280394 -2.6958014108509176
-4.770746130916233 -2.6429251446575535 -0.6913584667288006
-5.598069010696914 -1.8575390510627514 -3.9006557933935206
-2.47126632783182 -0.05750981270972488 -1.9099889928896916
-4.230319893538425 -2.9740162526969005 -2.7204609019120056
-2.828620396378421 -5.216007364132475 -1.1546844412980857
-4.938353221453686 -1.8096444096346946 -3.6481685999089892
-5.189585489728276 -3.3727996540869554 -1.7867985254793677
-1.4638237481797027 -3.0585544774945363 -1.1300356323402498
-3.048113159380647 -5.149217056911253 -0.10213596460178476
-5.727421816131688 -3.6423094925605195 -3.135644776011626
-2.516112800148639 -1.5660593028407064 -2.7106865542263874
-4.189388645862989 -1.5189903040929629 -4.3833012406378025
-0.20654356293331588 -5.562049737559586 -1.0838677436168958
-5.788565659979355 -0.23711177371994907 -5.5508980663940575
-2.0383578561873943 -5.18941282337474 -1.9887510730080997
-5.184009227926042 -1.8373627154805297 -3.0646404623821577
-3.9917275380445814 -0.24490049336390474 -3.021884216646069
-3.342726757197554 -2.552751527915462 -1.7232857290710628
-3.0505459927062373 -0.7995401088250631 -2.604732154289141
-1.976339050386132 -0.8143647508790224 -0.39201417163615915
-0.30528662694043796 -5.359349296845632 -1.18696418351559
0.44067796610169496 0.47457627118644063 0.22033898305084754 0.7762711864406779 0.30847457627118646 0.4542372881355933 0.4474576271186441 0.4101694915254237 0.35593220338983056 0.4508474576271187 0.5186440677966102 0.5966101694915255 0.623728813559322 0.4101694915254238 0.711864406779661 0.7016949152542373 0.3389830508474576 0.6406779661016949 0.45084745762711864 0.7796610169491526 0.4542372881355933 0.5898305084745763 0.5593220338983051 0.7864406779661017 0.7186440677966102 0.6915254237288135 0.7830508474576272 0.776271186440678 0.6779661016949152 0.5186440677966102 0.3966101694915255 0.7966101694915255 0.6474576271186441 0.5796610169491525 0.4847457627118644 0.6576271186440679 0.4949152542372881 0.7152542372881356 0.5084745762711864 0.7559322033898306 0.4576271186440678 0.735593220338983 0.4237288135593221 0.5966101694915255 0.4440677966101696 0.5220338983050847 0.5694915254237288 0.7932203389830508 0.4474576271186441 0.6813559322033899 0.7627118644067796 0.6406779661016949 0.6983050847457628 0.7186440677966102 0.3728813559322034 0.4338983050847458 0.7525423728813558 0.5423728813559322 0.43728813559322033 0.6237288135593221 0.4711864406779661 0.7694915254237288 0.7830508474576272 0.5050847457627119 0.776271186440678 0.7830508474576272 0.31864406779661014 0.41694915254237297 0.4711864406779661 0.423728813559322 0.5796610169491525 0.6033898305084746 0.6847457627118645 0.664406779661017 0.6203389830508476 0.7457627118644068 0.42711864406779665 0.6508474576271187 0.4067796610169492 0.7932203389830508 0.5864406779661018 0.5593220338983051 0.3186440677966102 0.5864406779661017 0.28474576271186436 0.6000000000000001 0.5694915254237288 0.4813559322033898 0.7186440677966102 0.5694915254237288 0.7084745762711865 0.576271186440678 0.5084745762711864 0.7796610169491526 0.6949152542372881 0.7254237288135592 0.4372881355932204 0.4067796610169492 0.6949152542372881 0.5830508474576271
0.010000000000000004 0.010000000000000004 0.010000000000000004 0.010000000000000004 0.010000000000000004 0.010000000000000004 0.010000000000000004 0.010000000000000004 0.010000000000000004 0.010000000000000004 0.010000000000000004 0.010000000000000004 0.010000000000000004 0.010000000000000004 0.010000000000000004 0.010000000000000004 0.010000000000000004 0.010000000000000004 0.010000000000000004 0.010000000000000004 0.010000000000000004 0.010000000000000004 0.010000000000000004 0.010000000000000004 0.010000000000000004 0.010000000000000004 0.010000000000000004 0.010000000000000004 0.010000000000000004 0.010000000000000004 0.010000000000000004 0.010000000000000004 0.010000000000000004 0.010000000000000004 0.010000000000000004 0.010000000000000004 0.010000000000000004 0.010000000000000004 0.010000000000000004 0.010000000000000004 0.010000000000000004 0.010000000000000004 0.010000000000000004 0.010000000000000004 0.010000000000000004 0.010000000000000004 0.010000000000000004 0.010000000000000004 0.010000000000000004 0.010000000000000004 0.010000000000000004 0.010000000000000004 0.010000000000000004 0.010000000000000004 0.010000000000000004 0.010000000000000004 0.010000000000000004 0.010000000000000004 0.010000000000000004 0.010000000000000004 0.010000000000000004 0.010000000000000004 0.010000000000000004 0.010000000000000004 0.010000000000000004 0.010000000000000004 0.010000000000000004 0.010000000000000004 0.010000000000000004 0.010000000000000004 0.010000000000000004 0.010000000000000004 0.010000000000000004 0.010000000000000004 0.010000000000000004 0.010000000000000004 0.010000000000000004 0.010000000000000004 0.010000000000000004 0.010000000000000004 0.010000000000000004 0.010000000000000004 0.010000000000000004 0.010000000000000004 0.010000000000000004 0.010000000000000004 0.010000000000000004 0.010000000000000004 0.010000000000000004 0.010000000000000004 0.010000000000000004 0.010000000000000004 0.010000000000000004 0.010000000000000004 0.010000000000000004 0.010000000000000004 0.010000000000000004 0.010000000000000004 0.010000000000000004 0.010000000000000004
-----
100
1627
0.4
-3.1509060378329528 -1.4724108722404996 -2.7049472250606605
-5.321195486172765 -3.485467675586319 -3.5582542827391186
-4.795314094892216 -3.791234048974971 -2.572186224921169
-2.9198545669218987 -0.8613067881213099 -2.5580620702935293
-4.768176323178705 -3.8343592294369024 -1.6612316239335523
-5.675295525675088 -2.583615449268499 -4.136741181443624
-3.8946213935536136 -4.059228125771776 -1.1852890593571135
-3.749380828825179 -3.624496062728431 -1.4589180482731847
-3.3253584062082724 -3.0062173289572724 -1.4859517374484437
-2.8202030440022177 -2.6787667649414795 -1.4658564207886857
-2.6903477477883153 -2.2301132497337974 -1.2475823819471328
-4.219839169969643 -2.081504267756423 -3.1899700886980233
-4.174017029476632 -4.083620750502012 -1.3804367821013326
-4.761597323226503 -3.6328690572938194 -3.2606538186441667
-3.3761200245840923 -1.9965782249362503 -2.6164047857997925
-3.876986873156282 -3.3143913213778866 -2.22243119216268
-3.4837486558834954 -2.1293350843061916 -2.5572702471315267
-3.656663779483318 -3.419589998772018 -1.7122723163179676
-4.327092235588927 -3.5049994931513355 -2.379331374380608
-2.7253258942470864 -2.107441881792816 -2.19378638699197
-5.3016658068453495 -2.3833742098454023 -4.153964711798546
-2.989193005804728 -1.6603329647016238 -2.3977617870137857
-4.511387834946532 -3.706495299598878 -2.7769639113977305
-4.35917737011043 -4.287828329753116 -1.1533205341219095
-3.3014235460439014 -1.8974253233256606 -2.251421777113672
-4.925584506563945 -1.4378537867492118 -3.6603346898023723
-3.828921990885295 -2.411473517374037 -2.893082072791026
-5.137565607983958 -2.5256201710969317 -3.9384880363370325
-3.3639276319108893 -1.3445727559224334 -2.817346962985349
-3.77935241873844 -3.167162996402243 -1.156207416017965
-3.2626490409207984 -2.6782878050021925 -2.238255681115758
-3.0722031921401554 -0.47365441797456187 -3.1970194822996256
-3.8971581154859614 -4.154381807244555 -1.2437257271735311
-2.207993169685865 -1.9993638482204799 -1.452768226136742
-3.160424063176238 -1.217379010216006 -3.0865125872760637
-2.1503932422483416 -1.2978984968878393 -1.9752648593638842
-3.326963945573441 -3.383839374457639 -1.7247036286335518
-5.033406855029417 -3.4568032775071162 -3.702782704999554
-5.526075482592919 -2.5572984619476453 -4.167641456771807
-3.1706415536726684 -1.5083133988007247 -2.3056693966076214
-2.4848812104895215 -1.8099527123210395 -1.7077552627062427
-4.190802114865605 -3.7580530333099467 -2.089114840849938
-3.105988343129626 -0.5678770895101972 -2.8345640684811446
-2.313552533513957 -1.1680488848873016 -2.0094958837539063
-3.9299189156146266 -3.0985343099924716 -2.1918150264937957
-4.397824443784692 -2.5601249015142957 -3.2350162479056834
-2.111989638826506 -2.0391886379007422 -1.2280866003968833
-3.3719729767556963 -3.165195034335347 -2.1463742743963024
-4.750927265799296 -2.309964050250166 -3.628810807821896
-4.36602193286787 -2.855065636207631 -3.09822038418318
-2.8516604417686047 -1.9861855060355078 -1.7231735065517073
-4.4738085902857705 -1.028550937779942 -3.9568077365072307
-3.3036436056304 -2.147257623330198 -2.3890225067391193
-3.9936924666917717 -4.002687190291716 -2.7667103347703694
-4.395952594539393 -1.5097090945079978 -3.3961618563738503
-2.5379424183244828 -2.312830030529123 -1.5678838312834928
-3.0953654736472767 -2.7441261331734843 -1.1012965311310783
-3.2736714925917565 -0.8953320006099696 -2.6773537592524015
-4.416834716234936 -2.3568380990525504 -2.7290515766626493
-2.436072778693628 -2.5105052626120004 -1.5968525005419416
-3.050018492769237 -1.7644873888620662 -2.329702885660497
-4.646774754790188 -4.1428856263020695 -2.4875350636259816
-4.260902574115753 -4.3754001990398885 -3.2474057740193962
-4.707476091658884 -4.055808586687772 -2.068321050278405
-2.9076841280224426 -1.891862050466588 -2.1290761811395162
-2.715314138233298 -2.006857156934668 -1.8641061551442208
-2.158417924042938 -1.304657957652692 -1.8291874305977933
-4.339623294174832 -3.286065294645709 -3.154574147503386
-3.8441469820217318 -3.0475386262397146 -2.5218179752400705
-4.788956125122941 -3.0593575281984347 -3.5691419197078096
-5.657102578044553 -3.165747727852754 -3.9278441973765115
-2.3774744664228087 -2.6461654499131058 -0.9225979302332408
-3.3811802774197366 -1.0478308573219888 -2.784201531166428
-2.644121616690467 -0.3371341814980755 -2.8372757142030145
-2.241472908631453 -1.1784406063040538 -1.9116069912990015
-3.5471493916431776 -2.419991476059133 -2.5528127745579576
-3.9865591123861073 -3.339895050099412 -2.1523597322295065
-3.0405483781479252 -0.8949434797416753 -2.738177216208712
-5.209919628297797 -2.4598991995627633 -3.3018373524235884
-4.66242675723172 -4.129343080059514 -2.936131781149559
-4.165130225073298 -4.024422922164681 -1.773399582448702
-4.716379911681534 -2.5669019040087644 -3.805933474306721
-4.1777914347957665 -2.498205762037628 -2.609647273351111
-2.739836993810977 -2.1243638923230943 -1.3508766124478908
-5.007367088138804 -3.004588141294758 -3.6925286522654526
-3.511963506267023 -3.80495066541647 -1.0871853402512852
-3.614529070830445 -3.0993946631902194 -2.443746256807381
-3.670586444484434 -2.2998537142799504 -2.6853117000674165
-4.6075694718644895 -4.047679305638595 -2.0397673303691204
-3.50401620906493 -1.7410246658080095 -2.8840465785521365
-3.5210272967031053 -1.482185914490199 -2.8244444532273842
-5.40163608173823 -4.979682215160521 -3.1640240693227835
-4.0210337313608004 -0.5989768733167895 -3.7044728931768462
-4.09866035782927 -2.6309504411137796 -2.771937710358666
-2.9567619759095836 -3.0054196656687147 -0.900878525247406
-3.0422091526974664 -1.5235595981564103 -1.996360299694905
-4.951782838195495 -1.6264308551468858 -3.952293979045644
-2.702415411228424 -1.7343265360111424 -1.7707607999249864
-3.9823913947406155 -2.1048514849025697 -3.4244282508984645
-4.774485103185485 -3.181003893644227 -3.1030492756807395
0.31186440677966104 0.32881355932203393 0.29152542372881357 0.37966101694915255 0.27118644067796616 0.39999999999999997 0.36949152542372876 0.288135593220339 0.2745762711864407 0.3016949152542373 0.35254237288135604 0.240677966101695 0.30508474576271194 0.23050847457627122 0.21355932203389832 0.3796610169491525 0.28474576271186447 0.31525423728813556 0.36271186440677966 0.3593220338983051 0.3762711864406779 0.2271186440677967 0.27796610169491526 0.36610169491525424 0.311864406779661 0.3118644067796611 0.1457627118644068 0.3593220338983051 0.311864406779661 0.38983050847457634 0.17288135593220338 0.376271186440678 0.33220338983050846 0.3152542372881356 0.37627118644067803 0.3728813559322034 0.34915254237288135 0.16610169491525428 0.3762711864406779 0.2745762711864407 0.27118644067796616 0.3220338983050848 0.39322033898305087 0.30847457627118646 0.23389830508474574 0.3559322033898305 0.3457627118644069 0.20677966101694922 0.34576271186440677 0.11525423728813566 0.2915254237288135 0.3762711864406779 0.2169491525423729 0.2406779661016949 0.29491525423728815 0.26779661016949163 0.3728813559322034 0.3864406779661017 0.3457627118644068 0.376271186440678 0.22711864406779658 0.31186440677966104 0.3084745762711864 0.26101694915254237 0.2508474576271187 0.23728813559322037 0.3152542372881356 0.30169491525423725 0.24406779661016947 0.2711864406779661 0.3593220338983051 0.39322033898305087 0.3593220338983051 0.3864406779661017 0.3220338983050848 0.16271186440677965 0.36271186440677966 0.3593220338983051 0.37627118644067803 0.3525423728813559 0.32881355932203393 0.22711864406779664 0.2169491525423729 0.3627118644067796 0.2779661016949152 0.3728813559322034 0.29152542372881357 0.3152542372881356 0.3288135593220339 0.20338983050847456 0.25762711864406784 0.28135593220338984 0.3627118644067797 0.23050847457627116 0.3966101694915255 0.3220338983050848 0.3728813559322034 0.28474576271186447 0.37966101694915255 0.3457627118644068
0.009819203298780735 0.011687614629764247 0.010143448425752634 0.010960534425626133 0.00999936368171731 0.012248807490142254 0.009481989587342228 0.008939856394661081 0.008708901894806585 0.008951671561843951 0.009433195389311658 0.009356638685500051 0.009629898401101603 0.010670913627326237 0.009149232507315573 0.008848918672251082 0.008995443869249005 0.008758569544520426 0.009256802066421757 0.009372307991148573 0.011463010545399025 0.009588917820662266 0.009917844543498283 0.01024042070477313 0.009109775226554111 0.010478679872032258 0.009056843375721832 0.01093740746609944 0.009872935124206025 0.009008359904062246 0.008781718686988502 0.012190954898187745 0.009542602321817117 0.010056685415003548 0.01046920699489962 0.011121394817882116 0.00872853572230172 0.011482644381442317 0.011986344710310563 0.009587270683407841 0.009847111603700946 0.009267819844624381 0.011560359362367718 0.011075042077755356 0.008760399052875305 0.009446294024778585 0.010269260899133357 0.008755890591674993 0.010028200417713358 0.00940555798000877 0.009308067923225909 0.011068631294278578 0.008987239773614595 0.010051011511921443 0.009878485756741088 0.009342894081770161 0.00903796102104391 0.010579077320285268 0.009071624777281346 0.009317904516828995 0.009406189593653426 0.010433716945273291 0.011814120369007499 0.010143602799331972 0.009348122234412256 0.00938677046392031 0.011083110838157403 0.009787842929720549 0.008884699531365963 0.010434271240857534 0.012542010270437385 0.009663994481673379 0.010272402473747248 0.012970253059981153 0.011175111142188528 0.008876420320592163 0.00887061615311086 0.01084639526563802 0.010188226567944526 0.010959676783600726 0.009468320325163463 0.010374299292491732 0.00890276140002105 0.009421758042196091 0.010787175742079255 0.009161016672608411 0.008859829922338804 0.008950612417822216 0.009991531860953098 0.009433278848554681 0.009618113982583524 0.015540294596114994 0.011560997133052198 0.008976667990561614 0.009182977899228362 0.009642958357893982 0.010718752973604853 0.00969262367526799 0.009623025744939964 0.00991175046645279
-----
100
291170
0.1
-3.980123895376233 -2.337284241639524 -2.913698966306853
-4.491871032646695 -2.5707507772182634 -3.2413550251315018
-3.754902409678087 -2.7790324717788875 -2.714222293453303
-5.250884254242189 -4.054969951682996 -3.3114590891238738
-4.739268741492268 -2.758033856287579 -3.2057330446418533
-4.126712625201672 -2.2652445556044207 -3.3718593717844536
-5.492924163862635 -4.811712752328772 -3.5913744387745945
-5.180987126695921 -4.048626390632101 -3.6556056694242196
-4.079716486710819 -3.0022733794414203 -2.8787140714116406
-3.4170752100665895 -2.5191930460061256 -2.6907738585846186
-4.248227198670682 -3.1969341433906178 -3.0160369282952595
-4.543154381344657 -2.7843059852666103 -3.1926271488788114
-5.017670791794856 -2.4102231788420743 -3.325626934595886
-5.158969652443389 -4.140816884908755 -3.6466407862923216
-3.872434442571977 -2.6233424958328038 -3.103946286310414
-4.419964566438658 -3.0524767249680256 -3.6126881313462578
-4.856583258982706 -3.299023282873601 -3.3006854809706847
-3.8426061593642156 -3.053901165788069 -2.9224046665825107
-4.3410037252139135 -3.2855288938204756 -3.2720182608081014
-5.011650450106459 -2.588354432308839 -3.452788428509947
-4.103855177496736 -3.035093898210112 -3.0085864786586116
-5.663021452667401 -4.993444824546735 -3.5323516450201793
-3.8818410795156106 -2.6177965165764814 -2.684213872809084
-3.6547255172079303 -2.657110370931453 -2.57905540976496
-3.7153197005038754 -2.224561161226771 -2.8949241411733833
-4.228978028278404 -3.303070451412023 -3.0447516192293897
-4.188230145811129 -2.4828799025330666 -3.0279676737300396
-4.207164674079587 -2.396442948461746 -2.9364558320685674
-4.128138977706737 -2.633067088207098 -3.1521108478434625
-5.361863463550443 -3.7384272926826387 -3.2102512274974573
-5.003185607792598 -3.070710271757431 -3.458266369434521
-4.011263628403293 -2.9026871295442174 -2.878924901611599
-3.88789389431509 -2.984545316774981 -2.6845718394144615
-4.069937091004509 -2.6666488093530103 -3.0423204845412215
-5.956896370346252 -5.023851249484357 -3.5902171444885456
-3.519907236822085 -2.63696515124905 -2.8652644557603515
-4.3847075689421935 -2.5984701962505206 -3.0254139761117145
-3.5735253243978464 -2.36652055747353 -2.7695018546218675
-4.186462073989073 -2.236324898246743 -3.139623668635739
-3.6697209156667134 -2.6539291531574065 -2.7749447288974656
-4.893601996948618 -2.9377839030315704 -3.27623960545004
-4.18987008485863 -2.8164754033294135 -3.0027647369930177
-4.6140045436922845 -2.877133439556836 -3.0131590628075458
-3.5741503745174783 -2.604185422805894 -2.529333534667419
-4.931359594059964 -2.95619293366698 -3.445233621944947
-4.071843449361206 -3.067492698356903 -2.749922495666418
-4.4438473203958395 -3.2581920490436325 -2.9813541322609316
-4.024095115245308 -2.8736596405310824 -3.0111587263599144
-3.986544990420086 -2.5184331379295486 -2.8942956815280505
-3.7628730975854534 -2.6775856992611455 -2.6219533334078857
-4.7937092983874265 -3.5904465239588323 -3.490231474256033
-3.472401085558876 -2.690042218071529 -2.519219944829069
-5.884780712280577 -4.880948752837772 -3.647373086692334
-4.306418567841846 -3.0741455691837345 -3.027571274992039
-3.7436356752437705 -2.4120819203339807 -3.277292973839422
-4.458863220986653 -3.2867338146671847 -3.176348101733554
-4.107123890573837 -2.546880824492532 -3.134962563824788
-4.784204550461764 -4.172657595998528 -3.601379947009549
-5.038831480962383 -3.801810231724276 -3.238348622694584
-5.681220729618996 -5.0149486100542005 -3.6055068014745424
-5.206187352545204 -4.566638292843526 -3.5311954808974733
-3.7482547926423915 -2.7167243564619437 -2.7010979811856437
-4.104486814075735 -2.0611686272035445 -3.6364573206450035
-3.530315321336371 -2.6341279821706403 -2.5261877148673384
-5.827645845694945 -4.4918455641539925 -3.7415144643099105
-3.8695585552454235 -2.4711280449220183 -3.017209316603754
-3.7359215732582296 -2.541991205646538 -2.7407105665707143
-3.3835713222862758 -2.6418243072671013 -2.46417327876599
-4.751959322443427 -3.0786032805442005 -3.7110358143414515
-4.92687380069794 -4.243556562493996 -3.623449847304136
-5.102668812277221 -4.325418795857292 -3.643016556333686
-3.4961983841188182 -2.785263987715182 -2.5466600521939067
-4.055988247891396 -2.7523121070564116 -2.9705216523930833
-4.048912719855064 -2.4183474142908743 -3.103548250510721
-4.831721636872348 -2.528534897536266 -3.049191465311374
-5.419993494119501 -3.3128428165002863 -3.400850452819235
-4.770943724688447 -3.7906418562943243 -3.3899535451571805
-5.777125284993041 -4.753153539995343 -3.624779884092773
-3.6113156362152705 -2.5696576582262884 -2.5590455033354607
-4.337224994884279 -3.5121434012375623 -3.3137549013794443
-4.123813403036795 -2.4753407187279697 -3.090139841245274
-5.3655774803986045 -3.017442037599234 -3.1948161555156984
-3.8733985163315054 -2.8441326663580906 -2.8885956541900315
-3.7632868958802264 -2.6693239908723685 -2.6045440433303493
-3.605585974893091 -2.9353825126283257 -2.549144044401307
-4.48533158753011 -2.712569117824252 -2.819230494077339
-4.226920056519862 -2.853491949387215 -3.2040781251738366
-4.605249451201516 -3.6776300913204 -3.514064680164186
-5.670112460647864 -4.618538284734143 -3.613991954056482
-5.2514854522613765 -4.656769179836074 -3.5022057009385
-5.31410211778683 -4.7544908794327565 -3.5689600075849737
-4.489044423344145 -3.101278025585403 -3.331363034547504
-4.698656480757162 -3.1591230295376764 -3.1052377597016054
-4.721701737883611 -3.6593310637452516 -3.7221114712411887
-4.217966152933922 -3.057724350055322 -3.0217825862458243
-5.138013439594856 -4.0153702149312265 -3.6180636496862064
-4.243197563008465 -3.3110502967250954 -2.971173441896041
-3.477275856564875 -2.4547292573789075 -2.6250363708365643
-5.098143760005289 -3.6113417893374287 -3.6962453303122693
-5.159930220077236 -4.24297674824415 -3.5754260138744223
0.0847457627118644 0.0949152542372882 0.09152542372881356 0.08135593220338977 0.0847457627118644 0.08135593220338985 0.09491525423728814 0.07457627118644067 0.08135593220338988 0.09830508474576277 0.09830508474576272 0.08813559322033898 0.09830508474576272 0.07457627118644072 0.09830508474576272 0.08813559322033898 0.0847457627118644 0.09830508474576272 0.09152542372881356 0.09152542372881356 0.09152542372881356 0.09830508474576272 0.09830508474576272 0.09152542372881356 0.09491525423728814 0.09491525423728808 0.07796610169491525 0.09152542372881356 0.09152542372881356 0.0847457627118644 0.0949152542372882 0.09830508474576272 0.08135593220338982 0.09152542372881362 0.09830508474576272 0.08813559322033898 0.08135593220338988 0.0949152542372882 0.09152542372881356 0.08813559322033893 0.09152542372881362 0.09830508474576272 0.09830508474576277 0.09830508474576272 0.06779661016949157 0.07796610169491525 0.09830508474576272 0.0847457627118644 0.09491525423728814 0.09830508474576272 0.09830508474576272 0.0847457627118644 0.09491525423728814 0.07118644067796609 0.09830508474576272 0.09152542372881362 0.09830508474576272 0.09152542372881356 0.09830508474576272 0.07457627118644072 0.09830508474576266 0.0847457627118644 0.0847457627118644 0.09830508474576272 0.0847457627118644 0.09152542372881356 0.07796610169491525 0.09152542372881356 0.09152542372881356 0.09491525423728814 0.07457627118644067 0.09491525423728808 0.09830508474576272 0.08135593220338988 0.09830508474576272 0.09152542372881356 0.09152542372881356 0.08135593220338982 0.0949152542372882 0.0847457627118644 0.08813559322033898 0.08813559322033898 0.08813559322033893 0.09830508474576272 0.08474576271186451 0.09491525423728814 0.06101694915254241 0.06440677966101696 0.09830508474576272 0.07796610169491527 0.09152542372881356 0.09830508474576272 0.08813559322033898 0.09152542372881356 0.07796610169491525 0.0847457627118644 0.0847457627118644 0.08813559322033898 0.09491525423728814 0.09830508474576272
0.00720328641944174 0.007908034980030397 0.0071383567475560164 0.012236501279382493 0.008225345001879747 0.008016627767175922 0.02074065721146622 0.013059882618850856 0.007396183338497802 0.0072111493163649456 0.007785416544831978 0.007912971598619622 0.009190118957477103 0.013428138391556975 0.007486601753975202 0.008993195015478498 0.008973220178921673 0.007567440819940551 0.008364682979347615 0.009239335846456207 0.007573921474545648 0.02464807199652855 0.007029410024760748 0.007036386288418219 0.00720495591755599 0.007970492611397232 0.007383952019340104 0.007334246052788757 0.007536921604915515 0.011420521800867733 0.009332374107783474 0.007310674176567541 0.007248215797606411 0.00737445349879336 0.030159459424902665 0.007376457618721143 0.007532599537243472 0.0071171805015241675 0.0076128622577984265 0.00715437559512336 0.00867830514804352 0.007417496699240614 0.007862983541364225 0.007032756445122841 0.009052318393535099 0.007363364365677893 0.007936523165286547 0.007441413287164484 0.007167718899797033 0.0070304699374774664 0.009864200935644645 0.007146537539007866 0.026801434584917547 0.0076847042777354185 0.007892272937927065 0.008235505722270784 0.007491793899035814 0.012504233415093472 0.010401611688653873 0.02579647985627579 0.016018445773991356 0.007093785635707083 0.008966586686403674 0.007071627391992658 0.021461202150774523 0.007308310834669505 0.007053733149461284 0.0071775769948556984 0.009582871400077395 0.013253264410793152 0.014348522294410143 0.0072110591480044756 0.007317110104007804 0.0074352070331640905 0.008365075846955282 0.01101426365765739 0.010117523446540063 0.023185524779285375 0.007010567315668322 0.008898071901916323 0.007430437259087477 0.010252518166930003 0.007301036807810703 0.007020881434986577 0.00726568627621478 0.007556985420063285 0.007739192161830152 0.009981394681521127 0.02026459216613336 0.0169029801373739 0.018627176574849174 0.008307261999239939 0.008261823704577202 0.010823446806312524 0.007627462617335707 0.012587526528707572 0.007889040120527128 0.007081989374277657 0.011250920958320301 0.013700513033859593
