3
100 100 100
1095 3362 235339
0.8 0.4 0.1
-----
100
1095
0.8
-2.888726573270497 -3.7350856457710755 -2.423034039762704
-2.8846811412550837 -1.932201803535623 -3.245879277253467
-4.9054705656276045 -3.9548827850790107 -3.643047928836991
-2.8077825823384575 -2.6396471537652455 -2.340069890450352
-1.648901842641954 -3.9460232037928176 -2.1968111416698246
-5.183108948430776 -1.5800174720937452 -5.515121036171978
-1.2276897098152197 -2.1316893828302304 -2.2674302317133934
-1.7020326633723153 -3.288092478913033 -2.041703205020843
-3.205540070891672 -1.094295241721345 -4.380316571792369
-2.1214998932063276 -1.879272574738569 -2.3683909213582366
-2.1136000524666607 -2.4450993366647578 -2.021676100553444
-5.049425136024123 -4.4311147840178435 -3.5657383199988764
-4.95787635101078 -2.7428518763676806 -3.9891871126881626
-2.0271274694647055 -5.151019522886225 -2.0027100664046817
-4.163124269319886 -4.166290368003102 -3.378084750410071
-2.723397819576835 -1.8015869313692292 -3.049581350846317
-3.977927618395161 -2.1223163460200776 -3.671292527043433
-5.426192234355925 -3.3981319817438833 -4.415608247789005
-2.856770515618678 -3.310643054252357 -2.07259611457797
-5.9937574990981535 -4.616426866373068 -3.8546059890945608
-0.9223695349808878 -2.6690929751403045 -2.116023261677583
-1.9632560012705058 -5.9461593315783805 -2.133226012064045
-5.019426184653096 -2.022208174454176 -5.047737621132664
-1.3929156905235232 -4.1236846618435035 -2.0240537094100604
-1.3868566835902687 -2.893900274504894 -2.092076384431805
-1.4856663178242204 -2.8256784766268854 -2.1512145955368913
-1.964667082678866 -1.9945859638613168 -2.270751253914186
-4.5109861412368915 -3.2682950570382205 -3.1771662072982103
-3.5465032924004714 -2.3321188592840487 -3.6428350031720806
-5.245532913333019 -5.571391415148701 -3.0987607320512978
-1.9863111760671757 -2.7353154747708266 -2.1473389662720597
-4.134786710069433 -2.0715646887508723 -4.2940607938780175
-2.561403017472315 -1.897320549232771 -3.2101938601924185
-0.892264872800645 -1.5171199259105377 -2.3397910769318098
-4.978270215193929 -2.1432397965295995 -4.984098889152331
-2.308870416423255 -0.6280584970340355 -3.903919088662389
-2.625779054308256 -5.171043599003063 -1.9576607787594646
-1.4287951004575374 -5.0438563220305355 -2.1136239342383063
-3.328873620222177 -3.9694150429102693 -2.121175054464024
-0.45300837162672725 -5.704853097574322 -2.233731964463167
-2.821323341578436 -1.3098483849167426 -3.7245426762879896
-5.1045468653152355 -2.161629906548016 -4.691113977037654
-5.714768989193713 -5.464555353225341 -2.4437087798137473
-4.891082494509435 -5.512815495443353 -1.9069095543802472
-3.489509848100927 -3.079906938647772 -2.3643400343667818
-1.5806096487036037 -0.6812134767774483 -2.901985561599517
-3.9791564544474722 -3.2829839585621987 -3.3553423830321334
-3.6480384327630966 -0.413407796848567 -5.3174028598536225
-2.703114778442278 -1.4977424422262517 -3.343493196163787
-1.2088225133221382 -0.19050788288256104 -3.084882034149576
-4.659813696568109 -3.54428964061846 -4.146654056143349
-5.187847617781734 -2.5599135469256624 -4.126705375972974
-2.6934728333893387 -1.6701055947669978 -2.8319979243084705
-5.789109517485755 -4.329741662755374 -4.31849563921644
-4.8251087057379465 -5.086107630420313 -2.9294219495777885
-3.8115525538534616 -3.7965512012265648 -2.5947018420576358
-5.300042535071828 -4.99092926852737 -3.165797741825152
-2.4974666403790664 -1.7972996043362635 -2.696635372562398
-0.819928255338767 -3.364198445662433 -2.1949463131542744
-4.039373569638123 -5.3200625508981165 -1.8661796983524113
-5.022476475336302 -3.305396911061809 -4.1257460620290125
-3.237609181452889 -3.153635311870985 -2.640855817233901
-1.542638878321533 -1.2582299195988043 -2.3799754304443557
-3.2721060948976706 -1.85801476224899 -2.945810466328138
-2.5217763478303685 -3.4551461638556846 -2.1440534700620217
-3.1156677244914754 -0.90564483752574 -3.92571146225539
-5.708197835269878 -1.9028004212138132 -5.900271687872449
-4.989036495437059 -4.988944221302145 -2.2668136255971114
-2.986629063192799 -2.2840895868437796 -2.9937714394378854
-0.6541067853405451 -1.117953802993096 -2.0175067534126567
-4.303063289503994 -4.684437047230542 -2.425434374632445
-1.5839947590851926 -2.6073974980914536 -2.1871063488454996
-2.342244370503396 -3.8772989417446393 -2.0281771683446688
-0.6524299281944774 -3.353517592858036 -2.102614356240582
-3.635965645089043 -2.595909728581876 -3.579072900012023
-4.474920132930153 -3.336977934165935 -3.1375178580406318
-5.214768801702413 -5.380506832107639 -2.434701683299909
-5.901701937549996 -3.506941754913104 -4.573449574673376
-5.513256028406208 -2.6360364576300896 -4.745567317290931
-1.9823577297759218 -0.42508906991880124 -3.525088160820454
-4.0205121770503585 -1.8200789198845095 -3.8830260098060783
-3.654594353975164 -3.2190645022422313 -2.3318015492304163
-1.5174384906764509 -3.024608239967254 -2.120407750748492
-0.49795006970623845 -1.1432181728956845 -2.030751650050468
-5.462570286930761 -5.639418356231619 -2.318719911347957
-1.375797713464026 -1.4007912161380975 -2.1815850838696287
-2.8676590333028806 -2.8421629192397377 -2.317675882045016
-2.9367545957925 -4.716850006374397 -2.156427552567471
-2.6150171755063956 -2.1810991279434733 -2.384196197383938
-4.118157941738353 -2.6931747434006925 -3.0358465274447064
-1.0807369089258785 -3.895160385056272 -2.1330571813052424
-4.782177565536431 -2.493838649049715 -4.2404101058891355
-1.996807293545011 -1.9086813569270102 -2.3529924580486186
-0.8448385468795419 -0.06759145178564019 -2.737715940186683
-5.315364524231102 -4.779338162743538 -3.9561514319452087
-4.98263430305807 -4.595030689814025 -3.073847961263615
-2.613185529481879 -2.3423908827159634 -2.2250387175161013
-4.411563325017555 -3.1298495284810968 -3.5006597854708694
-2.722951458450633 -3.0089274873472927 -2.5575000865798647
-1.3411756746766565 -0.4785651887177851 -3.1990684254932042
0.6610169491525424 0.4203389830508475 0.5966101694915255 0.5050847457627119 0.6101694915254238 0.3220338983050848 0.6169491525423729 0.45762711864406774 0.752542372881356 0.4338983050847458 0.6372881355932204 0.711864406779661 0.4542372881355932 0.5593220338983051 0.7661016949152543 0.06440677966101699 0.45084745762711864 0.12881355932203392 0.38983050847457634 0.6271186440677966 0.3898305084745763 0.46779661016949153 0.6000000000000001 0.48813559322033895 0.3491525423728813 0.3898305084745763 0.26101694915254237 0.752542372881356 0.5593220338983051 0.4813559322033899 0.28135593220338984 0.17966101694915254 0.7966101694915254 0.664406779661017 0.3491525423728814 0.6237288135593221 0.6542372881355933 0.4067796610169491 0.30847457627118646 0.728813559322034 0.40338983050847455 0.19661016949152543 0.49830508474576274 0.7389830508474576 0.5830508474576271 0.5694915254237287 0.43728813559322033 0.4915254237288136 0.15932203389830513 0.5457627118644068 0.7084745762711865 0.3898305084745763 0.5864406779661017 0.5728813559322035 0.6372881355932204 0.5898305084745763 0.4915254237288136 0.3830508474576271 0.6237288135593221 0.7898305084745764 0.47457627118644075 0.6576271186440678 0.5525423728813559 0.7830508474576272 0.24406779661016953 0.7152542372881355 0.4610169491525423 0.6305084745762712 0.19999999999999996 0.728813559322034 0.38305084745762713 0.33898305084745767 0.49491525423728816 0.376271186440678 0.34237288135593225 0.528813559322034 0.45084745762711864 0.3288135593220339 0.5220338983050847 0.5457627118644068 0.7220338983050848 0.5016949152542373 0.32881355932203393 0.6576271186440678 0.5220338983050847 0.5898305084745763 0.1084745762711864 0.4847457627118644 0.6372881355932203 0.6779661016949152 0.4677966101694915 0.33220338983050846 0.23728813559322037 0.6949152542372881 0.3966101694915254 0.5050847457627119 0.5796610169491526 0.7220338983050848 0.711864406779661 0.7898305084745763
0.010000000000000004 0.010000000000000004 0.010000000000000004 0.010000000000000004 0.010000000000000004 0.010000000000000004 0.010000000000000004 0.010000000000000004 0.010000000000000004 0.010000000000000004 0.010000000000000004 0.010000000000000004 0.010000000000000004 0.010000000000000004 0.010000000000000004 0.010000000000000004 0.010000000000000004 0.010000000000000004 0.010000000000000004 0.010000000000000004 0.010000000000000004 0.010000000000000004 0.010000000000000004 0.010000000000000004 0.010000000000000004 0.010000000000000004 0.010000000000000004 0.010000000000000004 0.010000000000000004 0.010000000000000004 0.010000000000000004 0.010000000000000004 0.010000000000000004 0.010000000000000004 0.010000000000000004 0.010000000000000004 0.010000000000000004 0.010000000000000004 0.010000000000000004 0.010000000000000004 0.010000000000000004 0.010000000000000004 0.010000000000000004 0.010000000000000004 0.010000000000000004 0.010000000000000004 0.010000000000000004 0.010000000000000004 0.010000000000000004 0.010000000000000004 0.010000000000000004 0.010000000000000004 0.010000000000000004 0.010000000000000004 0.010000000000000004 0.010000000000000004 0.010000000000000004 0.010000000000000004 0.010000000000000004 0.010000000000000004 0.010000000000000004 0.010000000000000004 0.010000000000000004 0.010000000000000004 0.010000000000000004 0.010000000000000004 0.010000000000000004 0.010000000000000004 0.010000000000000004 0.010000000000000004 0.010000000000000004 0.010000000000000004 0.010000000000000004 0.010000000000000004 0.010000000000000004 0.010000000000000004 0.010000000000000004 0.010000000000000004 0.010000000000000004 0.010000000000000004 0.010000000000000004 0.010000000000000004 0.010000000000000004 0.010000000000000004 0.010000000000000004 0.010000000000000004 0.010000000000000004 0.010000000000000004 0.010000000000000004 0.010000000000000004 0.010000000000000004 0.010000000000000004 0.010000000000000004 0.010000000000000004 0.010000000000000004 0.010000000000000004 0.010000000000000004 0.010000000000000004 0.010000000000000004 0.010000000000000004
-----
100
3362
0.4
-3.1416290258155493 -1.489459683743545 -3.653640745413259
-2.978767539012359 -3.07460583883608 -2.4455523191299195
-0.6659041488875282 -5.6544162391979995 -2.0703776432578826
-3.5851885039504654 -2.16005200227362 -3.525572158538103
-3.0891890195646496 -2.1854691078754183 -3.3099108692040504
-5.805133563448649 -2.453960224906753 -4.173030692507059
-3.5617331637239795 -2.5012936385670934 -3.2975683706099272
-2.2615096124684015 -1.4003816289561763 -2.897555662026066
-3.7667528861779287 -4.708944497292768 -2.3361867638422464
-3.0301294233117053 -2.0701953454370057 -3.0313098488752575
-3.0977142724164413 -0.9570693737335081 -4.255027406833151
-5.964109267706026 -3.764658092490129 -4.561905746570611
-2.057210955756636 -0.8090815136692474 -3.373287545359543
-4.533650064532381 -4.635478480792388 -2.25462926335187
-3.7503341811587143 -2.3619137242647854 -3.602964175988877
-2.664734430043578 -4.574123789053073 -2.1002031551264575
-4.85251744513606 -4.947348184324559 -2.2834353912478624
-3.590638403670336 -3.566280284069134 -2.35042620839969
-3.261722983339956 -2.382074037641018 -3.0346949591456234
-1.0134828649991987 -3.769470873546174 -2.078381396460238
-1.4196791632608383 -3.9437829562331848 -2.0919501713867605
-0.6102554939257245 -4.550395760756715 -2.101647136501752
-5.857122462643472 -4.020145128929287 -4.406379678349667
-2.3640261790494943 -1.5205091056192117 -3.092355152979338
-3.321451437299701 -0.8708809548204743 -4.518973362973601
-0.3509070487683137 -1.0401233424920129 -2.1970209299337444
-4.449193875061262 -5.62337247932534 -2.1125020077980605
-2.0618715715143754 -5.529441433920625 -2.085777572781182
-5.8201608231243895 -4.677870150922023 -4.043738750116125
-4.902345482856323 -3.0915837466253735 -3.980640617732159
-4.1037585339530445 -3.835094890389505 -2.355673448678628
-3.3943848940358774 -3.2536484492214237 -2.4873974785399744
-4.818615855435726 -4.007071263214661 -2.3985819183640515
-5.002217920005814 -4.839612587576438 -2.0819167339535136
-3.2733081634255736 -3.6275956856088643 -2.41435570242482
-3.1041560122354417 -3.1429409891529767 -2.166617838403184
-2.904168812052216 -4.521730791020385 -2.0899189377210403
-1.5755184786341894 -1.8920941792117878 -2.1832688373659646
-4.154147473211522 -4.078452470180406 -2.3002101155680745
-3.517572884640049 -2.315300591303933 -3.6931622807945925
-5.023382032335177 -2.45937803217811 -4.7338475584062865
-2.559747817819705 -3.021765856403199 -2.354384343109317
-4.247906955474882 -1.5641599178614662 -4.8567887650725385
-4.701120377868661 -2.2309083000847836 -4.480512775744205
-3.6523643790967912 -2.0953211754723835 -3.7288439012466332
-3.1170025686327847 -2.0282939441028827 -3.4372787664307567
-3.700040077863812 -2.449093645845075 -3.465022986882815
-2.570612440118628 -4.953491342033975 -2.089072038910963
-2.354828072176841 -2.604999069543789 -2.180731910388569
-4.161611869302222 -5.370569783778963 -2.0718693897444544
-4.332484083090319 -2.2284692022229775 -4.413767010376204
-3.3854548933969393 -2.7961949993161417 -2.836194042880147
-1.6973830016993525 -2.501074685360083 -2.1982240251779714
-2.256958915754443 -2.9060917820128105 -2.0911671383086814
-2.1912119278138293 -1.6075033958584721 -2.689725662219239
-1.8738613326322926 -1.7896552515800894 -2.289258700301671
-1.475544866967766 -5.344175322193201 -2.0931520824931247
-2.7154544959365268 -3.437108433953229 -2.09478441461064
-0.5676249679644598 -1.2274046085682253 -2.1470333831481496
-3.8136217125213454 -3.1571182116436125 -3.049314358955237
-2.2415429881307096 -1.9955704774748253 -2.5380847670764686
-3.6362491898276543 -3.347815946184782 -2.303865310509324
-4.972548859723026 -4.871486315847837 -2.3363582729072694
-3.021423664720328 -1.7735142425418813 -3.501250068083366
-4.217823893179171 -1.8529313349998011 -4.497079097892727
-3.1137050151134362 -4.70430190845064 -2.0904942212659607
-5.750560617893048 -3.6192323822627386 -4.499887172440671
-2.9179747298852408 -1.8458445892363082 -3.3553215053449073
-2.2289836455439613 -2.4994587398003065 -2.2039456874301413
-4.064097065646515 -4.067630968299391 -2.26986199528893
-5.188099535338758 -5.696077101250861 -2.0727816471229312
-1.489688436427362 -0.1654755282075202 -3.385280707156566
-5.530663552998228 -4.361721428780896 -4.12051520034176
-4.07183684585294 -2.7462884829803413 -3.72287571990491
-3.8064917068767397 -3.5072363700892417 -2.853281420734161
-1.8488884211408325 -2.639837056781835 -2.1903950841608
-4.84005026471495 -5.438698528520123 -2.2343829306309013
-2.328996040385347 -4.476368780375096 -2.073078307502433
-4.0614396880932695 -1.313623008377757 -4.722537427019306
-5.145078189572302 -3.5008940982988213 -4.255566472764481
-4.426621342146996 -4.587785859377711 -2.4110153273634696
-2.124715973700486 -1.5671980234907739 -2.7529374892386502
-4.699297727625144 -5.747085966990108 -2.0880187722916492
-2.644010117556726 -5.1828625477437065 -2.085203402470495
-3.17993241498902 -1.6689828114293745 -3.480744026403552
-3.749701917245963 -3.76075866497856 -2.5253039320159685
-4.2762141389226525 -2.048147589525022 -4.044579303169053
-3.823143825218035 -2.4582592127671656 -3.814158699313495
-4.25289543832268 -3.582910890415778 -3.638909688933834
-2.0715188497346935 -1.8681888624929799 -2.6817609315780992
-4.653851029645253 -3.3077132369927718 -3.426856628540758
-1.2014578036637138 -0.09548354032943207 -3.242656230356332
-2.713717236681899 -4.383449109564257 -2.101510540970814
-2.1896912753592406 -1.9007559969361054 -2.5517401796140917
-2.14511312000313 -3.3961189982756204 -2.104335095062181
-3.804513971836095 -3.749432055640259 -2.3184818263877265
-2.9990647783748576 -2.2537720512337014 -2.9096035236858793
-0.797601724606571 -3.4267865538418754 -2.0810555288638115
-3.1104603902045715 -2.5721097767031087 -2.6795527143180156
-3.4504342610519187 -3.0748399196631535 -2.501453144801131
0.15254237288135597 0.3491525423728814 0.37966101694915255 0.3152542372881356 0.38305084745762713 0.34915254237288135 0.22372881355932206 0.34237288135593225 0.22033898305084745 0.3525423728813559 0.32881355932203393 0.18983050847457628 0.30847457627118646 0.2915254237288135 0.32881355932203393 0.33220338983050846 0.3864406779661017 0.2915254237288136 0.2542372881355932 0.3525423728813559 0.3728813559322034 0.3864406779661017 0.3627118644067796 0.29152542372881357 0.34237288135593225 0.3898305084745763 0.39999999999999997 0.3389830508474576 0.26101694915254237 0.3864406779661017 0.2915254237288135 0.39322033898305087 0.32881355932203393 0.35593220338983056 0.24406779661016953 0.3016949152542373 0.35593220338983045 0.3288135593220338 0.3593220338983051 0.3830508474576271 0.17288135593220333 0.27796610169491526 0.376271186440678 0.16610169491525428 0.1559322033898305 0.39661016949152544 0.3728813559322034 0.3593220338983051 0.2508474576271187 0.38983050847457634 0.3525423728813559 0.3525423728813559 0.2847457627118644 0.37627118644067803 0.2677966101694916 0.3593220338983051 0.3559322033898305 0.3525423728813559 0.3728813559322034 0.39322033898305087 0.13559322033898305 0.3355932203389831 0.3220338983050848 0.3491525423728814 0.311864406779661 0.35593220338983045 0.10169491525423728 0.25762711864406784 0.19661016949152546 0.23728813559322026 0.37966101694915255 0.38983050847457634 0.3525423728813559 0.34237288135593225 0.3559322033898305 0.26101694915254237 0.32881355932203393 0.37966101694915255 0.3830508474576272 0.2677966101694915 0.37966101694915255 0.11864406779661019 0.3491525423728814 0.36610169491525424 0.1322033898305085 0.376271186440678 0.32881355932203393 0.2033898305084746 0.3525423728813559 0.37627118644067803 0.3966101694915254 0.39661016949152544 0.3593220338983051 0.11864406779661017 0.30847457627118646 0.2135593220338983 0.18305084745762712 0.3593220338983051 0.36271186440677966 0.3593220338983051
0.009251926003127088 0.007568354909366506 0.019562956987798884 0.008227274597137344 0.007888110976968404 0.012178956984058147 0.007742033871854922 0.008740089086822734 0.009358112542790648 0.007787121442667234 0.01248346235423166 0.013966973922589292 0.010753295969118296 0.0101349831500526 0.008225384931613917 0.00957513805674447 0.011165258951697005 0.008014609784847089 0.0075881939268852075 0.010593364486151596 0.009923307764354097 0.013830658558857914 0.013317300008443944 0.008601084466553395 0.014040971014202062 0.013771074271202987 0.013077272322732519 0.01346629918104444 0.01326498560923001 0.009438739157157665 0.008550333888038377 0.00764700238956551 0.00959445517014991 0.01197929238195259 0.007822157812450128 0.008034895030595927 0.009401541634528419 0.009134371040954468 0.008884673420474989 0.008357877385797624 0.012252866189756604 0.007697177853589254 0.013659291179804814 0.011043184267978151 0.008623459699918913 0.008174768514524788 0.007976617768423875 0.010585042056413382 0.008068908933937085 0.011967173072992202 0.010533668450143162 0.0074406768861298034 0.008517762226097961 0.008221686051982825 0.00845741844042937 0.008786415331036778 0.014002747270291785 0.008209079517033688 0.012548379263424725 0.0075788105122652554 0.008053649066647989 0.008070555670841887 0.011099517892015229 0.008559609941053599 0.01128607266470891 0.009726696084466217 0.012841094439076741 0.008276523060639248 0.008115739213013857 0.008847507418842526 0.015116232453350772 0.014187959363724516 0.012028555693961454 0.008349075359186517 0.0076564874908556825 0.008341564503037567 0.012622996766801836 0.009671441554722514 0.013524743929224363 0.010604707110152172 0.00956250784548735 0.008537391584037783 0.014101023978452927 0.011242641117052445 0.00866655664106228 0.007964821130078285 0.009626400374621012 0.00854706867913058 0.008440966014341496 0.008204439256790864 0.00841462659360205 0.014876155141674733 0.009191748998588102 0.008163569927096194 0.008395320654490585 0.008300957756647468 0.0076098389314417 0.010732236733934735 0.0075010325589957 0.007650937475165599
-----
100
235339
0.1
-2.173799155851235 -2.2136149813825905 -2.365788086628331
-2.417320264260565 -1.6116232034477975 -2.9927653822099676
-2.2002321775599585 -1.501398306550613 -2.872952281076281
-2.3746626757688523 -1.6315109569138415 -2.898572847278124
-3.496082731319346 -1.9936281769373474 -3.6842542997234227
-2.8121930358047997 -1.5391504578343127 -3.341094914441707
-3.8615544164963076 -1.8901329334706403 -4.051439231922486
-2.0429547233647023 -1.4041189845536861 -2.8255109688711415
-2.1747829476364244 -1.8113262069247846 -2.6387070787483884
-2.798784134589119 -1.8963271267994142 -3.096934920377594
-2.5954713621588783 -2.443808800078803 -2.441349769129743
-2.2108214501327033 -2.0780261108324316 -2.451299275097542
-3.7972240847439442 -2.237820163027276 -3.5799850049005166
-3.1838932899440797 -1.5094023822618297 -3.708970501556485
-2.8207002163184347 -3.115726015787563 -2.2990638848104474
-2.1070805055090247 -2.207852567538353 -2.3230870317592967
-2.154898298991819 -1.9167488513226738 -2.5147238449729947
-1.983525621054349 -1.6068552641436238 -2.6286431049065397
-3.7226042993552833 -2.0436355285712997 -3.921726863822556
-5.218173642426001 -3.1064342637196707 -4.48528757611856
-2.0026225641231097 -1.6306005119671512 -2.6459992224229514
-2.437757402155275 -1.9217561143599151 -2.7193480244567945
-3.1010367615859575 -1.9796798243617446 -3.3394767568923918
-2.0741335400674337 -1.7866490406994926 -2.549842544536426
-4.173567509577056 -2.3299871013531064 -4.107402868496321
-2.6129400480663625 -2.393807668750206 -2.547371738874893
-4.758130294227494 -2.2830545341731305 -4.262119267392319
-2.383007117287593 -1.8465978968367645 -2.7285247393586403
-2.2599930132224983 -1.6247817845201031 -2.8316026603304296
-2.3196974326999698 -1.96024679798624 -2.5907203755736834
-3.437488723974025 -1.8379202249374538 -3.7199224726220117
-2.261285776962409 -2.2412550364345063 -2.3962131286205124
-2.330295897093846 -1.9570283893874416 -2.6454710520351723
-4.989758814909879 -3.0234509280338706 -4.22850424773551
-2.6542874434885952 -2.79786287979468 -2.314612402536066
-4.3415769822227706 -2.60611246492358 -3.981110463850202
-2.7324802644908304 -1.313168277378613 -3.5389578531295673
-2.732641805626604 -2.193245730217367 -2.6576696243479523
-2.36874021622092 -1.517121768019838 -2.9880434929072024
-2.2987717331542155 -1.7365857135057947 -2.784069336709915
-3.344754790048323 -2.0391985125170837 -3.5715995784280095
-4.094865595228224 -2.0711200485612915 -3.940179012370917
-2.198961783688784 -2.008492313624684 -2.50410299092097
-2.8263440258955264 -1.449548982976054 -3.3950355644380856
-2.7344667946508348 -2.849772456005343 -2.331923467157015
-2.284932938380378 -2.1771508105261117 -2.4269164524130535
-2.1580455170943678 -1.551957303563639 -2.750276703941698
-2.8995529722165125 -1.8717817434219515 -3.2766138593747898
-2.527309414360002 -1.667097235662474 -3.08888732689879
-2.2872458954410746 -1.4635276295136375 -2.965913566624562
-2.2725644992776237 -2.2246841371757826 -2.4181544158035084
-2.806049843494751 -2.1214886425112054 -3.0761710979873382
-2.6376027345061193 -1.4860332674867784 -3.3139412470778464
-2.936243457171659 -1.993695258955598 -3.1030120321146795
-5.415342887286365 -3.3134237932042145 -4.477999491752318
-2.120652920631671 -2.267059991880972 -2.3698890501696157
-2.406791032586474 -2.15868353037865 -2.6060688861423222
-4.687471952129492 -2.5440639493387085 -4.294754525404001
-2.892026291872691 -2.87193041478146 -2.3745279115363367
-3.580179165021401 -1.7802089058073345 -3.8507943398602285
-4.324350254654268 -2.309787518339492 -4.246402940428976
-2.18855363885627 -1.6097159538698955 -2.7101767053681054
-2.1337234408799732 -1.4271728515853594 -2.8600721264291162
-3.11126046906447 -1.5954276868470456 -3.5624974033489036
-2.3940136446781635 -1.7156167432740896 -2.8669837748769207
-2.6671145898076776 -1.8988846606510683 -2.996899143884623
-2.201256031587852 -2.04765132037569 -2.513170127498828
-3.1412987465049884 -1.851417781743026 -3.3512259799538398
-2.629557879276117 -1.9954324957495801 -2.8500176485347546
-2.157133528789182 -1.7923339684856703 -2.5544088193110444
-2.25446143563388 -1.4858748722530233 -2.912264035259014
-2.4817248957901947 -2.681809869016246 -2.330956125464563
-2.066475111650095 -2.1776930340243914 -2.3746824945477814
-5.946659113040538 -3.740228227770116 -4.532282563455304
-1.926388554405491 -1.7477542215989232 -2.514329803893474
-2.564530689399908 -1.9772924160757879 -2.855790390149152
-3.39135421761607 -1.913424994548793 -3.4493594231733167
-5.400398252298764 -3.314864776080033 -4.446286508135214
-3.6438373298265696 -1.9545534815099899 -3.802387002207154
-3.4968415175226117 -1.7763045111967615 -3.856625493849517
-2.6232630839116755 -2.898419199183886 -2.289862487775962
-2.973323699111053 -1.8674507271502614 -3.2003304727511024
-2.232526099236736 -1.829815770391149 -2.617018448847469
-2.3992544112912295 -1.6168620948861656 -2.9461985434686038
-2.594801950574966 -2.414504400397854 -2.5317165081405313
-4.917240765172715 -2.83425007590514 -4.266593873696038
-2.4550578651528796 -2.527325178312613 -2.283900066491311
-2.14186294712892 -1.5791078263775638 -2.777595497142428
-2.4252796586900063 -1.6207733940332947 -3.010823114328951
-2.9064267298735786 -1.8475890142952098 -3.2238214870469006
-4.772186982994365 -2.6096122074382513 -4.354700383548788
-2.717954339463242 -1.8408879841872625 -3.062075133804618
-1.9831771683744905 -1.9317962767854584 -2.4562854105889382
-2.307478313717602 -1.4645216116984774 -3.0394872506118906
-2.705904817640221 -2.169136328116826 -2.7581860680406995
-4.269638890120364 -2.2432583862680766 -4.323091074781983
-2.2419456718195097 -2.001330824928998 -2.587869811135132
-2.3832239081036297 -2.5418134423978067 -2.323959581120302
-3.551832032606011 -2.0261812779159687 -3.6647075846675503
-2.6805999809698298 -2.957379188066033 -2.2501401095122513
0.06779661016949157 0.0847457627118644 0.07457627118644072 0.07118644067796612 0.08135593220338982 0.08813559322033898 0.09830508474576272 0.0949152542372882 0.0711864406779661 0.09152542372881356 0.09830508474576272 0.09491525423728814 0.07457627118644068 0.0711864406779661 0.09830508474576272 0.09152542372881356 0.08474576271186443 0.09152542372881356 0.09491525423728814 0.08813559322033898 0.09830508474576269 0.06440677966101696 0.07457627118644061 0.05084745762711865 0.09152542372881356 0.07796610169491525 0.09152542372881359 0.08135593220338988 0.08135593220338977 0.0745762711864407 0.08813559322033898 0.07118644067796609 0.09830508474576272 0.0847457627118644 0.09830508474576272 0.0949152542372882 0.09152542372881356 0.07796610169491526 0.04406779661016949 0.09830508474576272 0.07118644067796609 0.07118644067796612 0.08135593220338982 0.08813559322033898 0.09491525423728814 0.07457627118644068 0.04745762711864407 0.08135593220338988 0.06440677966101704 0.0847457627118644 0.06440677966101693 0.09152542372881356 0.09491525423728811 0.09152542372881356 0.09830508474576272 0.06101694915254241 0.09152542372881356 0.08813559322033898 0.0983050847457627 0.07118644067796612 0.07457627118644072 0.09830508474576272 0.09830508474576272 0.07118644067796615 0.09152542372881359 0.0576271186440678 0.08135593220338982 0.0745762711864407 0.06779661016949154 0.09152542372881356 0.07796610169491525 0.0745762711864407 0.0847457627118644 0.09830508474576272 0.09830508474576272 0.06779661016949157 0.0949152542372882 0.08813559322033898 0.08813559322033898 0.07118644067796615 0.0711864406779662 0.08813559322033904 0.0847457627118644 0.061016949152542375 0.09491525423728817 0.09830508474576272 0.09830508474576272 0.09830508474576272 0.09152542372881356 0.06779661016949157 0.09830508474576272 0.09491525423728814 0.08474576271186446 0.09491525423728817 0.08474576271186443 0.08474576271186443 0.04406779661016952 0.0711864406779662 0.054237288135593226 0.08813559322033904
0.009690974534979427 0.00989775596912954 0.010382735956166535 0.009899206269885387 0.009580572032055666 0.009967588130857302 0.010718848672229282 0.010855432537697034 0.009938566973702424 0.009152792071143778 0.008879303722005375 0.009695080499149217 0.009187485645428617 0.010494561124931653 0.008451479189968454 0.009874263854099428 0.009931344893775874 0.010637954988880123 0.010097024187127275 0.0132197181967653 0.01053629263336235 0.009396837652720433 0.009112808026195579 0.010230048954956807 0.010516803180815708 0.00878485109159192 0.011755821031771483 0.009566199610817087 0.010058060286255876 0.009566541252060346 0.009873992738080479 0.009492243148650225 0.009503015596856046 0.011613544437065536 0.00871159207355379 0.010085493209164935 0.010853181312905564 0.008856328738769886 0.010141090774091813 0.009817179025652262 0.009324290639884127 0.010266041461706262 0.009736946111976437 0.010216037639132166 0.008598841697901136 0.009503814462831507 0.010384825096170365 0.00927481059943095 0.009723000791484209 0.010350064558371744 0.009464309742103997 0.008844509712484103 0.010176793861577006 0.00895563415121047 0.01379010638789002 0.009677389170862123 0.009169653392284741 0.011515917886372318 0.008454681624219126 0.010272156735954302 0.011127356378028495 0.01025175305023788 0.01064871882724465 0.010045903027078324 0.009724890618190062 0.009192829810628527 0.009658719040401918 0.009295936714172273 0.009076378223228545 0.01010032608739082 0.010340671745750134 0.008899918564292127 0.009869926060083634 0.016598896514783575 0.010593652509106558 0.0091477614686394 0.009302855483125427 0.013584861064312191 0.00989738493073145 0.010295816449439332 0.008699275806164695 0.00918117241164026 0.009857447251491595 0.0099001720532021 0.008791211400928332 0.011636877431585594 0.009170918969759008 0.010330809808167994 0.0098764822104781 0.00925660502836914 0.01184099671357263 0.009268890535074976 0.010245694141752172 0.010342229871060737 0.008829682076336522 0.011464474029317747 0.009588796519158222 0.009135595134300963 0.009503187380238356 0.008700484711372714
