3
100 100 100
201 1543 71348
0.8 0.4 0.1
-----
100
201
0.8
-4.020225231264353 -2.933370016836225 -1.367229726783581
-2.4853191201372002 -1.3780791376396495 -0.8453678777446214
-3.1910792457347013 -2.842979559432724 -1.4037143361413227
-1.2733996306432145 -5.718912939948213 -0.3698099997416584
-4.820153610234137 -0.7755712828038082 -1.5033241657352
-0.41666352660160655 -2.1076433941966664 -1.6358760160211707
-4.272202743659751 -5.906880456088319 -0.19310594204127973
-5.000217107953651 -0.7913921986651928 -3.0777141100781407
-4.363411801471425 -4.260300883180216 -3.810637192746139
-4.021532170811579 -1.2043921078799222 -3.729414453959457
-4.625914214129789 -1.3818145540122 -4.0238018034802945
-1.1875547959861468 -5.174951950376153 -1.792263903115848
-2.3880834276006033 -5.322416073445884 -1.6221407875717198
-2.6046832579568364 -1.8299773784511864 -2.549408434722321
-2.4962373450032493 -4.128687511174062 -1.5668708091893464
-2.1058129039466644 -0.5011100615624997 -2.8774908498296727
-0.9447551227675035 -2.100021804600619 -0.38324683786624725
-5.234264500945638 -1.9733826025262164 -2.3041155238060007
-3.341130547073021 -3.8144889938480038 -1.2545804527796243
-2.8966040719344757 -1.8946151840173417 -3.21989034677711
-5.3547067247847036 -0.44888035088519995 -0.9732274697493599
-4.381313277129792 -2.784717176160248 -1.4885344498421649
-1.1004422411700352 -0.20305785911881458 -1.7827958215517832
-5.686016796970377 -2.8891809672610766 -2.830591678574169
-5.476056170798268 -2.301751929079734 -4.777101450796004
-3.3638403861166735 -0.6513822028414715 -4.045835739295805
-3.9736870641503805 -3.66702161839989 -0.6035128155271021
-5.341880503491358 -4.207857770545644 -2.2636975184242476
-3.090005569132179 -4.195578501327676 -1.1795244722108382
-5.035473522198807 -0.7367451886982863 -1.5918086800110052
-2.7118555894356984 -4.208011111005671 -0.5864841909025778
-5.170808973207222 -1.1800428578435582 -0.41373874902835794
-4.347961614171642 -1.832774370240978 -4.322758627120466
-5.308546137458057 -5.600467789372458 -3.47674023345575
-5.3374116324891165 -0.01519243538706938 -2.275985138396444
-4.502618454767712 -2.3789565207514882 -2.9318384073207566
-2.8952219422069763 -0.03764858717984154 -1.535280580652131
-5.445232274892537 -0.1854743388640756 -0.28508949875175205
-3.17600913128232 -2.5066353447866705 -0.1423675473761854
-4.718309630773652 -2.7758927444622867 -1.9468537110089832
-5.330485216792424 -4.440459187995929 -1.7484665947504112
-3.438463434826506 -0.6014038957319805 -4.743231207139662
-2.5408619752204396 -4.56069838686383 -1.4232680327234153
-1.2266255054478528 -0.6850202765904161 -2.2288890896721365
-4.590374088502618 -1.1950732804461488 -0.04984853565750669
-3.5403611358774616 -3.5485163918281324 -1.6096942111094314
-0.8308015735208913 -0.6465613592079187 -0.4864293396843422
-2.798950172019494 -1.4601109490687607 -1.698361194528637
-4.613167411675298 -1.1026723883342386 -3.085872083877664
-4.06659087040674 -1.8421705409590974 -0.28104687799669925
-2.224437744980813 -5.6271326384986535 -1.6002566437170405
-4.645416457048748 -3.9804179667462467 -1.4568529563861699
-0.29604058807069045 -2.6388888943399715 -1.3412026173105716
-2.860144888046909 -5.409286408977484 -0.2711816602731325
-4.644767739534284 -1.0406388503596187 -1.5262740228931992
-2.7271471167028527 -3.2243804630584867 -1.8345925946147918
-1.5181822245898822 -1.3828950338375643 -0.8423405832650026
-5.813260760907116 -1.5565095892798952 -4.610810286507271
-3.610842637964581 -0.5728208416153118 -0.745013417654766
-3.071212456723041 -0.45697786073745483 -2.5988537822905386
-1.7282920247584013 -0.07031328239097512 -0.6562305421347183
-5.2189322506297575 -3.104347739295217 -0.4357255137234848
-5.69772987920034 -3.828636093049382 -1.2250292549642934
-3.3520010200286774 -1.6920581462114246 -2.2023536372263557
-4.710089153083789 -1.4742656996829506 -3.886345602866317
-2.012699096601107 -2.683997210486336 -0.5835226467368937
-5.780806438804716 -3.0663108534797563 -2.5061485416813603
-1.9556857919677562 -1.105417648549503 -2.7754951483995427
-3.131955500048222 -0.21524068150006137 -1.8788058429677683
-1.9053313300587025 -2.447582722514993 -0.08772019286431387
-2.7066366004298885 -5.490666173622875 -0.4678125754098801
-5.933868832230699 -4.249458282392365 -0.48226568901482914
-2.327454844163081 -2.3876343515691847 -1.3460874942322274
-5.018418719840209 -0.6675940049859905 -2.9499650944006066
-5.394026803296244 -1.5093929158958383 -4.024360805348637
-5.494670051452413 -3.3950678016568627 -1.7900403693956584
-3.062957520387475 -1.0183670900047481 -3.6346671068164285
-4.427691096082713 -1.0614457242945168 -0.7957576658117009
-4.308950282168386 -2.452122090594624 -0.7981214840376012
-4.777464953473901 -2.2696951956099367 -4.055470729194138
-3.7207285443738765 -1.3191401055184997 -1.3446312966823255
-1.9777269270473665 -1.3993786868345053 -1.038779435016826
-3.0991098064788334 -4.384439528469029 -0.709652321892488
-1.3368279511363053 -0.07024586582941161 -2.493567351520588
-1.467587528868302 -3.889606389880488 -1.2789609223414935
-1.7960377140574444 -4.9094852630730035 -0.1365070752705524
-5.917893962276543 -2.983783040674049 -4.679227578226488
-4.924377879284558 -1.2076937488179311 -1.0610643287039174
-1.4174071878965737 -1.20145638206868 -1.3944975365109036
-2.1027019050732347 -2.1063768958793285 -0.40377143618757216
-3.643038484843669 -1.67257117650367 -1.0764578094374233
-4.610585247032823 -2.6098278674835558 -3.915555860992582
-5.28886343617631 -1.2880404638673921 -5.238138278138479
-4.940237954862807 -3.2975205873290254 -1.4950333654490509
-4.681328071802914 -0.39881484719853066 -2.679945436766517
-4.837216660121248 -4.645687697376802 -2.776958034857902
-4.908777180590593 -3.4432633248027993 -0.7033197581946249
-4.33723273349015 -2.9851960514638582 -0.5976654299583535
-5.946939942604569 -0.007998969804132727 -0.5495381845393457
-1.7477197462389693 -1.952361369309986 -0.2642132765073004
0.6067796610169491 0.46440677966101696 0.288135593220339 0.4711864406779661 0.6576271186440679 0.7254237288135593 0.48813559322033895 0.6610169491525424 0.5864406779661017 0.36610169491525424 0.42033898305084744 0.7559322033898306 0.705084745762712 0.5389830508474577 0.6000000000000001 0.5491525423728814 0.4677966101694916 0.6610169491525424 0.41355932203389834 0.6745762711864407 0.6610169491525424 0.5966101694915255 0.43728813559322033 0.6338983050847458 0.7186440677966102 0.5694915254237288 0.4711864406779661 0.6440677966101696 0.5254237288135594 0.6610169491525424 0.44067796610169496 0.6610169491525424 0.7389830508474576 0.6677966101694915 0.6610169491525424 0.34237288135593225 0.6135593220338983 0.6610169491525424 0.5423728813559322 0.6508474576271187 0.6576271186440679 0.7898305084745764 0.5694915254237288 0.6338983050847458 0.6610169491525424 0.49491525423728816 0.4847457627118644 0.3627118644067797 0.45084745762711864 0.6440677966101696 0.6983050847457628 0.44067796610169496 0.5932203389830509 0.4847457627118644 0.6610169491525424 0.6305084745762712 0.4203389830508475 0.5389830508474576 0.6576271186440679 0.4745762711864407 0.6 0.6338983050847458 0.6610169491525424 0.3491525423728813 0.48813559322033895 0.4542372881355933 0.6372881355932204 0.7355932203389831 0.5864406779661017 0.5016949152542374 0.46101694915254243 0.6610169491525424 0.37627118644067803 0.6610169491525424 0.5661016949152542 0.6610169491525424 0.6000000000000001 0.6610169491525424 0.5932203389830508 0.36610169491525424 0.6440677966101696 0.4203389830508475 0.43050847457627117 0.5627118644067797 0.5796610169491525 0.488135593220339 0.6644067796610169 0.6610169491525424 0.4135593220338983 0.47796610169491527 0.6474576271186441 0.6711864406779662 0.6033898305084746 0.6305084745762712 0.6542372881355932 0.42711864406779665 0.4847457627118644 0.5559322033898305 0.6610169491525424 0.48813559322033906
0.010000000000000004 0.010000000000000004 0.010000000000000004 0.010000000000000004 0.010000000000000004 0.010000000000000004 0.010000000000000004 0.010000000000000004 0.010000000000000004 0.010000000000000004 0.010000000000000004 0.010000000000000004 0.010000000000000004 0.010000000000000004 0.010000000000000004 0.010000000000000004 0.010000000000000004 0.010000000000000004 0.010000000000000004 0.010000000000000004 0.010000000000000004 0.010000000000000004 0.010000000000000004 0.010000000000000004 0.010000000000000004 0.010000000000000004 0.010000000000000004 0.010000000000000004 0.010000000000000004 0.010000000000000004 0.010000000000000004 0.010000000000000004 0.010000000000000004 0.010000000000000004 0.010000000000000004 0.010000000000000004 0.010000000000000004 0.010000000000000004 0.010000000000000004 0.010000000000000004 0.010000000000000004 0.010000000000000004 0.010000000000000004 0.010000000000000004 0.010000000000000004 0.010000000000000004 0.010000000000000004 0.010000000000000004 0.010000000000000004 0.010000000000000004 0.010000000000000004 0.010000000000000004 0.010000000000000004 0.010000000000000004 0.010000000000000004 0.010000000000000004 0.010000000000000004 0.010000000000000004 0.010000000000000004 0.010000000000000004 0.010000000000000004 0.010000000000000004 0.010000000000000004 0.010000000000000004 0.010000000000000004 0.010000000000000004 0.010000000000000004 0.010000000000000004 0.010000000000000004 0.010000000000000004 0.010000000000000004 0.010000000000000004 0.010000000000000004 0.010000000000000004 0.010000000000000004 0.010000000000000004 0.010000000000000004 0.010000000000000004 0.010000000000000004 0.010000000000000004 0.010000000000000004 0.010000000000000004 0.010000000000000004 0.010000000000000004 0.010000000000000004 0.010000000000000004 0.010000000000000004 0.010000000000000004 0.010000000000000004 0.010000000000000004 0.010000000000000004 0.010000000000000004 0.010000000000000004 0.010000000000000004 0.010000000000000004 0.010000000000000004 0.010000000000000004 0.010000000000000004 0.010000000000000004 0.010000000000000004
-----
100
1543
0.4
-3.9050294400545487 -2.9621129341616736 -2.929488677377493
-4.812975189482996 -2.2781280153102723 -3.9097881184169694
-4.04974803330986 -3.2492735815466514 -2.3829226537026553
-3.812283341598568 -2.1816102985974934 -2.8599587167549303
-3.6909073294256904 -2.641474295150064 -2.2685510861102562
-3.167175336426566 -2.8369499653642745 -1.3857035811496323
-2.6291231223256757 -1.1843434339125531 -2.2599498934202655
-4.112642744121921 -2.829828035618576 -2.338761338180122
-4.307847843838754 -1.0467092749899434 -4.002720003057166
-4.550604155053371 -3.9208349608950614 -1.450907175111603
-3.675442226339552 -1.3856889541388457 -3.3558109241492167
-3.0898750714310217 -2.6097604223426285 -1.4451910872565574
-3.4691273335414508 -3.4929519760102488 -1.899406641579953
-4.905134606564091 -2.3412367044401265 -3.8169975049431937
-3.501549168030352 -3.620162296912529 -1.0511143873561493
-5.628355809904278 -4.452967582419944 -3.4588718715688374
-3.9488458181281416 -2.843329826817387 -1.7384100740311839
-3.313299511942163 -1.7430942543178518 -2.341749887014816
-4.587545031168735 -3.466018623658673 -2.234735880104563
-4.48103153436965 -3.040539466108784 -3.424398474920595
-3.2997969317948472 -3.423452403065646 -1.0832892084207737
-5.454742480058257 -3.2192913386103967 -3.8645398256250196
-3.713169045070658 -3.4041803407712643 -2.6204496052229715
-3.030707024668074 -1.1921638778887993 -2.6878000548091414
-4.361165462903808 -4.955296337619729 -1.5544338970945806
-5.408990372813634 -3.511891176845795 -3.594794212606894
-2.350229000898168 -2.050253855888233 -1.7615057909207665
-2.5571649059359323 -2.04489049185982 -1.8248051167974684
-4.704274649593614 -2.9145927143897117 -3.278309281717954
-3.658828131570034 -1.3686144084740008 -3.3115237822102457
-3.7169126198950737 -1.9268388479682201 -2.5975149358909952
-2.724217651447541 -1.8546511531637746 -2.086406056607962
-2.590522903561026 -1.5201872656098256 -2.3503462415225074
-3.9818519794354086 -3.2812338616550836 -2.6305987607850887
-3.130524842779656 -2.6792671707568654 -2.252196607340093
-3.411688382334944 -1.115531540692344 -2.5134567583422327
-2.7684697663383218 -1.3520506042717648 -2.369230687184633
-4.744463414197155 -2.970612066030986 -3.357015604076233
-1.8424275130122956 -1.1688952242794675 -1.6972119339415077
-4.191893252711876 -1.9042279030915539 -2.804942035934778
-5.680607871525561 -4.276095612808299 -3.781539626913343
-3.0593965441428264 -1.9694207632233875 -1.3287868311149447
-3.2470538232836472 -1.7342447238396852 -2.942158051573032
-4.214009292212972 -2.5268965530802436 -3.136472666217306
-3.0994819275732635 -2.1338215878999103 -2.3226467076466024
-5.629318837297274 -2.354546728983295 -3.6082875672680466
-3.897302617948193 -2.1895909874713513 -2.6775174900097833
-3.8811263978003865 -2.6737409370844087 -2.597783087241951
-3.8536816632101125 -1.468731319710078 -2.4729734472817686
-4.019732477376268 -1.9896334402506175 -2.54622327825904
-4.0924092757856725 -3.7018916640526616 -1.4115240228988728
-4.365102553342415 -4.315237227796938 -1.555687328562082
-3.085087348763476 -3.0711362893827703 -1.581017966762904
-2.8434223587704808 -1.964559209655185 -1.648175646420357
-2.8779616069462657 -1.6870128467067043 -2.446304125369069
-3.1225292731369736 -1.2714850168390162 -2.8488758233205265
-2.785824953062025 -2.1846982946196234 -1.287029536937498
-3.2840647367704707 -1.43293202252339 -2.8524540217127625
-2.683868443502477 -1.795488301279778 -1.8071120774191531
-3.781946365824445 -2.6701635982352196 -3.0371493310059705
-2.4407387279115045 -1.1113751008551276 -2.080199838801738
-3.119771061127568 -1.0899062735031186 -2.9337444137397304
-3.290662903325468 -1.8104798978017964 -2.1074989952890344
-3.505582453580248 -2.0562021691998407 -2.261828392516104
-4.622081510939466 -2.2081837538321123 -3.761840980248448
-3.2981418838285763 -2.497908837204368 -1.4052250420839978
-3.014867616011 -1.476347567044173 -2.204050456439331
-5.576925584414281 -4.2186343130924735 -3.866659619815496
-3.326811734434251 -2.8814444759563544 -1.3096988074443388
-5.659565427212593 -1.1035853445152906 -4.584736996028784
-4.567228749132109 -4.527131884724788 -1.2886219367443514
-4.840067851358388 -3.7407319615785353 -1.3288598615855247
-4.531756916947432 -3.5298542295673303 -3.0725490986489334
-4.165319978047073 -1.6720674084083382 -2.8864156059390176
-4.010093510997204 -3.758307612915618 -2.0305574693197856
-2.2404751683413777 -1.357864104994588 -1.3614858425459357
-4.749133556583011 -3.697844138337798 -3.7325742311063475
-2.4746993016175454 -0.5266196800982438 -2.697536984589814
-2.8276041178952287 -0.9633770769376575 -2.5530402701347357
-3.247717099664472 -2.030364537530909 -1.4473414094190582
-4.79460511804256 -1.2827194691862984 -3.7173108015032983
-3.2829003697659154 -1.6923228404896278 -2.6703120694556555
-4.091255349634222 -3.771399109392671 -1.3202493876114159
-5.5754104461606415 -5.0779966181988145 -2.4857348366025205
-4.029753371277062 -2.9486175122414737 -1.487719142831065
-3.670484524107475 -3.410902579409889 -2.0546741946014473
-3.643615098316403 -3.6934582999285057 -1.7572206851131218
-3.6141477059925746 -3.7574152063761987 -1.1126343844029254
-4.241047500164819 -3.436198217008778 -2.964429885095882
-2.522754776495687 -2.04445661794571 -1.8192031327668234
-1.9484184001422487 -0.7316451814116323 -1.9980391522249097
-4.8062903686055725 -3.1820688788219695 -3.598099963039375
-4.861261462183187 -2.5663312879205566 -3.3222889255134582
-2.290942030415529 -1.136298557348565 -1.6863562853569154
-3.5787309717950633 -3.264409682754939 -1.3844772032871078
-3.0519621218666098 -2.7654880982234893 -1.1485215916738616
-3.9696919427206554 -4.0026954038722 -1.7818769275035433
-3.018301323788274 -2.0169903655744896 -2.317465457890559
-3.549661884336463 -2.4014460637997983 -3.008340274241231
-4.919565717942113 -4.058778998965209 -3.6734778099739622
0.30508474576271183 0.3491525423728813 0.3525423728813559 0.24745762711864405 0.264406779661017 0.3016949152542373 0.3457627118644069 0.3491525423728814 0.3016949152542373 0.3627118644067797 0.39322033898305087 0.28474576271186447 0.30508474576271183 0.36610169491525424 0.3864406779661017 0.28135593220338984 0.39322033898305087 0.3016949152542372 0.3593220338983051 0.3830508474576272 0.37966101694915255 0.2542372881355932 0.3593220338983051 0.3220338983050848 0.2542372881355932 0.28135593220338984 0.3288135593220339 0.25084745762711863 0.16271186440677965 0.28474576271186447 0.30847457627118646 0.23389830508474577 0.33559322033898303 0.28474576271186447 0.288135593220339 0.38983050847457623 0.26101694915254237 0.3593220338983051 0.38983050847457623 0.3627118644067796 0.34576271186440677 0.3830508474576271 0.36271186440677966 0.2983050847457628 0.19661016949152543 0.14237288135593223 0.2983050847457627 0.10847457627118645 0.37966101694915255 0.3288135593220338 0.2983050847457628 0.2677966101694915 0.37627118644067803 0.3016949152542373 0.33220338983050846 0.3220338983050848 0.3491525423728814 0.29152542372881357 0.26101694915254237 0.30847457627118646 0.32881355932203393 0.34915254237288135 0.3152542372881355 0.3288135593220339 0.3762711864406779 0.3830508474576271 0.3254237288135594 0.36610169491525424 0.34237288135593225 0.36949152542372876 0.3966101694915254 0.39322033898305087 0.15254237288135597 0.3796610169491525 0.3389830508474576 0.3864406779661017 0.31864406779661014 0.3966101694915254 0.3728813559322034 0.36610169491525424 0.38983050847457623 0.2169491525423729 0.31864406779661025 0.3254237288135593 0.3694915254237289 0.2711864406779661 0.3389830508474576 0.3762711864406779 0.2644067796610169 0.29491525423728815 0.3830508474576271 0.16271186440677965 0.17627118644067796 0.37966101694915255 0.2915254237288136 0.3762711864406779 0.24406779661016942 0.21694915254237288 0.335593220338983 0.17288135593220333
0.009598642341474202 0.012407816859533866 0.008889779353698444 0.008930799042615338 0.008208601457595853 0.008009183212440003 0.009224130236093288 0.008419840071204639 0.012962600567285588 0.009507028391918745 0.010359833839200822 0.007942090950166215 0.008699073593267338 0.012173951954397248 0.008722911415583507 0.017872107458444222 0.007912175020600976 0.00831368988788767 0.009262187863825938 0.011192480460730334 0.008523156777016844 0.014736509462359514 0.009547724769421652 0.00941930826779022 0.01210407556423315 0.014136731917528352 0.00873714688809331 0.008485684538576878 0.010712137605680969 0.01025013825271242 0.008462056012514 0.008527452689968537 0.009164370001115555 0.009347645810331293 0.008501432973399765 0.008871326533407647 0.009053323407487997 0.011061793110108359 0.010143092919527651 0.008796949458464709 0.01903931769544574 0.007892015855052826 0.009439263437545411 0.009699095807412883 0.008418158171527634 0.012849113200208434 0.00857953227924301 0.008668585262519566 0.008398871171605055 0.008353195068340214 0.008804042236503681 0.01017957236952397 0.008258579829812852 0.008083676906229513 0.008865624083399314 0.0095883483111769 0.008105612045386922 0.00932743851561831 0.00835856417113002 0.009606387076130705 0.00936049016653695 0.009957939665833047 0.008056780032668295 0.00808217040167575 0.011615587808738472 0.007788568198821952 0.008491324668218501 0.018874940285995376 0.007967279916137382 0.01861252607142785 0.010956071111295491 0.009573038989069272 0.011002280954876148 0.008987965288344254 0.009181520325636247 0.009104032030521585 0.014134252460738779 0.01125258675095067 0.009655104045392177 0.007759003208264271 0.011823933849959278 0.008853497561654627 0.008920099198487779 0.017081465772433028 0.00795465564329076 0.008685794249659226 0.008830239323498551 0.008869635566430913 0.010387397206497707 0.008527362485948584 0.010769994224185658 0.012318779093996465 0.010627760133003112 0.009278072067397204 0.008198453660601738 0.008093302070812061 0.009394647119984868 0.008477130102637905 0.009465286234638506 0.015323057622223739
-----
100
71348
0.1
-4.208009622414047 -2.64374838585253 -3.2469974881730717
-3.6451151816060374 -2.606236059103515 -2.428276749115158
-4.254618451423268 -2.96572869914824 -2.876790159891192
-3.7925950615423654 -2.864804180274737 -2.7039893816659433
-4.06868412143621 -3.1616465062972607 -2.8752271021157494
-3.6331958683113985 -2.8546590824486646 -2.4665764352949924
-3.4423011875208895 -2.410340744506688 -2.4794371599054656
-4.178953930369767 -2.80673549563768 -3.0980672904443423
-5.020082944404467 -3.226773495084364 -3.6240378292345357
-4.298550250950419 -2.6350993574105117 -2.6793681878712974
-3.9775279957090772 -2.953776815251047 -2.578828742529825
-3.446170258745873 -2.786713269858041 -2.444792672970909
-3.4702555063731135 -2.681746150833117 -2.395509270452458
-4.224192559500574 -2.770033290162143 -3.0081590401263094
-3.9175022270784723 -3.132049053752875 -2.5844948556404783
-4.187670916106651 -2.768869111279043 -2.9332297311878426
-3.4623893502427756 -2.608083628630278 -2.3329400688971695
-4.893819100149761 -3.242841517784741 -3.512642539368337
-5.5256917881940915 -4.6469015037703345 -3.6000369433444814
-3.6259985471227787 -2.8461252371957992 -2.660123960328959
-3.7798482633902717 -2.4082698716249435 -2.6900782416791813
-5.566136082083426 -4.8854279914845655 -3.6014869714969335
-4.352660824386717 -2.7589732926141677 -2.9728727435617053
-5.044752602644647 -4.394372811863477 -3.5546898916706198
-3.9545285894970807 -2.5618111784714777 -2.961028456055542
-5.1447504559336 -4.280163923107661 -3.5858563224043287
-4.0546849655482395 -3.0455020335948895 -2.863942442892876
-4.828690742612297 -2.8713573384986497 -3.6473514895913652
-3.2998833421037808 -2.5560782105087254 -2.2690034645541846
-4.098311095225824 -2.6001441889395647 -2.9692811234212155
-4.08531825375199 -3.2155960029171267 -2.4762161862614285
-4.339793503920373 -2.542538451926121 -3.1806263148595075
-4.415862902613799 -2.7202435032813685 -3.0654460636072773
-3.8146369809527125 -2.8565412627538262 -2.7959207066267773
-4.3656657959302425 -2.569962241372364 -3.3685625404719746
-4.128458479312626 -2.9433507799603573 -3.006261333985945
-4.2253194028825884 -2.530561544005508 -2.8375426015910152
-4.291820358182944 -3.1576409920596467 -3.1709411270351753
-3.934618956102687 -2.6167540494720156 -2.6446535632931782
-3.820334170947895 -2.71143741639421 -2.854207501193212
-3.9138957126833365 -2.819041707233544 -2.8786801931411397
-4.306177195296077 -2.1219032001100935 -3.3406444722596116
-3.7945408742936646 -2.8379861516267835 -2.55388749286579
-5.391034905155043 -4.00002690603526 -3.7452482707009427
-4.135196448676023 -2.658559535448288 -3.013245565724981
-5.185632217626414 -3.9779615369062453 -3.6947941189733498
-4.606503946206619 -3.9473494491148555 -3.253651359555236
-4.19857898699261 -2.302175020227686 -3.113873884693324
-4.140259298039374 -2.2217307277439056 -3.0700367842422787
-5.704146259967566 -5.148184322835801 -3.5169652901531325
-4.216999123073296 -3.2527591161517755 -2.9872832033436616
-3.953923683141492 -2.2627516915645876 -3.1137322143750703
-3.6001462542337856 -2.919166991171396 -2.682314588864584
-3.762214031687588 -2.7595535491393517 -2.858608872998243
-5.863357669300854 -4.996424495954416 -3.589270811217119
-3.5794702454736025 -2.6414302397658496 -2.511588781323916
-4.46629481584649 -3.5029476490903875 -3.412960188265238
-4.024873498364881 -3.070308974717866 -2.698402072854468
-3.719767904397108 -2.665182857153645 -2.5337260551695513
-4.473667666396843 -3.8114152977612403 -3.317260276336377
-5.356181080870579 -4.559004807680388 -3.6181361087391384
-4.382681855376332 -3.694896376007029 -3.3892806403328617
-5.131017726960586 -4.421606230398115 -3.6115478115948756
-5.749994628457376 -4.199518830520162 -3.8030698240062737
-4.68567918243124 -3.789231446406637 -3.2587408238990605
-3.635689233672823 -2.741851614237573 -2.378018540984212
-3.870009316870136 -2.784096889226106 -2.7660928947333527
-4.130024481611624 -2.5482818384096606 -2.998948335595234
-3.5391949975819097 -2.5941918726204984 -2.623092539817136
-4.275710808778054 -2.9120612155820362 -3.02229052403468
-4.113979049609339 -2.937865839674328 -2.8284850043206666
-4.3451908606001615 -3.2593514610153487 -2.952328932914805
-3.9185363493620584 -2.724538500121454 -2.3917664158793905
-3.7217849929373665 -2.5476389017654277 -2.6316232743282395
-3.6157380383002566 -2.761710108648169 -2.3540475357843524
-5.429328046347516 -3.249850462656434 -3.489045710050486
-3.5263503449715516 -2.753176268395392 -2.499890963647421
-3.892844426857272 -2.9157498300209763 -2.941880094662867
-3.802666590869786 -2.8332640893510592 -2.473291361192833
-5.363758261958787 -4.819114567850066 -3.5486265525322325
-4.369157403496085 -2.719429198479625 -2.8527251685434263
-5.07250909552195 -3.3149244182910627 -3.3038391657707917
-3.7703386127431915 -2.6703277742407083 -2.643880565804929
-4.0733923082423065 -3.168553000129068 -3.0237581328278416
-4.7583188988413685 -3.6439562537882004 -3.4854115552111886
-5.485523520822116 -4.337473171270497 -3.6133387339027347
-3.954556479658779 -3.14367636404213 -2.5103932041650827
-3.7251183041530314 -2.6928934960289315 -2.652728187088792
-4.672040953261839 -3.5190971033398797 -3.0798068642429355
-3.981650205503605 -2.6055949624246906 -2.8145835512697728
-5.142656263620889 -3.674414836754609 -3.0363429819220356
-3.7528221863231104 -2.456961825963631 -2.725749513172883
-4.231911335450718 -2.791434356569618 -2.8915920003785214
-3.8834455109449286 -2.5231868249184366 -2.7460889470640657
-3.358915722766258 -3.021572973351136 -2.3338190868522104
-4.044828631239602 -2.398127920690064 -2.7825398680470483
-5.135108768527556 -3.3226778959628165 -3.367957327625902
-4.272910836045057 -3.070387937429448 -3.2142827609847
-5.931145073076957 -5.0231363286687385 -3.591468118490309
-5.459960301590304 -4.710103555195521 -3.670972942427008
0.07796610169491525 0.09830508474576272 0.09830508474576272 0.08813559322033904 0.08135593220338977 0.09830508474576266 0.07796610169491525 0.0847457627118644 0.07118644067796609 0.09152542372881356 0.044067796610169574 0.07118644067796609 0.08813559322033904 0.09830508474576272 0.09491525423728814 0.057627118644067776 0.0847457627118644 0.06440677966101704 0.08813559322033904 0.0474576271186441 0.09491525423728814 0.07796610169491525 0.06779661016949157 0.07796610169491525 0.06779661016949151 0.06779661016949157 0.09152542372881356 0.09152542372881356 0.09830508474576272 0.08135593220338982 0.07796610169491525 0.09491525423728814 0.0542372881355932 0.057627118644067776 0.09830508474576277 0.07796610169491525 0.0949152542372882 0.06440677966101693 0.09830508474576272 0.05084745762711862 0.09830508474576272 0.07796610169491525 0.08813559322033898 0.07457627118644072 0.0610169491525423 0.09491525423728808 0.09491525423728814 0.06779661016949157 0.0949152542372882 0.09491525423728808 0.0949152542372882 0.04406779661016946 0.06779661016949157 0.08813559322033898 0.07457627118644072 0.06440677966101704 0.08813559322033898 0.09830508474576272 0.0949152542372882 0.09830508474576272 0.09491525423728814 0.09830508474576272 0.08135593220338977 0.0711864406779662 0.0949152542372882 0.07796610169491525 0.06440677966101693 0.06440677966101704 0.08813559322033904 0.09830508474576272 0.07796610169491536 0.09152542372881356 0.08813559322033893 0.08813559322033893 0.06779661016949151 0.07796610169491536 0.061016949152542355 0.0949152542372882 0.0949152542372882 0.0610169491525423 0.06101694915254241 0.09830508474576272 0.05084745762711873 0.0949152542372882 0.06101694915254241 0.08813559322033893 0.09152542372881356 0.09830508474576272 0.07457627118644072 0.04406779661016952 0.0949152542372882 0.0847457627118644 0.07118644067796609 0.06779661016949157 0.08813559322033898 0.09491525423728814 0.09830508474576272 0.07457627118644072 0.09152542372881356 0.09491525423728814
0.008849867730739855 0.008006008742205393 0.008477753031220439 0.008228873227021951 0.008647576783867 0.008191116716731036 0.00807495163441914 0.008611755053484152 0.010832781480833496 0.008338843918624278 0.008222623201724746 0.008289695878977037 0.008160911700191406 0.008484050647504736 0.008431936140226004 0.008381778772771723 0.008122803584458793 0.010320913172553126 0.01698359192143507 0.008289460341744688 0.008030914162744193 0.01915019020638749 0.00853717794960518 0.013950725790103669 0.00830949010870136 0.013626554294275046 0.008490083368158955 0.010414959493749381 0.008277906573132014 0.008346748678184312 0.00855991008044112 0.00880101366518343 0.008691058343962117 0.008297129532231867 0.009197220617682557 0.00855923092060733 0.008315256045954787 0.009052997320523724 0.008039614408418595 0.008253080697893947 0.008321070515584204 0.009430847928150247 0.00812305906630361 0.013707690450469824 0.008424015213143345 0.012873183125208245 0.01099722527887725 0.00869892982498507 0.008650079598443147 0.02256056946519397 0.008899701010692524 0.008630087760023346 0.008421751954286728 0.008323574193311017 0.022301980346976502 0.00806945565633562 0.010158414507746042 0.00839101016335455 0.008022297584171867 0.01071192915788935 0.015802079658632256 0.01060508279211695 0.014421415817952683 0.016445532760396384 0.010550632887600636 0.008091099881511344 0.008188701595958475 0.008396602604512495 0.008135585311908966 0.008596005527370653 0.00835875668530047 0.008901152418190094 0.008076603205814981 0.008016705155749721 0.008119823097651335 0.011832978558952278 0.008190539520850072 0.008501991674059711 0.008105926357953834 0.017518179247132986 0.008467758299040099 0.010385938283699556 0.008057046251253534 0.008855794815512272 0.010731933892137394 0.014994420959084116 0.008431421899327614 0.008090686547043905 0.009691409712895716 0.008152455606010953 0.010923059892242203 0.008060108309387738 0.00837813803722707 0.008072006991868812 0.008717049596115486 0.00817235719642832 0.010646953024117606 0.00903436760178768 0.023264179576410884 0.01745209000897116
