3
100 100 100
325 2295 122196
0.8 0.4 0.1
-----
100
325
0.8
-5.647437733208459 -3.3139955757882444 -3.2056027199882773
-4.302348953501775 -2.031239766021152 -4.3932468758866285
-4.884157593253916 -1.3670234633831697 -5.340036402940926
-2.366625351060333 -1.4416580795398852 -0.8597624926449239
-3.3102813429983455 -5.744914338370563 -0.29346538325259175
-5.056238396968926 -3.55111468520935 -2.2355750113263486
-3.5526532496748433 -0.8249020822143915 -4.205456310903637
-3.9413448296202755 -4.993457355777269 -1.0833522651806513
-5.438726012952602 -0.9746675228253228 -5.83793298137018
-4.453880055199239 -2.2783350171067345 -2.4526028346458877
-2.2428860402780884 -4.588115963482554 -1.372928905709399
-4.750661931951344 -5.791350604748015 -1.0789254959141186
-4.346552249744887 -1.8082379621594349 -3.385725850532205
-5.755798934440341 -1.801179718699041 -4.39216165285654
-0.6674412483353818 -3.805662416349913 -0.7193715887135905
-4.697535315190665 -4.519753970943178 -0.8430074179860219
-0.12600806701273015 -3.073013012727962 -1.0023329021600063
-3.1519531156307723 -3.4303752685190387 -1.7243088857969724
-3.890408583186016 -2.4804113389383255 -2.290761666269924
-2.7883182520874574 -1.2479345261047383 -2.5436930907133855
-5.633981046048067 -4.7247283306188805 -2.395936074881188
-1.3155793564135951 -4.6038616337650256 -0.5483824938452848
-4.217595355608714 -0.24000206099701415 -4.498551121244124
-4.276878558539881 -5.4456058706265065 -1.1459744888312713
-1.0334352745885003 -5.923819701611315 -1.7399095526845212
-0.33266534111451485 -4.933769273139351 -0.22885030170123954
-5.101484245247056 -4.875420486262556 -0.43557119286139745
-2.1415554847643663 -4.650830065471312 -0.5760098420576973
-2.277905269022853 -5.733142874704799 -0.8260355577713936
-3.1053124804607632 -0.17526796110431775 -3.204490773149753
-3.0357244377614565 -0.36413584359465556 -4.52399084702212
-2.0350372551712477 -1.5462395080778446 -0.7621623596147948
-5.342491509491033 -2.7216068780427594 -3.523908854930697
-2.2670557247204575 -3.801034217273549 -0.3131698909860301
-0.569885642978468 -4.1811107118875634 -1.340148404605353
-3.1986674321835484 -2.352750690812517 -0.41037337196051205
-4.740131378995233 -4.53909467688937 -0.615626226186544
-3.171506906031082 -5.0772916315006835 -1.631810175434711
-4.049413138452838 -5.725564332422536 -0.5788633579975144
-5.353941435888981 -3.0883013313980414 -4.005026283244005
-1.669352085525274 -3.903758637330219 -0.46671773799579164
-5.235565227930221 -4.225527501838618 -2.6064635486695873
-3.4505916329396444 -0.09844651143852978 -4.488856183646584
-4.013128951332949 -3.743836604562804 -2.813553185964438
-0.6115221578863679 -3.509523110354793 -0.6309800506054222
-0.18957592951731073 -3.471915775985176 -0.9857011811199534
-0.43932862264509254 -4.934950004415822 -1.677787584877949
-5.146640226242563 -0.8122367892869526 -3.636953328040346
-2.6412742475622126 -2.116238840729566 -2.632257338153487
-3.0891965445200746 -4.786586245676361 -0.3424365458255494
-1.7398681227965263 -4.869424556001192 -1.9289692594544503
-4.844204801901296 -1.210914291776696 -4.699286951518976
-0.057223934732277826 -5.945867150225773 -0.34565690771885293
-5.107145821514942 -5.822983211233942 -1.4362287468766848
-4.155027943218264 -4.929057619747841 -0.5924489850067545
-2.138528623578783 -3.102298870683284 -0.9094027478267925
-0.9095972474870475 -5.76591950200055 -0.42575033626027725
-1.7201948920338506 -1.34239617929361 -0.44143582950247406
-2.91543354763015 -1.2509653435807744 -1.1437446889263754
-3.4741202385478926 -1.7510964080969575 -1.7332774146597316
-2.513765659009256 -2.5679225682343456 -1.6541801304012012
-4.364218648003113 -2.6901496160964076 -2.072671563135545
-2.2212265910660536 -1.943373906012523 -1.7715887721125139
-3.9219794931486507 -4.071833919388897 -0.016319596061364905
-0.0776367673634688 -3.067313581699233 -0.056330750757280335
-1.1503616971316841 -1.0366981228312948 -0.6760120010298527
-1.7100457802163787 -1.7892992095202302 -2.12043861701196
-4.626283773713495 -1.5648861976215773 -4.304634047001947
-4.468613079842622 -4.419191618277565 -0.6295464973333527
-2.9139460195365503 -5.078311930312816 -1.1894651096505013
-0.20336480111340816 -4.393839758268758 -1.727737117125061
-3.887561277753248 -4.4275076303382725 -1.3585514618341872
-3.9644125487868074 -5.193954837109132 -0.6537553082560787
-1.3545261182916954 -5.16685987714024 -0.5214039259003123
-3.9396245233039187 -4.819921380092005 -1.9932202429442274
-0.4949751772182829 -0.4693772188911902 -0.45138901742358595
-1.6175452272472937 -5.197663604450071 -1.7458145357374786
-3.465319063078593 -2.3700885579913256 -1.451226833010221
-3.2093287179238486 -2.6497319837529587 -2.2777040819547865
-4.638053456881701 -4.6460882949421975 -1.058833167349177
-4.693603754341407 -3.8557679013947825 -2.6269724964695507
-3.1509353179566673 -3.167929926662914 -2.2769164429473
-3.8068818077874247 -1.0170960648746448 -3.219511771879878
-3.1897373456485694 -0.12325327256981389 -2.922193046716137
-3.1848273041870976 -4.788961644579963 -0.7419340673673904
-0.13396233859836748 -0.21583823723255335 -1.9664713585019982
-5.114421587879033 -1.8503349134961304 -5.142690548004526
-2.8905581924485633 -4.258714484469696 -0.23523608371680993
-0.7741250479355202 -3.876075156230376 -1.7803476347606138
-0.2520193847668608 -3.3129890154999386 -1.368869136943708
-4.15549768895421 -0.01073107709433252 -5.946085598298397
-2.5499875383171466 -3.7698716023368375 -0.14642444201830784
-1.9329340676147666 -5.152269519223398 -0.3831872281513178
-5.519177076978851 -4.315259024207129 -3.9307114958298195
-3.358982565441983 -1.9033336662834879 -3.7133104625805506
-0.7245483768003478 -3.252332505842801 -0.05639018384894978
-1.1956505025837103 -5.953905712905724 -1.5655529904795262
-1.456917880933462 -1.3749569379351563 -2.2439698665492487
-1.1971938554155344 -2.9407417816601455 -1.4608157142445686
-2.073257541989903 -1.264888596426612 -0.6749756357568781
0.68 0.768 0.724 0.704 0.74 0.588 0.524 0.552 0.496 0.6400000000000001 0.42800000000000005 0.536 0.688 0.788 0.6479999999999999 0.632 0.568 0.364 0.644 0.428 0.724 0.688 0.74 0.504 0.648 0.74 0.752 0.6799999999999999 0.636 0.744 0.768 0.688 0.7200000000000001 0.728 0.44399999999999995 0.796 0.732 0.568 0.6839999999999999 0.32800000000000007 0.712 0.472 0.56 0.236 0.6679999999999999 0.5680000000000001 0.612 0.752 0.47600000000000003 0.732 0.764 0.628 0.72 0.488 0.6759999999999999 0.608 0.704 0.744 0.796 0.748 0.29200000000000004 0.6880000000000001 0.2919999999999999 0.764 0.752 0.696 0.588 0.472 0.6639999999999999 0.484 0.64 0.43599999999999994 0.6679999999999999 0.692 0.704 0.744 0.648 0.644 0.128 0.644 0.768 0.516 0.668 0.78 0.636 0.632 0.764 0.744 0.692 0.43200000000000005 0.728 0.748 0.708 0.256 0.704 0.768 0.536 0.6479999999999999 0.47200000000000003 0.74
0.010000000000000004 0.010000000000000004 0.010000000000000004 0.010000000000000004 0.010000000000000004 0.010000000000000004 0.010000000000000004 0.010000000000000004 0.010000000000000004 0.010000000000000004 0.010000000000000004 0.010000000000000004 0.010000000000000004 0.010000000000000004 0.010000000000000004 0.010000000000000004 0.010000000000000004 0.010000000000000004 0.010000000000000004 0.010000000000000004 0.010000000000000004 0.010000000000000004 0.010000000000000004 0.010000000000000004 0.010000000000000004 0.010000000000000004 0.010000000000000004 0.010000000000000004 0.010000000000000004 0.010000000000000004 0.010000000000000004 0.010000000000000004 0.010000000000000004 0.010000000000000004 0.010000000000000004 0.010000000000000004 0.010000000000000004 0.010000000000000004 0.010000000000000004 0.010000000000000004 0.010000000000000004 0.010000000000000004 0.010000000000000004 0.010000000000000004 0.010000000000000004 0.010000000000000004 0.010000000000000004 0.010000000000000004 0.010000000000000004 0.010000000000000004 0.010000000000000004 0.010000000000000004 0.010000000000000004 0.010000000000000004 0.010000000000000004 0.010000000000000004 0.010000000000000004 0.010000000000000004 0.010000000000000004 0.010000000000000004 0.010000000000000004 0.010000000000000004 0.010000000000000004 0.010000000000000004 0.010000000000000004 0.010000000000000004 0.010000000000000004 0.010000000000000004 0.010000000000000004 0.010000000000000004 0.010000000000000004 0.010000000000000004 0.010000000000000004 0.010000000000000004 0.010000000000000004 0.010000000000000004 0.010000000000000004 0.010000000000000004 0.010000000000000004 0.010000000000000004 0.010000000000000004 0.010000000000000004 0.010000000000000004 0.010000000000000004 0.010000000000000004 0.010000000000000004 0.010000000000000004 0.010000000000000004 0.010000000000000004 0.010000000000000004 0.010000000000000004 0.010000000000000004 0.010000000000000004 0.010000000000000004 0.010000000000000004 0.010000000000000004 0.010000000000000004 0.010000000000000004 0.010000000000000004 0.010000000000000004
-----
100
2295
0.4
-4.523852755365408 -1.7415128821590988 -3.629151680602399
-3.3630065034990375 -2.803987267899025 -2.0889682640278147
-3.733793685846612 -3.316177182459905 -1.7279152781909095
-4.95009842231791 -1.745811435881435 -4.262435807240442
-4.2145764731736275 -2.929203359075312 -3.390905410052477
-3.418416890996719 -2.091673125944794 -2.900145049775568
-3.431380494366788 -2.8669099880433144 -2.4568569377467924
-2.959473835150583 -2.231337374011018 -1.813165836504393
-3.8857818846560224 -3.0502021392060494 -2.415516519496923
-1.8696643775355537 -2.417247901244847 -1.7038693582866942
-3.1957254951826903 -3.447397424142058 -1.6560192382392138
-3.4938610303204136 -3.471998140586001 -2.3587993277508357
-3.730940872850598 -3.0594096058258193 -2.5343445133982723
-4.0644989085708225 -4.5926988160177284 -1.449644799611591
-4.923001169505118 -3.307037579382526 -3.839730035614755
-2.6875290755319363 -2.794120119297243 -1.779816005722982
-2.812486046438332 -2.4536213009174803 -2.0990369904144024
-5.290130349500936 -3.023567929052764 -3.9075656954836817
-4.085631057084169 -2.8778016704486546 -3.4069182242827947
-3.558686461700698 -3.4266567261719505 -1.6195484231606903
-2.584933570578588 -1.912469403567547 -1.7303465037048262
-3.7704402525049563 -4.130746861349765 -1.612437786732119
-4.180536241840344 -4.497218395960301 -1.885593178998385
-2.2080575567214096 -1.7863226063714674 -1.8190301054834779
-2.795672726798787 -2.4196614273381796 -1.7316693008711108
-3.5846142261002507 -2.909704632427424 -2.112632029832228
-3.686294869914919 -1.0130729406450592 -3.5242503804026835
-2.5690344876976043 -2.0953401971075403 -1.7908289510008197
-2.43569745109704 -1.757693752831584 -2.2331983721330615
-4.3196152950931515 -2.7125447065907715 -3.7543584736160662
-3.5930473154871896 -1.764302420959318 -3.5903942645485656
-3.1928746994731063 -2.6156771905869776 -2.2309391963606386
-1.4842575309928754 -1.2427934204172884 -1.8609466983300413
-2.4981930073128935 -2.200386067657103 -1.5524874447431696
-3.02595841838082 -1.8314701759527576 -2.477134208913176
-1.5746751248019006 -1.0914857624508798 -2.0691735420395156
-4.8546371773682 -2.917220245778226 -3.762581039018405
-3.995883013686639 -4.193047041617512 -1.7454326452162143
-3.4658084321139113 -3.1025404875870057 -2.126156499029676
-3.3171380020648753 -3.2757505904382547 -1.771941101220141
-5.529930186527859 -3.1297513644771 -4.327361043068816
-4.629189545443134 -3.983951594521505 -3.442619274354969
-1.7899052628256968 -1.956975313116438 -1.7692263576086513
-1.652895168433428 -2.9203788842663174 -1.4433349528140966
-2.6406959135418955 -2.1656900394652325 -1.6037198198673808
-5.029694142471511 -3.9216162072409633 -3.61474272333965
-2.4703511656390864 -2.4673127922088796 -1.8993377051249198
-3.730383657459257 -2.0375906698195383 -3.2460089590866694
-3.420158042431952 -3.202252242094853 -2.1161766111068174
-5.465864125677852 -2.990792984109442 -4.32723786007588
-4.049504065157923 -2.411161088721914 -2.8805846033762825
-3.362083316022316 -1.0720445320088166 -3.5628389776566203
-3.1953101450976913 -3.4249543954887764 -1.6435394091123579
-2.8820078068283816 -2.183013407174232 -2.299016392551969
-3.5231929465238623 -1.8553463210429249 -2.8803632876335827
-4.225987868693121 -2.3693710637758367 -3.6317018684025744
-5.754689205277795 -3.9940853520197206 -4.101400012339336
-4.582939412965543 -2.138451034629252 -4.161475518843728
-2.4626303807951935 -1.767677697782241 -1.9346690231442356
-3.9529810871262483 -2.1816623955302634 -3.7015444883951645
-1.0677258835363013 -1.4074322586978665 -1.5736602396972144
-2.7643342676867673 -1.0914542751548015 -3.2302015366968764
-3.0733422816986993 -2.1743579930789547 -3.0497760268032357
-4.868609610438463 -4.314034538139991 -3.793023416173344
-3.765624228677937 -2.224419102974004 -3.1568017703756537
-3.96572113772661 -1.912533396766951 -3.7793214472731047
-3.955982665633126 -2.3624192056038873 -2.983496446645862
-3.885224542548286 -1.3935882980202288 -4.108817448192901
-3.685019892237994 -2.804418730781637 -2.5694923585078158
-2.22842788726868 -2.158170390513283 -1.8757545251581291
-4.991717848830317 -2.6388155315613746 -3.774024947528948
-1.6800101698429786 -2.149303128603163 -1.5330216557189953
-3.47215006452085 -2.8522447800213895 -1.6451514948536439
-3.1580084612722947 -2.4130404752854924 -2.648317651704838
-2.7998183423661125 -2.5233786216135345 -1.5766926975858926
-2.298702339951864 -0.9314835515119961 -2.8286041448328954
-2.4543609816696454 -1.9356416795219225 -1.747123691680848
-3.074646591710926 -1.6589704323896215 -2.5842350906996128
-4.680173554305853 -4.050014467136506 -3.0240204639301704
-3.70641969375434 -2.927671149774539 -2.834278695070131
-5.27791783984418 -2.967908596559785 -4.10810002694485
-2.2787519495413666 -2.494385638975875 -1.715215042751521
-3.1685236164373825 -1.699940277415041 -2.971686643861832
-4.524102416830885 -4.893011664653503 -3.6095247256015632
-3.0673356022171636 -2.406018360049473 -2.0399015384289925
-4.154071405107551 -3.423137730568677 -3.2839885299194815
-1.0291385217771523 -0.6010138503573041 -1.9239978122800492
-4.444124657087664 -3.784141963553048 -2.3364731311054854
-3.470259503843222 -1.4828356400054352 -3.598460744372135
-3.261705400637314 -3.1078220927317126 -1.8622300480325609
-5.732322325984403 -4.4079509480454515 -3.127548949090206
-3.595273443690607 -2.107321532427558 -2.8524782039500063
-3.4864320873994528 -3.262943663216652 -1.6893340774848058
-3.9606121935275445 -3.3435908893472344 -2.4545495115111886
-4.458010064197525 -3.062456674203706 -3.371283568440127
-4.83693508183681 -2.5678441192250974 -3.7093158453322665
-3.07133346258614 -2.5707179348067206 -1.9549290715872687
-3.4013650134347237 -3.125653463575062 -2.548374611020431
-4.347327584743449 -3.0723886335455135 -3.1764842010927854
-3.904326323424469 -4.338283772258715 -1.5174236499360236
0.38 0.29200000000000004 0.372 0.32399999999999995 0.17599999999999993 0.168 0.15999999999999998 0.392 0.36400000000000005 0.396 0.28800000000000003 0.388 0.36400000000000005 0.384 0.25199999999999995 0.22799999999999998 0.16400000000000003 0.384 0.29200000000000004 0.32399999999999995 0.3680000000000001 0.352 0.30400000000000005 0.31600000000000006 0.28400000000000003 0.33199999999999996 0.39599999999999996 0.28 0.224 0.37199999999999994 0.17600000000000005 0.16799999999999998 0.32 0.364 0.19999999999999996 0.376 0.28800000000000003 0.312 0.244 0.376 0.39599999999999996 0.31199999999999994 0.344 0.392 0.3959999999999999 0.372 0.252 0.16400000000000003 0.33999999999999997 0.372 0.36800000000000005 0.344 0.28800000000000003 0.14400000000000002 0.3 0.16799999999999998 0.344 0.29200000000000004 0.372 0.31599999999999995 0.376 0.348 0.36400000000000005 0.31199999999999994 0.19599999999999998 0.28400000000000003 0.388 0.372 0.18000000000000005 0.22000000000000003 0.396 0.352 0.372 0.32 0.372 0.368 0.3400000000000001 0.31600000000000006 0.36 0.15600000000000003 0.256 0.28400000000000003 0.24 0.2759999999999999 0.21199999999999997 0.124 0.396 0.376 0.27599999999999997 0.15600000000000003 0.36 0.132 0.2919999999999999 0.352 0.14400000000000002 0.20399999999999996 0.22399999999999998 0.33999999999999997 0.21200000000000002 0.348
0.012063314859490564 0.007979188648728031 0.007762442207223203 0.01432162862005244 0.010475441351576156 0.009536722609022568 0.008324880763652644 0.008229417214915897 0.008492686200389054 0.008195989282213306 0.007349274841962033 0.008051531942591757 0.00850636444828014 0.008144511894962956 0.012938468497043562 0.00762755436468645 0.008133913765639923 0.013882351559952662 0.010396831514005292 0.007550258629392345 0.008614211074627018 0.007687142798761482 0.008457456910267199 0.008952777375484054 0.007953334828792636 0.00805673077185967 0.012398067946709168 0.008368188323508018 0.009216438701188151 0.011521825492464798 0.011254673549599211 0.008166790766033423 0.010790248824263757 0.008164644637964796 0.009254826820362426 0.011266621513808885 0.012358561246528881 0.007991469638685446 0.00789384247546877 0.007512497055730551 0.0163754386163788 0.011725137278505977 0.008913274497126254 0.007768470339550011 0.008214990377577263 0.013062121620133786 0.008003201813639301 0.01028931879041779 0.007820914296104821 0.015986557034865262 0.009601786270274762 0.01233679257865562 0.007350834968104836 0.008602915616477374 0.009828468724222723 0.01119528976733433 0.01785675564425033 0.013135657307472851 0.008957834388234146 0.011264751266086205 0.010854312073674082 0.011878739965308372 0.009686541966164069 0.01409189699344386 0.00997338628598271 0.011669709259519295 0.00970593754384678 0.013115333816568412 0.008634723717543752 0.008417943224852266 0.01264849903091973 0.008601336288348223 0.007806568170220261 0.008804942186347146 0.007803968282587634 0.01192002266015783 0.008599682904083876 0.009645184788337636 0.010706216841866541 0.008973180996870323 0.014506069001179504 0.007918821127175724 0.01011577013099938 0.013927229236107725 0.008173935233798665 0.010231101318924681 0.013892837846004957 0.008976915845658025 0.01164836153727794 0.007607004128962046 0.014522640976947407 0.00951835618442857 0.007582541046530958 0.008523590859547327 0.01072003539490362 0.012175193130172821 0.007963968927416137 0.008324176453081356 0.010149433545519644 0.007850255915418892
-----
100
122196
0.1
-3.2093825319236684 -2.5057126310557782 -2.423970158723103
-3.0416923464720886 -2.3000829755362484 -2.3518447345278233
-3.1480026468985667 -2.5510586136385007 -2.273918926125339
-3.0984256391438936 -2.1965428883672145 -2.604707209015136
-4.021920323907279 -2.698473137465315 -3.472821369405237
-3.5852408380912375 -2.195632920842498 -3.0036104222377027
-2.99862507266797 -2.4449976506469953 -2.293466041854625
-3.7790987703483854 -2.1063950852496203 -3.1004967758578976
-5.695732413176098 -4.226559885277871 -3.8628646657912777
-4.343914919631829 -2.3245674668415104 -3.3890047568585513
-3.1795621620108836 -2.4702768592720195 -2.5015533574910753
-3.0969443895566524 -2.4556139091394042 -2.385498438718817
-3.7998366526462637 -2.108538686982062 -3.2810723835903213
-2.963473720266206 -2.4071571235913836 -2.1990013204914556
-3.884182890090452 -2.290681513796331 -3.276583856560875
-4.0922278221418305 -2.644403233712344 -3.3139283974578078
-3.7955740806841574 -2.4969246358125283 -3.128984473860224
-4.049080089715519 -2.8262216947709433 -3.219149523705526
-3.305994371733505 -2.4630358992956083 -2.47552670456151
-4.615308265882102 -2.4147944388397007 -3.591473230073148
-3.3979520980460762 -1.9529669432290109 -3.079619935985529
-3.957466934224149 -2.6610477898685545 -3.186403844980397
-3.905142932403925 -2.2554749976499124 -3.072419520968653
-4.354429273195046 -2.7160320018294377 -3.155257049603279
-4.108438445070955 -2.8705841887785355 -2.953925787843504
-2.9841536574174823 -2.2846456798831296 -2.3451421834557853
-3.2730626988224776 -2.372952954074633 -2.488775744427671
-3.2096238085944018 -2.487232933867929 -2.4087343737531848
-3.06562375505231 -2.4050395646670544 -2.578351236441327
-3.5991436837147313 -2.2063116244926215 -2.785283768824895
-3.7744183639226128 -2.790049363957295 -3.1182399687282474
-3.722793364167824 -2.4405718142054003 -3.0427753729052043
-3.2781305349943954 -2.1900251170531746 -2.705826228937064
-3.9638669272758653 -3.102991468741875 -3.0956413159805662
-3.2951694284944315 -2.3282057800262934 -2.6589435943581416
-3.5020258864427407 -2.6099109968316463 -2.7314954815663457
-3.3674598038920274 -2.520199136907534 -2.5843898871111533
-3.3183810582722395 -2.371495164880666 -2.636149915587337
-3.709222627343838 -2.5018947314759195 -2.90935200013271
-3.193568405978163 -2.1800551817079032 -2.613585891691283
-4.167287362884965 -2.3653422397847703 -3.407424856946532
-3.8247357266713533 -2.3380848452014993 -3.05818184378332
-3.999959539131774 -3.0511640049749693 -3.2633358925298768
-3.073657949904604 -2.6026910300737085 -2.1879852641974664
-4.282718597079669 -2.698522348742509 -3.3636927170990223
-4.049682894047409 -2.4095106235332016 -3.086095312171041
-3.8492103068393693 -2.427604496105191 -3.5228335948777376
-4.550283862691635 -2.628180703217339 -3.593745317511352
-3.168562790557868 -2.0278708340307525 -2.508548292096987
-2.9681517143347893 -2.253549855007647 -2.315863815411461
-2.935002372726653 -2.09004257130824 -2.3551504244833383
-3.211440531802071 -2.343644946510686 -2.515951934766864
-3.0014005994466113 -2.235808859371758 -2.295672058348406
-3.9780546588436145 -2.6304363410112646 -3.048764552130617
-2.9647332351211064 -2.1910447534016826 -2.4091323577657984
-3.6887022700810075 -2.2002749570756883 -2.8289663315640667
-3.5196096237371175 -2.4721595281803603 -2.808988617337187
-3.76871129726364 -2.669371946193994 -3.004841506054865
-3.53083256619909 -2.257088618398023 -2.9388538752273217
-3.524410175923897 -2.2381987642469445 -2.8573439191081422
-3.616534067341036 -2.2353818097495064 -3.0429718030243866
-3.5180393944414603 -2.28150768269458 -2.811013300822466
-3.6538955178894557 -2.1376554316845673 -2.9202125777637757
-3.311699965704754 -2.3541243348935934 -2.377730590997948
-3.41765145326967 -2.4367220149069615 -2.7350080973307156
-3.2737513062567833 -2.3782773011923286 -2.816414187369838
-3.280459526648306 -2.697943361128591 -2.413182865551085
-2.9561444935568204 -1.9300552166360683 -2.5451257639266185
-3.353686021552001 -2.196055614592212 -2.758974254149534
-2.9866675071480793 -2.491412677244357 -2.2442014636172907
-3.34750619056088 -1.9688051598203393 -2.781813802214649
-4.528669522394365 -3.0208253691037132 -3.5617664358326264
-3.682230873287409 -2.2729559155338013 -2.960982712975243
-3.501088648968391 -2.4685095706050695 -2.7958192454993047
-3.1367168946760446 -2.444304573333932 -2.3491718360585807
-3.3836198567831004 -2.4642249740600377 -2.657329976993507
-2.9920928102363624 -2.250419741428643 -2.338606878429638
-3.246826507549482 -2.6307306233711403 -2.4005342092639363
-3.171162469617798 -2.6120759288448516 -2.3976826955814734
-3.1863943669285058 -2.0287379538036356 -2.8174825257829914
-4.4625736842715105 -2.439513865721944 -3.3574062787233023
-3.889253310401736 -2.7568016397966306 -2.8275074933216384
-3.7615665490272217 -2.0418637553969035 -3.2795987978183554
-3.7809118218063897 -2.4746867250480116 -3.4680484632710633
-3.6147023704448857 -2.675108474621704 -2.9513685247544093
-3.1619800614199787 -2.671269811932971 -2.1598206429760527
-3.5046647430496263 -2.436598625535722 -3.0363273409611713
-3.3676717522286195 -2.2761242476182386 -2.618304938713415
-3.3017165857625255 -2.215910091692187 -2.636188181105792
-4.0874895676394445 -2.6452182873910894 -3.3353516014728144
-3.6724119203735475 -2.5274929021040404 -2.6869327603506936
-4.420921180019569 -2.31286996176658 -3.4905995964896914
-3.59794440105268 -2.3087373821464237 -2.931836830628344
-4.918349265685075 -3.370479482563934 -3.8818730674894093
-3.413726568123214 -2.5811119256713297 -2.8436644119587937
-2.8048960518402817 -2.484407729079403 -2.1457117806889148
-3.424890018114313 -2.6100430270946293 -2.7856835627762404
-3.6982947128088632 -2.6840555521841503 -2.8220254987612976
-3.7662785115295434 -2.8634328271967173 -2.9997903996194086
-4.717822231204537 -3.145727507334276 -3.7062808593701506
0.06800000000000006 0.09999999999999998 0.08399999999999996 0.07200000000000006 0.09199999999999997 0.096 0.09600000000000003 0.08399999999999996 0.096 0.08799999999999997 0.068 0.04799999999999999 0.09599999999999997 0.07599999999999996 0.09999999999999998 0.068 0.06799999999999995 0.088 0.07999999999999996 0.09200000000000003 0.07200000000000001 0.07600000000000001 0.08399999999999996 0.08399999999999996 0.084 0.07999999999999996 0.06399999999999995 0.07600000000000001 0.084 0.092 0.07600000000000001 0.096 0.06000000000000005 0.09999999999999998 0.052000000000000005 0.07600000000000001 0.06000000000000005 0.08800000000000002 0.07200000000000001 0.07600000000000007 0.07600000000000001 0.05999999999999994 0.08399999999999996 0.08799999999999997 0.092 0.07600000000000007 0.09599999999999997 0.064 0.084 0.07999999999999996 0.07599999999999996 0.092 0.06399999999999995 0.07200000000000001 0.07200000000000006 0.08399999999999996 0.08400000000000002 0.06799999999999995 0.09599999999999997 0.08399999999999999 0.08400000000000007 0.07600000000000001 0.06800000000000006 0.06000000000000005 0.07600000000000007 0.064 0.07200000000000001 0.09199999999999998 0.09999999999999998 0.06 0.09599999999999997 0.092 0.06800000000000006 0.08000000000000007 0.07199999999999995 0.08399999999999996 0.040000000000000036 0.07599999999999996 0.05999999999999994 0.09999999999999998 0.07200000000000006 0.096 0.08799999999999997 0.07999999999999996 0.08799999999999997 0.08799999999999997 0.07999999999999999 0.09999999999999998 0.06000000000000005 0.07999999999999996 0.052000000000000046 0.07200000000000001 0.08000000000000007 0.09999999999999998 0.09999999999999998 0.09999999999999998 0.08400000000000007 0.08799999999999997 0.09999999999999998 0.09999999999999998
0.009745268078406906 0.010037584846312776 0.009963532369667136 0.009945911979468912 0.009990581151618803 0.009745554401636975 0.010091356801648604 0.009961916784093769 0.020144873931727005 0.010293243437050095 0.009723532197949228 0.009885721569227934 0.010167653860614061 0.01026442685461597 0.009874647553914411 0.009738939655693453 0.009542777056324269 0.009679996937191446 0.00964348150917104 0.010882524944960852 0.010376281728380512 0.009573517642001308 0.009739002975545053 0.009842726973161828 0.009634611663746403 0.0101217070032529 0.009688276578695155 0.009758509241941896 0.009850419063090754 0.009658519486046376 0.009592708900976306 0.009507740788992969 0.009785648499460646 0.009913145055237051 0.00963803372888308 0.00944528908568326 0.009538516213362902 0.009597290168789744 0.009418031814866251 0.009868096583822298 0.010078348492033111 0.00960086000752954 0.0099778057177183 0.010180554657469745 0.009903424256747236 0.009655560103786362 0.010221143170070264 0.010552628494082722 0.010166672963662067 0.010194609189644793 0.010394245748727209 0.00973228680520011 0.010194529059110955 0.009489757097819709 0.010181817358858609 0.009680514453999268 0.009447388070340752 0.009446825403015105 0.009643633704383245 0.009631225777242972 0.009714964649031576 0.00957417110075715 0.009785388842489898 0.009786654729842446 0.009500099749481792 0.009668096034546084 0.00976782273608841 0.010571658567868602 0.009734435262246911 0.010166852872845307 0.010140480763814937 0.010564609318008216 0.009606628145290633 0.009454115194926574 0.00988225300712396 0.0095158059762457 0.01014571778323112 0.009765824096628819 0.00982730421663775 0.010159966197818934 0.010280630115725773 0.00946802365267519 0.010305723910115748 0.010106314541521558 0.009471576143154924 0.010188316803825282 0.009606167820813083 0.009648989692102958 0.009742215295108188 0.009764212377480192 0.009432784361315599 0.010555100965905546 0.009564796874998878 0.012463378851368515 0.009523489658643153 0.010588736454870264 0.009499583751090819 0.009410519707987593 0.00956829376826603 0.011232866359433477
