3
100 100 100
1005 5766 590217
0.8 0.4 0.1
-----
100
1005
0.8
-0.49653952212332797 -2.399811643768834 -3.2579768045535267
-5.11957624559993 -3.2172294715181966 -4.3198912998846115
-2.4669431503953003 -2.010873954758863 -3.4218692568596594
-1.949968602818088 -1.3057391797260554 -3.771670543194807
-1.4317755834707615 -2.644543894013897 -2.707171782728485
-1.851079307952567 -1.286729777171832 -3.92599164834723
-0.9636515754561383 -1.8729747904728944 -2.763309381899977
-1.1497132341561684 -0.4697522561868279 -4.08931983808864
-5.949012516966486 -5.447491889877245 -3.5080238049498087
-4.37751197352613 -2.8090225966159528 -3.762289923849336
-2.032980504602914 -0.6444083875463305 -4.613771121361823
-2.556026962216735 -1.1012116657936772 -4.6840992098256
-0.10987352153434493 -1.2177205522096752 -2.8646046334231428
-5.088147700013634 -3.197211695963716 -5.001087627304609
-1.4266528939799041 -0.7743068582626051 -3.642279135717536
-3.7777337996123785 -3.9116443269514782 -3.2961539723902704
-1.3251541192960659 -2.013240146865309 -3.089229098162824
-4.278569917108653 -4.879649651590139 -3.093884935657133
-2.8713176855423894 -1.2134221198718178 -4.586905864905113
-5.687983182773609 -3.776234383012963 -5.292126686141302
-1.6733935310147636 -5.671023668148519 -3.1006044086140134
-2.4795929839734656 -2.786806072183237 -3.4155641763685516
-1.1034927527867815 -1.2055753638047602 -3.591935917767325
-5.047605259649898 -4.302941349136657 -4.1567966548267155
-1.4755135438581988 -5.2142799009023495 -2.9519688178581127
-3.486930552426096 -5.716060648778343 -2.8501621743473997
-2.815235583848207 -3.417945677030807 -3.1492864895761112
-0.8123384182261706 -2.9145492712783168 -2.8597103823562495
-5.444269414469973 -2.467668089419356 -5.838534888773076
-4.062314747193842 -3.7978714118162724 -3.1999083274044646
-1.3481606083932736 -3.8756262067371505 -2.718898658600768
-2.469657486719033 -5.7176751357956945 -3.0761406239327327
-2.1816693164433114 -5.610663549007351 -2.889993755703647
-2.806100868521193 -2.668796622712018 -3.211159011774663
-2.1683601221317295 -0.2946501075006438 -4.761896134730397
-2.5524805765789065 -2.367736475818175 -3.541771548991158
-5.56286542913377 -4.658531237864929 -4.294981434020526
-1.6486074003498175 -4.173262714253987 -2.972859085861352
-3.5382450577081066 -2.141535960215157 -4.1750022099839
-0.2544073810566889 -2.1652408327393258 -3.0692062584482067
-4.603073724784299 -4.727008935643953 -4.160420301890571
-2.4956459152203 -4.608664717003 -2.9433198026283693
-4.083940715256091 -2.8331089914327108 -3.3950998484549473
-2.8289837136972364 -4.2029380888830605 -3.238309977995704
-0.7750569626385317 -4.411447263827904 -2.9452176243765362
-5.953652611344623 -5.253561958192982 -3.8962509699526517
-1.531706643661991 -5.278886864843274 -2.6896335517039507
-3.664459992532106 -0.8362094646808922 -5.6183361695241185
-0.9983250994881265 -5.939222132066503 -3.0073105919253313
-1.789594250975469 -4.804056445927985 -3.128160763290001
-3.703401903503424 -2.6739437731053157 -4.082485253936454
-0.14132109452678598 -0.9292582286926585 -2.82330733335782
-2.4030892660136334 -5.598506360863625 -3.3133581695279073
-5.424706309201053 -3.753364950317699 -4.907800915083092
-1.2519415150903601 -1.487354652927781 -3.423453893820605
-2.5597805754949388 -0.5296686837810309 -5.141932345950247
-4.6252458698297545 -5.580097650500459 -2.6616748887389647
-0.38904503437139404 -0.5019651323406729 -3.36181079586013
-4.513779784077562 -4.783006520917414 -3.393147869887081
-4.692555464427516 -2.278846559496724 -5.53436539624235
-1.9464897227719238 -4.040083417114413 -2.6982091907704593
-3.8029628002699685 -2.8183553055859436 -4.091139747951603
-5.715326860574493 -4.991737199506455 -4.151971595061012
-2.5059853396186815 -2.097745697847073 -3.907662920926529
-2.4976155898211467 -4.18415751297623 -2.986699445065893
-4.053857927622097 -2.681973342593069 -3.9713336528533962
-5.073829823802644 -4.110762351087005 -4.411324106162096
-0.5578852599729185 -5.809435186039571 -3.264310201489807
-4.741810716010339 -5.412813978369503 -2.9338175978364407
-5.639196120398859 -3.0400648278434237 -5.488757088709718
-5.0454101109275715 -3.8170236434112494 -3.1534320494387553
-4.239736361698245 -2.320447802690253 -4.687071246349731
-3.2694092672369988 -4.486743502954626 -2.8071934593944587
-4.181058696040996 -4.694846783189142 -3.160780734358098
-4.437578621103796 -3.245589347032084 -4.696443538944736
-2.9341819594019984 -2.445556484064802 -3.4192242529424974
-2.7818593981269797 -3.7830769827407265 -2.936285491213397
-4.421915996605936 -4.768084775777899 -3.156609936794434
-3.350959320021081 -0.9740508107055303 -5.693902796863812
-5.0346304185913455 -4.73115543914596 -3.4926678823589876
-5.451180512348874 -4.796461560436982 -3.8561140334367323
-5.126086358933902 -2.267389356266489 -5.687361041834178
-2.8427767471923833 -2.387582337086136 -3.4017460060490534
-3.8524109112237492 -4.470727223769231 -2.6576655866651446
-1.4519301216720866 -1.4221657361614035 -3.3999250315139036
-3.8489591192409978 -3.3770028078533256 -2.8633309166100185
-0.202321646438528 -3.927727267757649 -3.276426472619293
-2.097036723752384 -1.1414354448619228 -4.082838335561036
-4.144560966121868 -5.4936804595400766 -2.877946943768553
-4.1710729540406275 -2.284310208901384 -5.0770646432182485
-5.575285912640105 -3.0689594296950835 -5.7103295378025605
-3.0375745995346395 -0.9018373360864889 -5.195681920113017
-1.9775664970547693 -1.458673721765308 -3.454434412667158
-3.36331133765871 -5.357128835412414 -2.8029449390957377
-5.7738362297904935 -5.051460872167528 -4.265241450610751
-3.7869357175231397 -3.9443559144173967 -3.143299865104081
-0.15823262310722797 -2.676745747652633 -2.7128714583244946
-1.5462836256296626 -4.6105844435402865 -3.1233827192268406
-2.3217620760507405 -2.89627313538711 -3.104102737387995
-5.367335854394353 -3.661065768921279 -4.4740732350283325
0.688 0.796 0.6439999999999999 0.45599999999999996 0.796 0.688 0.788 0.776 0.5840000000000001 0.5960000000000001 0.604 0.616 0.712 0.348 0.6679999999999999 0.464 0.5800000000000001 0.45199999999999996 0.6679999999999999 0.736 0.48 0.48800000000000004 0.776 0.18399999999999994 0.652 0.696 0.4 0.692 0.712 0.6119999999999999 0.788 0.484 0.6679999999999999 0.528 0.6719999999999999 0.39999999999999997 0.26000000000000006 0.624 0.6839999999999999 0.492 0.6639999999999999 0.656 0.764 0.472 0.656 0.6639999999999999 0.796 0.744 0.5880000000000001 0.54 0.348 0.76 0.748 0.424 0.62 0.524 0.796 0.512 0.48 0.544 0.796 0.32 0.356 0.736 0.608 0.6000000000000001 0.204 0.696 0.6639999999999999 0.692 0.716 0.708 0.724 0.4 0.732 0.6079999999999999 0.6639999999999999 0.532 0.768 0.27199999999999996 0.708 0.736 0.6719999999999999 0.796 0.42000000000000004 0.712 0.708 0.46399999999999997 0.6759999999999999 0.532 0.6 0.516 0.7 0.736 0.12000000000000005 0.4 0.788 0.532 0.532 0.784
0.010000000000000004 0.010000000000000004 0.010000000000000004 0.010000000000000004 0.010000000000000004 0.010000000000000004 0.010000000000000004 0.010000000000000004 0.010000000000000004 0.010000000000000004 0.010000000000000004 0.010000000000000004 0.010000000000000004 0.010000000000000004 0.010000000000000004 0.010000000000000004 0.010000000000000004 0.010000000000000004 0.010000000000000004 0.010000000000000004 0.010000000000000004 0.010000000000000004 0.010000000000000004 0.010000000000000004 0.010000000000000004 0.010000000000000004 0.010000000000000004 0.010000000000000004 0.010000000000000004 0.010000000000000004 0.010000000000000004 0.010000000000000004 0.010000000000000004 0.010000000000000004 0.010000000000000004 0.010000000000000004 0.010000000000000004 0.010000000000000004 0.010000000000000004 0.010000000000000004 0.010000000000000004 0.010000000000000004 0.010000000000000004 0.010000000000000004 0.010000000000000004 0.010000000000000004 0.010000000000000004 0.010000000000000004 0.010000000000000004 0.010000000000000004 0.010000000000000004 0.010000000000000004 0.010000000000000004 0.010000000000000004 0.010000000000000004 0.010000000000000004 0.010000000000000004 0.010000000000000004 0.010000000000000004 0.010000000000000004 0.010000000000000004 0.010000000000000004 0.010000000000000004 0.010000000000000004 0.010000000000000004 0.010000000000000004 0.010000000000000004 0.010000000000000004 0.010000000000000004 0.010000000000000004 0.010000000000000004 0.010000000000000004 0.010000000000000004 0.010000000000000004 0.010000000000000004 0.010000000000000004 0.010000000000000004 0.010000000000000004 0.010000000000000004 0.010000000000000004 0.010000000000000004 0.010000000000000004 0.010000000000000004 0.010000000000000004 0.010000000000000004 0.010000000000000004 0.010000000000000004 0.010000000000000004 0.010000000000000004 0.010000000000000004 0.010000000000000004 0.010000000000000004 0.010000000000000004 0.010000000000000004 0.010000000000000004 0.010000000000000004 0.010000000000000004 0.010000000000000004 0.010000000000000004 0.010000000000000004
-----
100
5766
0.4
-4.160864021664791 -2.906829261133784 -4.480228206694088
-4.379439111038887 -3.5989436924521643 -4.145880257850593
-3.0689934086740065 -2.47135886887163 -3.9033879895078574
-2.911788852389321 -2.632791619479891 -3.6600169359016226
-3.567551222233183 -3.048771338340229 -3.4817780481172367
-3.7060689764683143 -3.5710348270009344 -3.543092240612187
-3.639650981390551 -3.333691881306338 -3.8471288522462745
-4.093982605432721 -3.8371851244470716 -3.7189888636878923
-4.833407814338007 -3.643577335958259 -4.103368056465105
-5.026677166434184 -2.7876117234831868 -4.910740505534884
-3.9528213821131493 -3.413600361354944 -3.8731512620123447
-3.6311927727178706 -3.5919895844066887 -3.7284838785712116
-3.262076490743596 -2.9089071350966202 -3.6860093820290656
-4.9104808018091335 -2.8500766521982266 -5.109137722132217
-5.270210484056185 -3.493625762223366 -4.884112721151476
-3.632914424317936 -2.979322799221509 -4.0611721575251885
-4.42251693262453 -3.605644659088947 -3.8394191740443335
-3.6735188754703585 -3.5799996959620937 -3.4366777022240127
-2.4788936062087106 -3.110569238792653 -3.1776655850449034
-4.959019443668673 -4.450365688619674 -3.900404702189748
-4.283676390768913 -2.6614883097431075 -4.779848618419969
-3.7880386593337825 -3.364795867642933 -3.642219682631313
-4.38951546162835 -3.880855475994712 -4.155220059814563
-5.616819573439784 -4.7145886981242136 -3.474364080193928
-4.046011720320468 -4.168124672174745 -3.271936337285376
-3.188732743018145 -3.2464125351420536 -3.1731858609408277
-5.722132478311508 -5.054557248210157 -4.181759613948823
-3.2001173607068516 -2.342103253744159 -3.912227989221763
-4.363090875623126 -4.473378319427543 -3.3004136109649402
-4.105546139492899 -4.0937723622357245 -3.7563161189831824
-5.341424303888374 -4.496817641074202 -4.4831149294132775
-4.469293408412814 -3.105908952743297 -4.557594525171235
-4.3956467984673235 -4.026262031279035 -3.2299506735998516
-4.923656164702678 -4.600140885148116 -3.3329578296660918
-5.5992431883894245 -4.874006585025347 -4.217652672484045
-3.044250921975112 -3.1078841848535244 -3.302487690912126
-4.809882301800128 -3.3035366574147704 -4.134560345866269
-2.8415038447498535 -3.77650239786776 -3.2212708307414823
-5.700677576009002 -3.6310790774299297 -5.081904262702286
-4.4550605364248055 -3.4288640061080677 -4.1573388455575415
-4.17181967997835 -4.66512470547762 -3.2444052842516022
-5.482494689078898 -4.742151325923426 -4.267894356423053
-3.2955558074828297 -3.2278004216122285 -3.3946251961740543
-4.490150329322953 -3.767498852676348 -4.072968317466237
-3.766793773554809 -3.2755351930937877 -3.897846808229721
-5.951349493337297 -4.70693327786112 -4.516709867113852
-3.519636164818114 -3.1292285838390503 -3.6826989704838615
-3.2461213544220184 -3.08413196060751 -3.372494949876782
-4.647536071796225 -3.8623807675319384 -3.812305415089659
-3.13171094334291 -3.3591004492858363 -3.4340672324613712
-3.0420180934932333 -2.703658076924258 -3.4791867539767094
-4.835986009643404 -4.255904209805318 -4.325259442879628
-4.555463414151523 -2.817716966756753 -4.912378804876433
-5.106421919816414 -4.508716631445051 -4.175631020637444
-3.002265942265784 -3.7063812611159688 -3.2013185317972117
-3.8187236363743833 -4.359589380551591 -3.2206116364782345
-4.031368362525163 -4.222125790722399 -3.254571559107148
-3.748446365475914 -2.857558789524871 -4.197949795941289
-4.422299502496535 -2.844010900720139 -4.704402864585705
-4.778023149182281 -3.6698527590133048 -4.1736256990803415
-5.551391855940093 -5.033560374275787 -4.019851011438805
-5.225675062370863 -4.284639891937614 -4.275797738965811
-3.353553671439847 -3.9946471456286887 -3.339587714318157
-4.0107162626364365 -2.7836951608288967 -4.289914741998315
-3.7537670250726642 -4.236301559828388 -3.199310001527899
-5.8763889738252315 -4.556478342759995 -4.666331900456385
-4.00786354246817 -3.5063365740213097 -3.6534509669956443
-3.6434213444124097 -3.316483248599857 -3.2889983855208835
-2.9788444047624267 -2.432741139141251 -3.697060742320585
-4.440462544164065 -2.8240893852864577 -4.681229158012251
-4.089820818984025 -4.741783671875035 -3.299459105460566
-4.3743309638545425 -3.8314130701537557 -3.8107870846565355
-2.8780982950316902 -3.622051608858653 -3.237304597928661
-3.2418776642419744 -3.202137865277871 -3.5469613521768055
-3.997007766484657 -3.2971174249281834 -4.162292509530445
-5.593522225258542 -4.784231633159086 -3.9770501525836157
-3.873908042381458 -3.452704302547236 -3.8951937130533523
-4.551532244104124 -4.00359591589514 -3.743029885074936
-5.005555795557988 -3.8067226064633384 -4.588047805905321
-4.243990801241448 -4.17323714116808 -3.5039417747079913
-4.285214420628622 -3.184887633172965 -4.186915794247577
-2.821580208077394 -3.3256368476461358 -3.300769529489571
-4.476524762327246 -3.941674733167312 -4.1963929587310655
-5.104932771257076 -4.108292930704948 -4.291588823913686
-3.7966806647907365 -3.3477859592077257 -3.703119644605073
-4.192963498258125 -2.6700721183002774 -4.475719354906859
-3.208349514108737 -2.284515096086393 -4.007495064333548
-3.866135745992717 -4.221358248316407 -3.2947913048396793
-4.238337357001004 -3.8858584854249414 -3.906123304822434
-4.195596509845997 -3.1996500928302085 -4.274103529163191
-3.744960582709023 -3.3199613063535116 -3.76041240764652
-4.309345615542657 -2.1267330948921166 -5.176872932818309
-5.8168679293528704 -4.419209024447928 -4.612594091351406
-4.289198289865153 -4.40902109234627 -3.2790429592980486
-3.428947597453755 -3.1739053277121396 -3.812145425119618
-5.08364249065127 -4.435084571205422 -3.7087413780020344
-4.150738441362751 -3.313450469010268 -4.087000025498684
-3.369558821863737 -3.7634677212396825 -3.214442429269985
-3.225521420916279 -3.2008735155685026 -3.558940341832687
-3.8648036621776325 -3.518206110213921 -3.3353446069496893
0.368 0.19599999999999995 0.384 0.336 0.23199999999999998 0.284 0.268 0.15200000000000002 0.22399999999999998 0.38 0.13200000000000006 0.344 0.356 0.336 0.392 0.33599999999999997 0.212 0.26 0.388 0.232 0.392 0.37599999999999995 0.148 0.38 0.332 0.396 0.24 0.392 0.364 0.26799999999999996 0.392 0.384 0.31200000000000006 0.312 0.26799999999999996 0.29599999999999993 0.24800000000000003 0.348 0.336 0.34400000000000003 0.29200000000000004 0.10800000000000001 0.256 0.288 0.38 0.29999999999999993 0.13999999999999999 0.268 0.128 0.38 0.284 0.332 0.368 0.21200000000000002 0.356 0.328 0.336 0.332 0.392 0.128 0.332 0.3320000000000001 0.38799999999999996 0.26 0.33999999999999997 0.336 0.27199999999999996 0.31999999999999995 0.376 0.36 0.22399999999999998 0.352 0.376 0.28800000000000003 0.264 0.33199999999999996 0.14400000000000002 0.28400000000000003 0.332 0.19599999999999995 0.20799999999999996 0.336 0.308 0.35200000000000004 0.23199999999999993 0.248 0.31599999999999995 0.364 0.328 0.26 0.29600000000000004 0.38 0.372 0.336 0.384 0.33199999999999996 0.33999999999999997 0.33599999999999997 0.19199999999999995 0.29600000000000004
0.010171953358457124 0.009541221688225977 0.00925062750355362 0.008995763266172829 0.008904921190831985 0.008744618862905194 0.008825791151675085 0.008980791057320598 0.00997916804818505 0.012440734820763912 0.00896701079690102 0.00872979771251164 0.008830080293281509 0.013079659389657439 0.01258211736683112 0.009153560427711252 0.009295374329217457 0.008777140699554063 0.00905757321376054 0.01033062515710124 0.011246994108861466 0.008814196774402504 0.009634265073417978 0.01218870543972845 0.009254029868236544 0.008988394395120296 0.01332608586806787 0.009397243994461995 0.00970539937738451 0.009087577336620713 0.012168682511917888 0.010504409467613567 0.00966858722767561 0.010610017026789296 0.012674271672847666 0.008850576000082084 0.010052564838344262 0.008810120425570736 0.014550531071795172 0.009628381905815147 0.00974383203918937 0.012262280011280267 0.008759115119038253 0.009561377398635065 0.008923996757088905 0.014216419673248059 0.008781987745800551 0.008836861414966249 0.00954607712693355 0.008659368560496563 0.00898504862320248 0.010663419775366138 0.011842208400422166 0.010994028505796035 0.008813268769633805 0.009246251280905874 0.009286684941240133 0.009448081909638103 0.010991150570010598 0.009995670770452 0.012516631228022873 0.01114562333239297 0.008764818342275034 0.00976607199898486 0.009168004226549743 0.014259388557160151 0.008919331553898702 0.008994245908784148 0.009183631444367265 0.010946783981775477 0.00968398185137975 0.009241859416039468 0.00877764988274287 0.00868402444106657 0.009336096132055242 0.012102260627923495 0.008936854440086664 0.009445313050511182 0.011245394364318737 0.00922476069881745 0.009583854398415342 0.00876350005589327 0.00980366069095002 0.010827814404295043 0.008826363096262542 0.01033245732003261 0.009545789268998094 0.009110542667944152 0.009203354516212044 0.00965520587159379 0.008822656624544331 0.013488078854611289 0.013618829300810886 0.00960595072962457 0.008790395965273826 0.010458754618863983 0.009314687422132557 0.008857296396397285 0.00868015465267776 0.009011233552597447
-----
100
590217
0.1
-4.908515469949655 -4.306850035604849 -4.210303463214067
-5.043733628668376 -4.421909530159944 -3.9001144244607375
-5.016022567216361 -3.566240810034011 -4.056045823402061
-5.4293279286688145 -4.6956913871944135 -4.150745758220669
-4.050712710425239 -3.6519428442412156 -3.9982572286457327
-5.164055360616543 -4.622966576996674 -3.875273689152233
-4.087582935382818 -3.272405842959786 -3.9146306349419153
-4.46226892523882 -3.787266403873562 -3.5540511048696533
-5.158180218486145 -3.901705070347049 -3.934259908481717
-3.4684434686960754 -3.045240893468546 -3.580279737217614
-5.7907786794861345 -5.237021066829891 -4.2072792853706
-4.453711590657616 -3.974387236310929 -3.667702155914064
-4.486421655893888 -3.703476073940365 -4.139397784347577
-4.493741525919511 -3.7223558788853284 -3.9578721612547723
-4.736982350150768 -3.5476408264376675 -4.014628213364377
-4.780894512739722 -4.178872950921203 -3.9882247177145245
-4.813091494082121 -4.230960542333028 -4.0473918046451285
-4.235303013230724 -4.042312866804627 -3.6766910064868075
-5.506619492107942 -4.957637267142419 -4.012150833085548
-4.334381305454306 -3.7339422393100974 -3.940209087982243
-3.907997639014847 -3.7490084429573574 -3.514166356961957
-4.194352154792054 -3.501446544579657 -3.8816427454119036
-5.457440796691662 -5.143548349930139 -4.153134375100051
-4.073411136765008 -3.7778280306860967 -3.7138454465075212
-5.871126202014918 -5.372091725182727 -4.1784104509553615
-4.52978241944864 -3.953583400798271 -3.965502936661681
-4.10233301603219 -3.6178083664295677 -3.8865453811248236
-3.8484192240242336 -3.827779607687397 -3.536905475353632
-4.484033647886726 -4.2709916138593345 -3.8489219435874538
-5.047638851543539 -4.189864380354013 -4.057390756187951
-5.213823731469453 -3.724366133658127 -4.0209018050524445
-3.848948433941642 -3.7429064726989285 -3.627698934597571
-4.459767166048522 -3.7551331051360126 -3.873752024721423
-4.478894232510536 -4.248073001865832 -3.532632830563984
-5.340346342970564 -4.846132611143359 -4.197536948738036
-4.272144854632785 -3.437589693826884 -3.806874281696933
-4.667198131781605 -3.51241386592933 -4.096225578217864
-3.8338987776953086 -3.4021183221856557 -3.6157282955484606
-4.638212227317014 -3.695119880609656 -4.054055496295542
-4.3465236318916345 -4.410057455872859 -3.989606791803899
-3.821006655392698 -3.8520705632967234 -3.5931465906761324
-4.0866459374719195 -3.736202087289066 -3.5932411910139868
-4.251972842032876 -3.742945927024414 -3.8036855878284377
-4.08700361487824 -3.5564763490571862 -3.5973828134401677
-4.414805859866503 -4.31614013203948 -3.6594210578123207
-3.930905192548277 -3.9353071503823607 -3.5895926744641153
-4.030189380846045 -3.227193197642641 -4.012845472023703
-4.488962393228504 -3.9337752238273125 -3.67168604549184
-4.615922745466009 -3.9637831212749446 -3.9618379093747174
-5.004154419074891 -4.420008908903281 -4.087293156809221
-4.281819883867726 -3.6428398854224744 -3.858017756394451
-4.027951814334235 -3.772938839855787 -3.8352446938006888
-5.386026785062764 -4.790105981129532 -3.8736502819865772
-4.221945176543803 -3.640598832352901 -3.49864380847817
-5.236984788661821 -4.413089649140235 -4.002624338897357
-4.220773428527583 -3.4354447364487983 -3.963670989844166
-4.44520604840235 -4.213744719209729 -3.617470523407527
-3.8381575375914916 -3.4339355957650453 -3.9697795671494616
-4.653586060351228 -3.5079628328445365 -3.984761048603331
-3.984509125217478 -3.8600245837242384 -3.6219764361375026
-4.081291124381332 -4.173872982841925 -3.8240600565730336
-4.132584539223997 -3.6846166166144214 -3.7155310953742315
-4.588378617592456 -4.058446884669195 -4.015176709444763
-5.200863270559622 -4.613101474768483 -4.135372117631404
-4.941452258830954 -3.942693662680963 -4.070689387762908
-4.332291376051789 -3.6729648786563303 -3.7975971877889436
-4.226684597073066 -3.8875730139341567 -3.482249653703222
-5.511558876338767 -4.942525207400999 -4.025261434978222
-5.300949058160673 -4.686374647357983 -4.124802134659194
-3.9862653766999774 -3.960945148718793 -3.4773778971446876
-4.008667794211296 -3.4640201986336008 -3.5637303874265074
-4.621738487720023 -4.503306578225825 -3.9713652233812526
-4.982685403550479 -4.440808717417012 -3.8910093757930837
-4.215780387372751 -4.062640301653658 -3.563980567758352
-4.796197180825293 -3.6118958109714527 -3.8905874318749603
-4.056419475895133 -3.4944360755754786 -3.7778805610390545
-5.449492049125741 -4.750791458097516 -4.150185196155557
-3.83471818420456 -3.46448234197445 -3.5984883317365166
-5.241323276914073 -4.758117516297629 -4.066348545933972
-4.523625897393351 -3.9545976438365633 -4.042071931142524
-5.263477108605478 -4.433900000616219 -3.9661616432261377
-3.972115821630544 -3.696213218891578 -3.6421417583416233
-4.153710423300265 -4.586244604334973 -3.7841136252094394
-5.483671857986361 -4.695334263847675 -3.99029594428135
-3.906186609348902 -3.6403720160000255 -3.6202714389486728
-4.3580519517185845 -3.888398107411681 -3.960229803847378
-5.208263645622798 -4.742401127924459 -4.152292925486954
-5.905519732884342 -5.367726779381929 -4.198265472198242
-4.634768339805247 -3.988709291242369 -4.1156250229157045
-5.384010274772864 -4.892999196339634 -4.204346385565386
-4.578429303504039 -3.8007337097529854 -4.088782424003566
-5.345233051184392 -4.559743778540355 -4.132828291404346
-4.235419859020299 -4.126947719466843 -3.496103034779919
-4.043907850308793 -3.614109493726901 -3.5341496099999463
-4.3062259968560594 -3.9131144523403982 -3.7969139988862386
-4.499359438461109 -4.120423291713354 -3.8324166482768747
-4.116894949983523 -3.6645802662224574 -3.634331499391467
-4.273132835596251 -4.299118383479583 -3.7795428819467474
-4.128335200460765 -3.7162280569596406 -3.7027179460722945
-5.096513484312996 -3.559013584733708 -4.0778119569414875
0.08799999999999997 0.08799999999999997 0.09599999999999997 0.08000000000000002 0.09199999999999997 0.08799999999999997 0.08799999999999997 0.09199999999999997 0.09599999999999997 0.09199999999999997 0.08800000000000002 0.09599999999999997 0.084 0.09199999999999997 0.09199999999999997 0.09599999999999997 0.07200000000000001 0.088 0.09599999999999997 0.08799999999999997 0.09599999999999999 0.07600000000000001 0.08 0.06800000000000006 0.09600000000000003 0.09999999999999998 0.09999999999999998 0.09599999999999997 0.09199999999999997 0.09200000000000003 0.08399999999999996 0.09199999999999997 0.08799999999999997 0.08799999999999997 0.096 0.08799999999999997 0.08 0.08799999999999997 0.08800000000000002 0.08400000000000002 0.09600000000000002 0.09600000000000009 0.09599999999999997 0.09999999999999998 0.09199999999999998 0.072 0.09199999999999997 0.084 0.09200000000000003 0.09200000000000003 0.09199999999999997 0.07599999999999998 0.08799999999999997 0.09999999999999998 0.09200000000000003 0.096 0.09199999999999997 0.092 0.09199999999999997 0.08399999999999996 0.09199999999999998 0.09999999999999998 0.076 0.08399999999999996 0.092 0.09200000000000003 0.09599999999999997 0.08399999999999996 0.088 0.09600000000000003 0.08799999999999997 0.09199999999999997 0.08799999999999997 0.09999999999999998 0.09199999999999997 0.09999999999999998 0.084 0.08799999999999997 0.072 0.09199999999999997 0.08799999999999997 0.09599999999999997 0.088 0.09199999999999997 0.08799999999999997 0.09199999999999997 0.09200000000000003 0.09199999999999997 0.09200000000000003 0.096 0.084 0.08400000000000002 0.09999999999999998 0.09199999999999998 0.09200000000000003 0.096 0.08799999999999997 0.092 0.09599999999999997 0.09599999999999997
0.009711638170874424 0.010104399373768816 0.009693064283621182 0.011789684658926597 0.008676905265436172 0.011130547115685344 0.008997335000623736 0.009347848647845604 0.00978151504788357 0.010934462701814092 0.01784047340847875 0.009028102118946191 0.008718020920907949 0.008552401070707642 0.009028773211919973 0.00911823409235221 0.009257668462481345 0.009075875048787426 0.013753966102631897 0.008494212558424138 0.009368666041322072 0.00860474967919407 0.015273985803529231 0.00873726314942445 0.020463896284517426 0.008655349208891645 0.008556911533796516 0.009435150466285716 0.009315143640671852 0.009486088137371528 0.01009207649221468 0.009099504504562138 0.008556200330668909 0.01010948117374659 0.012476560386606488 0.008774032964372194 0.008997548209004409 0.009262244011594613 0.0087202202845579 0.009978605644830812 0.009348835903474248 0.008989075041052605 0.008550390333344563 0.009025998347436162 0.009832823371630772 0.009335122130208102 0.00918875967524062 0.00900523904885667 0.008708306384257545 0.009931772652137877 0.008519406505975028 0.00866437924836838 0.012588548454356363 0.009397061267637024 0.010341138386683808 0.00869209559947152 0.009644129936093562 0.00900860657363965 0.008952135950551447 0.00907107759243291 0.009397273456669767 0.008680057589517464 0.008821186220011774 0.01091916652315774 0.009112963236421554 0.008580957078033516 0.009515094345983749 0.013627408903256791 0.01142442803389724 0.009715053002611454 0.009243907810999825 0.010099536050887186 0.010080903847498292 0.00945148121600877 0.009150891294568591 0.008709322928939153 0.012121582082527765 0.009228732835273585 0.011680219136682537 0.008696856650186364 0.010511163726528534 0.008908525805231611 0.011326459071164842 0.012084509844795489 0.009009925593105574 0.008578395797205218 0.011578652149385173 0.020661139973771513 0.008849483155203315 0.012896153975525121 0.008676391118288468 0.011002638844013908 0.00988021872261732 0.009209837871157079 0.008663298496023137 0.008953730826194925 0.00886290410489305 0.009611019101517938 0.008706695380249001 0.009978126587866743
