3
100 100 100
188 1309 69246
0.8 0.4 0.1
-----
100
188
0.8
-3.838604035116073 -2.1570438488498813 -2.1751515892766555
-4.273917085029887 -2.3783546378610207 -2.648491846294694
-5.683322613065087 -2.3808131819221114 -4.277059104874214
-2.3904993579694325 -3.0422637750201442 -0.8413127295393359
-3.0036680654128896 -4.637829597198713 -1.3854319462794997
-3.5599297644502594 -3.6350885213306623 -0.5149342965962935
-0.45456245586072974 -4.553255497687283 -1.3056314989475908
-2.5071263154650247 -5.554749538098104 -0.8102500663427499
-5.186487925912283 -2.651052087285197 -3.0294128674286247
-5.022080194031822 -0.32548775177130373 -4.020354544868711
-4.973432101891271 -0.22317481377760018 -2.769765983214189
-3.938897644671236 -1.3806577877757213 -1.8220207931357137
-5.276950777702406 -0.29277798200673466 -2.9485617506209163
-5.003363236358831 -1.8673755484712764 -4.297034146036614
-4.29291691028112 -1.5880739748634571 -1.6153316292965698
-2.935583276020499 -1.4588203666317057 -0.859095214659515
-5.46901274074763 -1.7063094614342305 -4.733767832252102
-3.174508995507154 -0.1998646711989247 -0.9218144375145743
-4.188805269411206 -2.944861690202563 -1.7337139429529653
-1.7179752341183345 -0.24182972428560223 -2.6512434386175214
-0.55577310345861 -2.4906707508955637 -1.423108080709234
-1.9174486872122092 -1.6286884700855868 -0.6996684795230657
-3.4413749618029783 -3.815559738633664 -0.07349550434642982
-3.2274136016987316 -4.301801986608957 -0.9484911833943563
-3.7323834655365395 -5.473836989966696 -1.8396459436850323
-4.385313988439863 -0.7491003443932538 -1.2179576435349215
-5.087866559738163 -2.642934458643716 -0.13549736528220357
-4.434463971809187 -4.856921181127968 -1.0739873755594553
-5.034165731883901 -4.81462044000018 -1.9208464151638882
-5.369027310423565 -1.9305165912377182 -3.9925873590621648
-4.3275519922079315 -2.864582905615723 -1.3350451946777522
-5.3528263665895395 -3.7449121892859565 -3.2987459696770167
-3.4592855885981435 -0.3084795417075492 -2.4980610306633397
-2.487093250667238 -5.519310389542885 -0.2607312423171946
-5.592837869558299 -0.14453046108457102 -3.150021788438465
-3.0134117622771828 -0.3449442799589679 -0.4400216828241863
-2.4183983110845086 -1.2057752799014185 -0.598621224166549
-3.372736635484664 -5.822817213786019 -0.8374438597866742
-3.3995674207250954 -1.2983146953844988 -1.0425780217818277
-4.426188660498818 -1.1134193368676772 -3.957094161026873
-5.5986827856717 -4.101300244317827 -0.7592260596047549
-5.739933777007272 -2.9799102307928678 -1.751175777500233
-4.003816274701344 -2.321727878206143 -3.0775332356748977
-3.88447604486689 -4.72829397439917 -2.231319861160792
-0.5300989862351191 -0.569570108648886 -1.057488236116713
-2.442780265417356 -3.3483589072133135 -0.9618608355470375
-5.941331349864255 -3.3887748168711442 -0.3080321191482227
-3.6996907392785046 -2.840073080597482 -2.0460912628776002
-3.9232159057743665 -0.8639942633191025 -3.8405076007595524
-4.608365142688335 -0.5816372310527509 -3.4370568404673114
-5.799334671681459 -1.6078752512506451 -0.9711885195953958
-3.7400171842686585 -2.0101312279150383 -3.91677580909298
-2.408101278586584 -1.4818923865740068 -1.7052768090387698
-4.152763387245361 -3.4241446816167938 -2.859969301057333
-2.051886543059919 -1.880979502040435 -1.6175622711473245
-3.9523061882586985 -0.09032670674100629 -4.234550540748563
-2.5057883067958775 -1.931882049121599 -0.7999356652327982
-4.0941888061202825 -5.933335388877154 -1.0409552062085528
-3.3558695576775452 -2.529500206455733 -0.6072265440120654
-3.5833599147076196 -5.809579850285849 -1.3210274616854134
-1.7792529187754091 -0.954795669920725 -0.17091557281282732
-0.3963825414951865 -1.2799153438850759 -1.5795230749177254
-5.889529542965592 -0.01630573295947002 -0.8702465117520299
-5.236783150095235 -0.23817554640485383 -1.8295192968546896
-3.5354800640613964 -1.8025518921507242 -2.837483988567836
-4.408744624232499 -0.9171575158027894 -2.1126966001290977
-1.4468997631276252 -0.3594007065961904 -2.9097054657890746
-3.84770058837737 -2.3161009016762657 -2.181331782996564
-2.0675480131107706 -2.2131588139407663 -0.9750934357856753
-3.836678165447798 -3.233103859297843 -2.0471989038495226
-1.7006787674733541 -2.244615610865686 -2.009466192793173
-4.044906241946123 -1.8173589237482801 -4.093641785146756
-4.390540349795577 -0.610301918145641 -0.46358311264291885
-0.896872732450225 -0.0895521548337026 -2.5145696842206653
-0.9698848060337992 -4.112043240407295 -1.063610379344536
-4.296280054217128 -5.088039366193588 -1.212177616284003
-4.473742360455516 -1.6907991854352318 -1.6852606254815239
-5.106346596784862 -3.0595267698673583 -0.42578497825980754
-5.5647677818936225 -2.7182080401027666 -3.833325481178696
-5.761744718065197 -0.10706050537798362 -5.0491308109525574
-3.8937854450086666 -0.37144256383020746 -3.7924262461605296
-0.2893819761308629 -5.916695893095708 -0.6163089477022528
-3.6587417717183803 -4.329950572389807 -0.524573989397445
-2.4463972863075742 -0.11934291080604265 -1.3830743931554608
-2.534060574237708 -1.5833862297391281 -1.37718740851402
-5.577049756946449 -3.5765509340918227 -1.748879625881437
-4.898399421208341 -3.6051445004072438 -1.2409393125170602
-3.246060789058573 -2.457091907966244 -0.46844809011180466
-4.525931450020576 -0.8203544217547218 -1.3899047704755496
-4.259698042121744 -2.5552923698375465 -0.5413628981700427
-4.211027122673146 -1.3811366589415304 -1.3007159030517776
-5.599544191356431 -5.305202768421419 -0.8754141680012673
-0.6964403379741597 -2.3954100685457385 -0.073229204490743
-3.7950278360480483 -2.7167531559817695 -3.473539564123153
-5.185385885381043 -3.8452357445150773 -1.6011694424665892
-0.04645574393988294 -0.8249050309359074 -0.8490678408224408
-4.418679046673486 -5.335546493723161 -0.14032595451147323
-0.26556002063012585 -4.00533286095765 -0.32730971280427035
-4.059309173515447 -3.456746075094707 -1.8942830631990715
-0.02508502151743741 -5.180178879815912 -1.2273634141569802
0.4610169491525424 0.5593220338983051 0.46779661016949153 0.4542372881355933 0.5966101694915255 0.44067796610169496 0.6406779661016949 0.5050847457627119 0.6372881355932203 0.5084745762711864 0.688135593220339 0.6271186440677965 0.688135593220339 0.46779661016949153 0.6610169491525424 0.5661016949152542 0.5389830508474577 0.6711864406779662 0.5796610169491525 0.552542372881356 0.6576271186440679 0.4203389830508475 0.4711864406779661 0.5186440677966102 0.7220338983050847 0.6813559322033897 0.688135593220339 0.511864406779661 0.7593220338983051 0.4711864406779661 0.6779661016949152 0.3457627118644067 0.4915254237288136 0.4576271186440678 0.688135593220339 0.6847457627118645 0.5152542372881355 0.5152542372881356 0.6610169491525424 0.43050847457627117 0.688135593220339 0.688135593220339 0.12542372881355934 0.7254237288135593 0.49491525423728816 0.5016949152542374 0.688135593220339 0.2949152542372881 0.38305084745762713 0.4745762711864407 0.688135593220339 0.6610169491525424 0.2915254237288136 0.28474576271186447 0.3898305084745763 0.46779661016949153 0.43050847457627117 0.5593220338983051 0.4576271186440678 0.6406779661016949 0.5084745762711864 0.6949152542372882 0.688135593220339 0.688135593220339 0.28474576271186447 0.6745762711864407 0.7966101694915255 0.4305084745762711 0.3593220338983051 0.2745762711864406 0.7898305084745763 0.7864406779661017 0.688135593220339 0.7796610169491526 0.5694915254237288 0.6101694915254238 0.6779661016949152 0.5898305084745763 0.39322033898305087 0.688135593220339 0.423728813559322 0.4542372881355932 0.43050847457627117 0.5661016949152542 0.3525423728813559 0.6847457627118645 0.6508474576271186 0.48135593220338985 0.6847457627118645 0.6610169491525424 0.6813559322033897 0.46440677966101696 0.4711864406779661 0.5288135593220339 0.688135593220339 0.5152542372881356 0.4542372881355933 0.4474576271186441 0.24067796610169484 0.6101694915254238
0.010000000000000004 0.010000000000000004 0.010000000000000004 0.010000000000000004 0.010000000000000004 0.010000000000000004 0.010000000000000004 0.010000000000000004 0.010000000000000004 0.010000000000000004 0.010000000000000004 0.010000000000000004 0.010000000000000004 0.010000000000000004 0.010000000000000004 0.010000000000000004 0.010000000000000004 0.010000000000000004 0.010000000000000004 0.010000000000000004 0.010000000000000004 0.010000000000000004 0.010000000000000004 0.010000000000000004 0.010000000000000004 0.010000000000000004 0.010000000000000004 0.010000000000000004 0.010000000000000004 0.010000000000000004 0.010000000000000004 0.010000000000000004 0.010000000000000004 0.010000000000000004 0.010000000000000004 0.010000000000000004 0.010000000000000004 0.010000000000000004 0.010000000000000004 0.010000000000000004 0.010000000000000004 0.010000000000000004 0.010000000000000004 0.010000000000000004 0.010000000000000004 0.010000000000000004 0.010000000000000004 0.010000000000000004 0.010000000000000004 0.010000000000000004 0.010000000000000004 0.010000000000000004 0.010000000000000004 0.010000000000000004 0.010000000000000004 0.010000000000000004 0.010000000000000004 0.010000000000000004 0.010000000000000004 0.010000000000000004 0.010000000000000004 0.010000000000000004 0.010000000000000004 0.010000000000000004 0.010000000000000004 0.010000000000000004 0.010000000000000004 0.010000000000000004 0.010000000000000004 0.010000000000000004 0.010000000000000004 0.010000000000000004 0.010000000000000004 0.010000000000000004 0.010000000000000004 0.010000000000000004 0.010000000000000004 0.010000000000000004 0.010000000000000004 0.010000000000000004 0.010000000000000004 0.010000000000000004 0.010000000000000004 0.010000000000000004 0.010000000000000004 0.010000000000000004 0.010000000000000004 0.010000000000000004 0.010000000000000004 0.010000000000000004 0.010000000000000004 0.010000000000000004 0.010000000000000004 0.010000000000000004 0.010000000000000004 0.010000000000000004 0.010000000000000004 0.010000000000000004 0.010000000000000004 0.010000000000000004
-----
100
1309
0.4
-2.8176829140089135 -0.8354083503624617 -2.2526719983240295
-3.625874052835925 -3.1529298140074413 -1.9904820925439168
-3.85993229221638 -3.141323671047926 -2.407773801661974
-3.2276814681466637 -1.225024819910673 -2.412973871681999
-3.9729899585654795 -2.105795691697986 -2.69384502000382
-3.774658123592527 -3.3025256977353648 -2.1065284334922376
-2.675164354887759 -1.918985159610394 -1.8443136179435733
-3.2838893813638657 -0.5592920596200183 -2.933969243844725
-3.8001789497406513 -2.554643729220526 -2.2997101097407215
-3.347705454952913 -1.5103512381234365 -2.368325675277884
-5.877430545495765 -5.1095862865623936 -1.5149858132515137
-3.2918458569811504 -2.82123988824139 -2.249096033747575
-5.1134179383332095 -2.7337801861427122 -3.676761623974274
-2.6660344189722465 -1.8998990539970562 -1.1106632168035255
-3.6558722469605853 -3.2773607839492853 -0.9158539505149137
-4.024703606956405 -2.589083680956584 -2.7726921690934967
-3.539607274756133 -2.9039393319487474 -1.9700555462759304
-3.441415518697682 -2.874225918834899 -2.1007039583964695
-4.737967399394757 -4.278828297796973 -2.18299456468604
-4.024675949991726 -3.97507721055811 -0.8836245479618888
-2.4866909058443287 -2.14834998752875 -1.4775892251751581
-3.722184890408734 -1.47700873582448 -2.9622617856076197
-1.888235394203619 -1.3263561656220824 -1.2617615813738707
-4.187339854655528 -3.8733880162119285 -0.7999556854931894
-2.7175155657693586 -2.407441822829721 -0.9952664687589806
-5.266321300343833 -3.0102991375141017 -3.8580761920109556
-5.032211459283372 -3.3905162647789155 -2.9019880313510806
-3.8245915211461856 -1.7094195790326228 -2.515287896599633
-3.8837687932466443 -3.158651332893589 -2.2444791235716086
-3.661097598884197 -2.5106215704575443 -2.39905130014388
-5.29584877577364 -3.5034005308206773 -3.5020274934351523
-3.320076145459782 -1.4240370583317559 -2.9341815444932675
-4.514263622274533 -4.355336323317527 -1.4633224693911768
-3.3538744547221757 -2.9457053054862463 -1.4854291999801983
-2.6772442072702294 -1.7351646222606654 -1.8715194306440657
-3.883414472494299 -1.4840211372976193 -2.809788056301592
-4.683862072625741 -1.6644871673987045 -3.7990903015062947
-2.1725512993103364 -1.1293677516780034 -1.3026093556484724
-2.005808175486704 -1.3886779460068852 -1.574688087882396
-3.014972950880737 -2.243458230913167 -2.1859937452686165
-4.893810672900099 -2.393618845366377 -3.448697116901572
-3.219084856667519 -1.3868881981871806 -2.7452776346223975
-3.8564433548397887 -3.9479436371320586 -1.0228893193380495
-4.401100008651446 -1.8588065005437322 -3.3311977956684
-4.355509859395444 -1.5721334974353027 -3.253741585158887
-2.877633738390103 -1.0370356702403505 -2.5153147307009225
-3.2773637917023537 -2.752062228690449 -1.495913805298182
-2.255517324907249 -0.3952909524864223 -2.338015173161484
-3.8863193625890027 -3.6688713684127765 -1.602486341112638
-2.7913122321356414 -1.5289468057122897 -1.7810736473781028
-3.764750340258037 -1.2066493279732653 -2.9962145940821063
-3.1857754294524567 -1.7200168761303367 -2.632757583515577
-3.4771017115165206 -3.0360279206522076 -1.5613332312238517
-2.6476394827686396 -1.2263005535331835 -1.5605425487796896
-5.20896065913065 -4.009216194024145 -1.3121051984360639
-3.0877066840236322 -2.2157490918561815 -1.2413946156005577
-4.5743296456417974 -2.6933464082773235 -3.5135873565999685
-2.4651029141707927 -1.6489801504171708 -1.9105922951716323
-3.534831129951108 -0.8947048000353317 -2.732714846382148
-4.346076707639704 -3.06285452636246 -3.003124289119283
-3.309967372162017 -1.4972005128357768 -2.8156617812566904
-2.805211629288951 -2.45584007024896 -1.3512292150100613
-2.9320738144062375 -1.4635649158333488 -2.1832766777180366
-1.1564327070787144 -0.46600586610163 -1.2213191748277388
-3.100984827291185 -2.9386880708759655 -1.0469832908219407
-3.4024811113819946 -1.1591502351406544 -2.448375220962216
-3.4616939671712608 -2.9887340057749103 -2.4432729401928395
-5.265029019280287 -5.340196999827539 -1.8824758119850231
-3.5528674576897044 -2.793550453503207 -2.1293058789030583
-3.4972267781332835 -1.3004183341878321 -3.319357750056357
-4.1853771357325735 -1.8586422327675494 -3.485044397421375
-4.0964365587609715 -1.8087498532381072 -2.9672951352943713
-2.8407938818230285 -2.1944566206742406 -1.9762165411676298
-2.358437113403632 -1.1088135220140718 -1.4306843228236572
-3.1739644961790776 -1.869261690598457 -2.381395298624997
-3.420693446933737 -0.45044796415068133 -3.139724206963712
-4.590207588184546 -4.063732588156708 -1.6105136268009734
-4.505537912403614 -3.6959397821477635 -2.114903696102803
-3.8903805690420166 -2.6004783557047593 -2.53557275999477
-4.594348657873059 -1.2019348438949686 -3.8793787656206162
-3.415215103685593 -3.6796896317814567 -0.9638441119254164
-5.475414982940891 -2.8463123252480456 -3.9309065524607925
-4.644641322319993 -3.1810848130096385 -3.1699702429816448
-2.906460451619776 -2.6145214364316383 -0.9738026447832094
-3.438548422155834 -0.8293221623828047 -3.143869673512353
-2.5881847768819575 -1.289941970548834 -1.5445489987028704
-3.802684927068344 -3.7737298081347266 -1.503598179470838
-2.8762720797208083 -1.9436082734720368 -2.312441623895364
-5.440626644582082 -4.418241772307298 -3.3991019612996425
-3.54093314170829 -1.0843817070588697 -2.5373851509036074
-4.94475915742998 -2.5660859880486377 -3.9180730119105367
-3.4761181305690463 -2.1251647066054513 -2.4091646889554035
-4.5623866382899525 -1.6131684090223606 -3.4698543491836156
-4.621448521313113 -4.2338752340357395 -1.5645036784728061
-3.394773501048631 -2.924704593877245 -2.095522286607698
-3.0752513770413445 -2.6809267038022835 -1.201998615944436
-5.5132684779379755 -3.9044424617144617 -3.691181057088354
-4.418152227419945 -3.6630977950448615 -3.396579503907006
-4.083587971037559 -3.9800801715402137 -1.8419481102350876
-3.7635961219257137 -2.001703275804047 -2.3363480207008687
0.38983050847457623 0.3016949152542373 0.23728813559322037 0.3220338983050848 0.26779661016949163 0.3932203389830509 0.2169491525423729 0.38983050847457623 0.35254237288135587 0.3152542372881356 0.359322033898305 0.2779661016949153 0.30847457627118646 0.3830508474576271 0.39322033898305087 0.3694915254237288 0.2610169491525423 0.1559322033898305 0.32203389830508466 0.38983050847457634 0.27118644067796616 0.27796610169491526 0.3389830508474576 0.3966101694915254 0.3491525423728814 0.34576271186440677 0.2610169491525423 0.359322033898305 0.2610169491525423 0.11864406779661019 0.31864406779661014 0.3593220338983051 0.38644067796610165 0.2508474576271187 0.2508474576271187 0.3355932203389831 0.3525423728813559 0.3762711864406779 0.3559322033898305 0.25084745762711863 0.26440677966101694 0.2271186440677966 0.35593220338983056 0.3118644067796611 0.2745762711864407 0.3525423728813559 0.26101694915254237 0.3966101694915254 0.30847457627118646 0.3016949152542373 0.32881355932203393 0.29830508474576267 0.25762711864406773 0.3762711864406779 0.3491525423728814 0.3627118644067797 0.11864406779661019 0.2847457627118644 0.39322033898305087 0.1559322033898305 0.34237288135593225 0.3016949152542373 0.288135593220339 0.3864406779661017 0.34237288135593225 0.35593220338983056 0.36610169491525424 0.2745762711864406 0.21355932203389832 0.31186440677966104 0.1864406779661017 0.21016949152542375 0.2 0.3728813559322034 0.1728813559322034 0.38983050847457634 0.3050847457627119 0.39661016949152544 0.24067796610169484 0.3525423728813559 0.3525423728813559 0.3220338983050848 0.18644067796610164 0.37627118644067803 0.39322033898305087 0.3762711864406779 0.3694915254237289 0.24067796610169495 0.25423728813559315 0.39322033898305087 0.38305084745762713 0.14237288135593218 0.26101694915254237 0.288135593220339 0.15932203389830507 0.3593220338983051 0.1457627118644068 0.3593220338983051 0.3457627118644068 0.31186440677966104
0.009847362305817757 0.008368502886285876 0.00891374774083887 0.009195548469327824 0.008972033644602972 0.008597622320800009 0.00865323649529642 0.011112068592685594 0.00841159649495327 0.008822807885635914 0.015127209409875393 0.008643777634333811 0.013188994464413909 0.008617462383948801 0.00835797084054093 0.009261467296711987 0.008221907904531027 0.008385653849208634 0.01059805998292694 0.00906559688480769 0.008646644343420065 0.00976962255663396 0.010138489284986781 0.009123810763955102 0.008514062585417596 0.014931270650165317 0.011140324670020707 0.00875383769722303 0.00866113224281046 0.008572718781479699 0.01425764863290155 0.010012078985863627 0.009727960136833871 0.008038107804869419 0.008748575980042077 0.009379458089830161 0.012514116513098235 0.009837520617427946 0.009851058173296103 0.008612467526341473 0.011571971497756217 0.009684468737890098 0.008867902602512972 0.01062134516681839 0.010440650856894888 0.009933952978616671 0.008005829999135785 0.011785827161944122 0.008508910714343364 0.008687912281281568 0.01003266680816641 0.009295737150956862 0.008053334948885034 0.009035724218237663 0.010205526124144984 0.008113254494167622 0.011787469792315852 0.009105388167932401 0.009911025464032898 0.010309840424236112 0.009686690192804206 0.008276653703459362 0.00895094771391347 0.01382520988900036 0.008264093994382408 0.00919015373524067 0.008982252885638798 0.014267433428505524 0.008337471629166997 0.011072983726370705 0.011091548809888536 0.009580733067692776 0.008535427506443753 0.009546139580724785 0.008805798452287666 0.011764366252559697 0.009387392328460661 0.009275121481804927 0.0087930560439732 0.013029384694584553 0.008655535837663243 0.0155540536507484 0.011191442673257956 0.0083754249310648 0.011091224281405168 0.009036884329995127 0.008577559315909802 0.008968772338871936 0.017334995860101933 0.009330437377242503 0.013890983982241792 0.00861069151905471 0.01118885921877066 0.009667434320424205 0.008428509283736021 0.008132624782794577 0.017329241801737474 0.01289196507763808 0.009101388023251136 0.008426839162756496
-----
100
69246
0.1
-3.6892078773613504 -2.7308169439867425 -2.5366487324212295
-5.2664849055962355 -4.151721049797793 -3.6084347781523274
-4.038192424306681 -2.6500458009497816 -2.795411662984088
-3.9674696826901603 -2.538572451200298 -2.9358270092975354
-3.6192137358867327 -2.316831499634631 -2.429545674510244
-3.53330517900862 -2.4297045209700148 -2.603907792133207
-4.561771618001104 -2.462468202161876 -3.1614329479506145
-3.439508821105358 -2.6573863108835343 -2.286209847151137
-4.200192618634066 -1.9931780533478194 -3.292708154129959
-5.748122906623433 -4.913663226296539 -3.60757557385394
-4.905185807093109 -3.0044850594586325 -3.4017303187917562
-4.435529695043035 -3.710771400832304 -3.130738904627546
-4.963161940573731 -4.261596713277064 -3.5266191047951003
-3.6179669251388074 -2.3934983459930024 -2.6398496024602682
-3.759391929406727 -3.082942858711363 -2.6361304003573176
-3.484868565399104 -2.8080270486756964 -2.262658441913902
-3.6632003986877213 -2.3726559817603556 -2.4040600597013437
-3.200923809211574 -2.470818735603814 -2.1918720536908
-5.581270095399052 -4.470345028053355 -3.554079687650843
-4.970168724213618 -3.16889939897377 -3.2768327753575273
-4.1568566823320525 -2.5190434843594987 -3.0738298426142876
-3.324269711892429 -2.2825045954723513 -2.2198523479872563
-3.733201085938847 -3.052771390435353 -2.7496754614180405
-4.420977282015205 -3.4692455828190254 -3.3334536021158945
-4.284625158885018 -2.7909079486311055 -3.4056902061218417
-3.287389990927186 -2.263507522888915 -2.329488442942634
-3.724706865192644 -2.4501367153765683 -2.6015714914767347
-3.925876909718113 -2.933032091960431 -3.101120908925668
-5.817706498620201 -4.7835314824734585 -3.5439763607306047
-3.7504549192594085 -2.1187383211317328 -2.9452216306336108
-4.080191593200004 -2.1641106233229066 -3.429282373119185
-3.4753855901472868 -2.4630137717572715 -2.1345379185882902
-3.986096969313704 -2.2840634477132733 -2.8617846853515734
-4.439627777115339 -2.4687802895128446 -3.661891620606829
-4.2899500856277575 -2.8081061917181476 -3.1311182521098893
-3.980994573869703 -2.8754854617287386 -2.7955725610568516
-3.5707317348737693 -1.8968152399103027 -2.874337543657826
-3.7922876887985533 -2.4198944803480242 -2.693483268746597
-4.46641975610334 -2.143461108693761 -3.5616704944093085
-3.2881108843988462 -2.6258496877516446 -2.2014472623670014
-3.4145622998388228 -2.377596248425623 -2.5282111253539647
-3.5974441698961246 -2.7243968268083583 -2.2432155518319945
-3.4952889612133964 -2.2108465378231186 -2.6306913386263586
-4.2960255652434025 -2.7870854959761875 -3.036802695037583
-3.959642845162697 -2.5283503992798466 -2.7409157111542912
-3.6620898306948204 -2.8946685760092707 -2.224519657694521
-3.9838001514151844 -2.299911937043064 -2.974914806139654
-3.899081443630902 -2.566586854529538 -2.6853039548825612
-4.048412554198117 -2.6744965198020703 -2.837399850350155
-3.9087523581718653 -2.552751457465738 -2.874588912636716
-4.186969978384373 -2.4568178377103997 -2.9910391266009295
-3.669676296242385 -2.6757477708405686 -2.5698281118615256
-3.4199473099607487 -2.772805598798273 -2.1569224032444665
-5.034312747109271 -3.6334719271630087 -3.657371616984316
-3.6061305452579084 -2.662439283535825 -2.46682442892321
-3.6466684257011917 -2.2323477694529674 -2.6926875194595863
-3.6244771032759466 -2.3838491967083955 -2.4859049968101137
-3.7653620060092305 -2.521830134475435 -2.72127857723889
-5.615622639896149 -4.550413271892322 -3.6145079006454752
-4.534250972204945 -2.265803247836113 -3.4177315458738295
-3.7310247313567437 -2.7356496486533017 -2.6603679853850553
-3.2098322463410986 -2.1529794617807454 -2.2848633966820313
-3.5588117572837947 -2.6944859687508336 -2.473089907499541
-4.932304147972054 -2.1840400744349746 -3.7857377864278563
-3.2955626637676234 -2.375896896540121 -2.16230731102174
-4.1538118968320505 -2.423097230244629 -3.0320608127295774
-5.512557914497641 -4.102028322903556 -3.6516687196795097
-4.695172806659595 -3.3339118958090013 -3.0969027051463005
-5.353927488075069 -4.747346582433933 -3.5253384992133747
-3.5900451758640006 -2.5657427013062777 -2.296980281984065
-4.5187260084780965 -2.8793343083936676 -3.0111145882808072
-3.5449252008300265 -2.446806471552513 -2.319352699457699
-3.8429058255404414 -2.563796365712995 -2.4259465149970687
-4.33443620680288 -2.474774088006945 -3.4825597249519156
-4.088845498585921 -2.6207332098912204 -2.878975094747211
-4.349331101009635 -2.5435911526498405 -3.2260349044576824
-4.748115917195601 -3.0847783264911897 -3.1061177831320537
-5.666824405724612 -4.249920208785931 -3.6831849258698446
-4.414325740381962 -3.0540769127195477 -3.282356265552772
-3.4735583550677083 -2.2121368895113873 -2.4129923441991252
-3.662181511808492 -2.5177877608644588 -2.5737936914558137
-4.689904276664304 -2.3709916417045043 -3.0954477442602673
-4.327523351735422 -2.0302515605413856 -3.285030476789564
-3.671637106833479 -2.760071023466594 -2.4844798019433076
-3.7351789169559297 -2.6044681506520235 -2.8946384965959586
-4.575173934876022 -2.9915385198747093 -3.1201568766381227
-3.4669534378609836 -2.342377105024272 -2.206999872770332
-4.155512836933452 -2.8907542908059813 -3.2328244486227673
-3.20908350432367 -2.387142080111057 -2.144863349940139
-5.785569084767674 -4.880540584860163 -3.527604794261074
-3.856962295487971 -3.078750305390675 -2.5802025497416743
-5.850826162553305 -4.211040662083694 -3.656056966239592
-3.875213284310645 -2.560270995438661 -2.375044722596737
-3.8270429382386286 -2.2055659767414095 -2.837258237287966
-3.7507599866474957 -2.6474097421953307 -2.5405016195105707
-3.2914168333459273 -2.4822497879689864 -2.3476614263792923
-3.5575256465856206 -2.7396964611819183 -2.494315669581443
-5.314275485289402 -4.051572471094396 -3.6698582054685853
-3.461915736229655 -2.5734920589633816 -2.401699102178715
-3.392314412443734 -2.5460284961254915 -2.1961264383006784
0.0847457627118644 0.0847457627118644 0.06779661016949146 0.08474576271186446 0.09491525423728808 0.09491525423728808 0.0847457627118644 0.07796610169491525 0.09152542372881362 0.0949152542372882 0.0847457627118644 0.08135593220338982 0.09830508474576272 0.0847457627118644 0.0847457627118644 0.09491525423728814 0.08813559322033898 0.08813559322033898 0.09830508474576272 0.09830508474576272 0.07457627118644072 0.07457627118644072 0.09152542372881356 0.09491525423728814 0.09152542372881356 0.0949152542372882 0.08135593220338982 0.09152542372881356 0.08813559322033893 0.07118644067796609 0.08135593220338982 0.07796610169491536 0.07796610169491525 0.09152542372881356 0.08813559322033893 0.0847457627118644 0.08813559322033898 0.09830508474576266 0.0915254237288135 0.06779661016949151 0.0949152542372882 0.08813559322033898 0.09152542372881356 0.06440677966101699 0.06101694915254241 0.07796610169491525 0.09830508474576272 0.07457627118644061 0.07118644067796609 0.06779661016949151 0.0847457627118644 0.06101694915254241 0.07796610169491525 0.08135593220338988 0.08135593220338982 0.0949152542372882 0.0949152542372882 0.07796610169491525 0.05423728813559325 0.0949152542372882 0.09152542372881356 0.09491525423728814 0.09830508474576272 0.09491525423728814 0.08135593220338982 0.050847457627118675 0.09830508474576272 0.0847457627118644 0.0847457627118644 0.07457627118644067 0.09830508474576272 0.07796610169491525 0.08135593220338982 0.09830508474576272 0.08135593220338982 0.09830508474576272 0.07796610169491525 0.06779661016949157 0.07796610169491525 0.07118644067796609 0.05084745762711862 0.08135593220338982 0.0847457627118644 0.08813559322033898 0.09830508474576272 0.07796610169491525 0.09152542372881356 0.05423728813559325 0.09152542372881356 0.08813559322033893 0.0847457627118644 0.09491525423728808 0.09830508474576266 0.06440677966101693 0.061016949152542355 0.09830508474576272 0.08813559322033898 0.06779661016949157 0.08135593220338977 0.07796610169491525
0.007831855922751011 0.01670084947478248 0.008025677984082625 0.008101514104379256 0.007514990617085396 0.007684784673229489 0.00914146087682293 0.007802894233742394 0.008980640800294027 0.027745022412900444 0.010866833768543584 0.010972647586932793 0.015913822410562387 0.0076553728182978216 0.008414718590096374 0.007948650589375621 0.007530761894223266 0.007883009600112807 0.020613254875274423 0.010966093532131056 0.008427854467004597 0.007638301841720819 0.008522137273240391 0.010823389200836262 0.009620167955104137 0.007653534296443917 0.007636870024838677 0.00891381089370997 0.026215421859901607 0.007955477750290972 0.00926867605142163 0.00767785141659828 0.007903618717990984 0.010515343397138523 0.008883714506819554 0.008239331673341581 0.00792351126653917 0.007696329771723682 0.010155267428622381 0.00792150857157829 0.007677330014877287 0.007798764832022466 0.007632512611028357 0.008685609945607187 0.007846675710533282 0.007989948725277266 0.008067156645908301 0.007797903649910361 0.00809941006579672 0.008004667972440422 0.00828299585163149 0.007801284756797498 0.007976949175601315 0.013662770863919638 0.007751137864447489 0.007637296954710256 0.007553212438296906 0.00778348831092129 0.022077890523502713 0.00972221722440926 0.007925548276088488 0.00770044859133296 0.007811569582595747 0.012392447160786276 0.007724331794004848 0.008307833688343662 0.01805469019984143 0.01018506579750557 0.02153778121831088 0.007648270153697076 0.009042212601224665 0.007579331942343618 0.0076684408270231265 0.00966760910855643 0.008133457498081953 0.008948373104111809 0.009897559667419778 0.020478132667132994 0.00970361712099625 0.007522190466197313 0.007668598299863026 0.009362942480757013 0.009103957287692298 0.00784148767994253 0.008107948016285074 0.009444594440313652 0.007585645254761001 0.009171334070719841 0.007826988342183688 0.026946344287207796 0.008324350699265057 0.021879074213221217 0.00768788099254275 0.007798548844366488 0.007741553353558537 0.007786211828542934 0.007877326828691786 0.016708594547452105 0.007722393232411762 0.007749114566501667
