3
100 100 100
1188 4999 334192
0.8 0.4 0.1
-----
100
1188
0.8
-0.8118361257747431 -3.0242785285648774 -2.1984035655467635
-3.0044634939161177 -3.116906398352978 -2.892478374013908
-3.732966606776426 -0.2571153853895023 -5.5192207627609235
-4.609012884597595 -4.673457409214523 -2.2243082888020003
-2.1039600503430282 -0.012174380190796086 -4.274371722528217
-5.0663925341009985 -4.558690018567371 -3.5725021393828964
-1.157429976797804 -3.0041339026429745 -1.9385514788491998
-3.8629769375242 -3.5224296130888195 -3.3881862257844064
-4.9257628775328755 -1.0083196602268254 -5.959555017449296
-1.6264050878676066 -4.138670362789801 -2.3121016621597477
-4.043791968053478 -0.35650999836216624 -5.900470477803312
-1.4945123395136788 -4.929647776204634 -1.9572892772119346
-3.4705402103084784 -4.359172424878072 -2.1118484704109455
-2.4338949871624007 -5.744356359976184 -2.1670289127608426
-0.3843225748546413 -3.319186231145222 -1.9435646308536114
-3.5089546192398116 -0.8622883688060563 -4.817964997500349
-0.511184515492694 -3.40634464020866 -2.040911156915149
-2.7212279592687363 -4.106256739702269 -2.307336293874516
-0.7303528795205319 -0.8414405615730276 -2.270785491444979
-3.0929493046431893 -2.208525502653598 -2.9480251010392355
-5.768024111274567 -3.8023907769224032 -4.504258914409762
-1.7472041429342458 -0.9327548174932954 -3.168100447017485
-2.886705524767875 -0.16743757343526333 -4.807556348931222
-0.9118217362648968 -1.1077318350966916 -2.5456945099752613
-2.5545545100753846 -3.9859957133014126 -2.1132685573284307
-0.09425533363286753 -0.4202716853854458 -2.1506565481570425
-4.372736805463037 -3.584645900784618 -2.8811446871411
-1.3502470391340031 -1.295176559025954 -2.510212084668889
-1.6716228306828604 -5.861335345919586 -2.224677120152572
-2.4720150669777117 -0.9627474556342168 -3.716528029491564
-1.730064594006775 -4.2954350639689505 -1.9974841691357152
-2.8124216560937123 -2.5383274119293513 -2.454820002987152
-2.8595974759036302 -2.2905787366080377 -3.347109335101586
-2.331639507632483 -1.5363306489458113 -2.9968633333771137
-3.05709701471892 -4.207874302933642 -2.0735848350677015
-0.4365448989323717 -2.6347017423206913 -2.201933203777817
-4.699415850399106 -5.085785143391526 -2.325943483715069
-2.8370969226938034 -2.685497009926067 -2.859419061024313
-1.9918217868789334 -3.357807542159315 -2.351904222668226
-4.346964200240288 -2.899823022284883 -3.8048780024939073
-0.3372670639983042 -4.350586431573429 -2.2781959677799763
-3.6894908936432427 -0.19104638282424347 -5.547593221867466
-2.8376280440421278 -3.6122394075991324 -2.0550607692619773
-3.147754873318215 -2.4161202836319537 -2.7441398323390294
-2.7056004362355908 -0.8708234388465765 -4.149342410486146
-2.5115342576955335 -1.1228554549815506 -3.413683619781937
-3.743536685052532 -3.3527133634142996 -2.151122926415688
-4.919855680998634 -4.341431090746211 -3.209845965872272
-2.256438845695305 -2.3417280877876876 -2.259299740467075
-2.338877863099987 -0.2063189133383858 -4.258587746917426
-5.573458751178091 -5.30895985257443 -2.0984381386655624
-2.6010175580910277 -5.759663872835024 -2.0589407871045995
-2.291744375246039 -5.399986433607765 -2.3330224727892577
-1.4163121759726671 -1.5837893255517823 -2.1897859769830337
-1.4664047341038415 -3.090912807386225 -2.3301060062620635
-5.515502172173752 -2.9197935980564322 -4.704310848338592
-4.1537174628977915 -3.1351194197726384 -3.1508685322942003
-4.581822159219015 -3.8064017325189194 -3.1490894876226796
-0.04323026716296141 -0.7388467868504831 -2.054085679525316
-2.4397634194362996 -2.9938087463503327 -2.3325885873995222
-0.5458433253271835 -0.17639347049424448 -2.596590242680592
-5.6556607957885525 -5.1217923632782565 -3.918947622815128
-3.1291525256897508 -4.379932490030303 -2.2990050837148077
-2.7754896267246267 -3.18168065766807 -2.1198025853400058
-5.1822056957256475 -4.104088555837232 -3.3347616973686764
-4.731457831503186 -3.374770906092136 -3.796368412226931
-4.380048257863553 -3.437029571236069 -2.5606406197384666
-2.759473081012572 -2.4230919400576494 -2.838743801618291
-2.882011840834466 -1.203889470848508 -3.5323984829707564
-0.6530033774577344 -0.21554711466026433 -2.7092390338037293
-1.5993844716955472 -5.146699490646406 -2.2576815757627413
-4.0284110580281505 -3.1326858798964876 -3.4686173831472153
-2.7533805923348136 -3.3010866133752415 -2.4183454422186514
-0.7317520695352915 -4.183079722902777 -2.190567828614323
-2.485308848032832 -5.732561309318447 -2.096140557672811
-3.4585867139015547 -1.5049488451557096 -4.229701946152005
-2.6909330856280613 -2.4428197805178637 -2.391029797894952
-1.9658680560251636 -4.242520730230998 -2.13405253993825
-5.021054273769489 -4.678308443556271 -2.3159726360344606
-5.323743133817219 -2.0064393141406605 -4.499384152063289
-3.410093115341612 -5.243834125633191 -2.271902749037873
-3.889377646222209 -1.6567667999894375 -4.141680411318783
-2.437631635206791 -2.7182599611679072 -2.0684531600986644
-3.8959069037437453 -4.803873549111053 -2.1745422912266377
-0.5707365608359396 -5.548564661955018 -1.9936982030904158
-3.3579629635565165 -5.462569295004147 -2.3200344990738433
-5.352452648194635 -2.5440750886001466 -4.974021844500864
-3.277249368712385 -2.0829995830583132 -3.5404395739586985
-0.2754630634448727 -3.533676812649966 -2.073011333596766
-2.479868126395449 -3.2845604961124195 -2.167803693867525
-3.1608864745416376 -0.8401711773788367 -4.4160374706518954
-5.404461992779028 -2.8638942541547427 -4.336601556005648
-2.359770807827209 -5.574579309608989 -2.2276020005311725
-0.3633764446872876 -5.739931436375706 -2.0233577069906037
-2.6137137448298615 -4.153403105568524 -2.3386960593107267
-0.0709170177918379 -1.828670085445209 -2.058312671240228
-3.0477761341333958 -5.283788487848637 -2.167480136146036
-1.3559240854944754 -3.5601129335691426 -2.03489499256455
-3.109245946638113 -2.4483072962721826 -2.5437908300866643
-0.9140475699992994 -2.3092561904887194 -1.9827828274337573
0.564 0.764 0.632 0.656 0.588 0.6599999999999999 0.784 0.716 0.492 0.784 0.708 0.724 0.388 0.48000000000000004 0.736 0.52 0.548 0.6040000000000001 0.492 0.33999999999999997 0.38000000000000006 0.64 0.388 0.788 0.38 0.708 0.528 0.39199999999999996 0.636 0.46799999999999997 0.6599999999999999 0.372 0.7280000000000001 0.12 0.43599999999999994 0.5519999999999999 0.588 0.468 0.752 0.388 0.752 0.6639999999999999 0.5 0.5800000000000001 0.696 0.35999999999999993 0.7280000000000001 0.74 0.26399999999999996 0.436 0.48800000000000004 0.492 0.7999999999999999 0.5800000000000001 0.7919999999999999 0.58 0.5599999999999999 0.448 0.704 0.40399999999999997 0.388 0.41200000000000003 0.7200000000000001 0.44800000000000006 0.532 0.728 0.664 0.47200000000000003 0.572 0.35200000000000004 0.708 0.524 0.5760000000000001 0.572 0.392 0.716 0.392 0.364 0.6 0.68 0.732 0.736 0.588 0.42399999999999993 0.6719999999999999 0.7639999999999999 0.38 0.22800000000000004 0.46399999999999997 0.256 0.316 0.48000000000000004 0.648 0.596 0.78 0.512 0.476 0.556 0.708 0.728
0.010000000000000004 0.010000000000000004 0.010000000000000004 0.010000000000000004 0.010000000000000004 0.010000000000000004 0.010000000000000004 0.010000000000000004 0.010000000000000004 0.010000000000000004 0.010000000000000004 0.010000000000000004 0.010000000000000004 0.010000000000000004 0.010000000000000004 0.010000000000000004 0.010000000000000004 0.010000000000000004 0.010000000000000004 0.010000000000000004 0.010000000000000004 0.010000000000000004 0.010000000000000004 0.010000000000000004 0.010000000000000004 0.010000000000000004 0.010000000000000004 0.010000000000000004 0.010000000000000004 0.010000000000000004 0.010000000000000004 0.010000000000000004 0.010000000000000004 0.010000000000000004 0.010000000000000004 0.010000000000000004 0.010000000000000004 0.010000000000000004 0.010000000000000004 0.010000000000000004 0.010000000000000004 0.010000000000000004 0.010000000000000004 0.010000000000000004 0.010000000000000004 0.010000000000000004 0.010000000000000004 0.010000000000000004 0.010000000000000004 0.010000000000000004 0.010000000000000004 0.010000000000000004 0.010000000000000004 0.010000000000000004 0.010000000000000004 0.010000000000000004 0.010000000000000004 0.010000000000000004 0.010000000000000004 0.010000000000000004 0.010000000000000004 0.010000000000000004 0.010000000000000004 0.010000000000000004 0.010000000000000004 0.010000000000000004 0.010000000000000004 0.010000000000000004 0.010000000000000004 0.010000000000000004 0.010000000000000004 0.010000000000000004 0.010000000000000004 0.010000000000000004 0.010000000000000004 0.010000000000000004 0.010000000000000004 0.010000000000000004 0.010000000000000004 0.010000000000000004 0.010000000000000004 0.010000000000000004 0.010000000000000004 0.010000000000000004 0.010000000000000004 0.010000000000000004 0.010000000000000004 0.010000000000000004 0.010000000000000004 0.010000000000000004 0.010000000000000004 0.010000000000000004 0.010000000000000004 0.010000000000000004 0.010000000000000004 0.010000000000000004 0.010000000000000004 0.010000000000000004 0.010000000000000004 0.010000000000000004
-----
100
4999
0.4
-3.5710931474465197 -3.3632332425341853 -2.5286653921015283
-0.9426063354576557 -1.7547288048915415 -2.2036537867199626
-1.44759450250438 -1.4564080188726218 -2.405577753551984
-3.050347422820467 -3.005577002122746 -2.3374823479847193
-2.208739243691965 -2.6219417999878956 -2.355068674590671
-5.081398779340679 -3.0858021185075177 -4.154002388823015
-2.3166841837917005 -1.5345148858408884 -2.9700951861365117
-3.3745700784497625 -1.5970619993906532 -4.0140908748600275
-2.8603190398599336 -5.052142905061411 -2.133056460093043
-3.512210315778579 -4.397155348240168 -2.153067691506815
-5.229425435747065 -2.6204793090188523 -4.871836970861419
-2.842973340019771 -3.3992776319091376 -2.3597546196686734
-2.115600845262926 -0.2987019543986176 -3.863748563540668
-2.774975160777574 -2.7408885294025485 -2.5291326106942167
-1.4594605459870746 -3.1527090134427462 -2.1060143205465014
-5.926423506646372 -4.391847011694922 -4.252290125643556
-4.241630420461288 -2.2613930675884832 -3.9980024819074735
-4.822783139026765 -4.64395305298242 -2.431474826702335
-3.4926348774295297 -2.705860105904356 -3.22949890504326
-2.0156913838624284 -2.518307706297674 -2.287379346406905
-2.2592274308265856 -5.224348838385604 -2.127661910036725
-0.30650056521368896 -0.19174098511969406 -2.4555252382283705
-3.5188826022155366 -2.037152828359099 -3.9337431801122142
-2.3216099090078552 -2.1152766965983365 -2.5701689025299195
-5.9090685375800165 -3.8894509071512346 -4.404351085819015
-4.7670062738739984 -2.0774846903230584 -4.384212112285001
-3.426355064458224 -1.4299443965492915 -4.069494735888186
-3.694596514037502 -2.5969020106238374 -3.3892981543263265
-2.9754505536524616 -2.1908865446686567 -3.171312406121447
-4.098974496227205 -1.5836594272873543 -4.702079382321166
-3.3938877959988893 -1.9300600813066695 -3.8184002964129107
-2.3290950464137445 -2.945639872886837 -2.258720007964371
-0.5142682349264767 -1.5098198454714353 -2.177881881256472
-3.2750796216049234 -3.047661193036629 -2.750106353663743
-0.40257051962036855 -3.6032057066467558 -2.1200604868944115
-4.164828940187836 -4.587402110439966 -2.291902102152754
-3.936692654843843 -2.5224099615300526 -3.453464560008451
-2.7395205333913575 -4.954542320479677 -2.121197236206466
-1.5798118542079558 -2.5353580374520264 -2.1961677046064283
-2.4651608237232017 -3.0819648345900093 -2.1510580221313336
-2.730231881510107 -1.511192639895575 -3.427348241064778
-2.9466806720175116 -3.2890517104775587 -2.3619762008639533
-4.469482870875396 -5.615815162942717 -2.1322009973052527
-0.6058818373914236 -4.2956916783710675 -2.115909644869861
-2.4403961659381737 -1.723726332798183 -2.884984621279637
-3.4497562330173905 -1.5371740505202633 -3.9855374511299075
-3.3058794991531038 -1.5541532129113835 -4.004282884653051
-3.2983000241799867 -2.420246705462325 -2.9268118991941585
-2.5153219549553705 -2.037044560443756 -2.816434282851848
-1.661984217504151 -1.304719264502403 -2.6318389542124083
-0.2883290645334954 -4.00190302827644 -2.097828718893376
-2.2900952542531003 -1.3698500763294157 -3.113792238172902
-3.029603098241802 -1.4989556989637358 -3.737852492316815
-3.0952901958464363 -0.476404639220945 -4.7372772919578985
-3.1973678365967615 -1.5491421451412934 -4.017389463194573
-3.1272908744315475 -3.0202531064992515 -2.6095102187878583
-1.5887685963654283 -1.4476927371418937 -2.5781953556334134
-3.795049268693573 -2.501365560957676 -3.5652176036834846
-3.156877645400298 -3.2257314151534424 -2.400345808252401
-4.178824482183444 -2.713026797338311 -3.9235086900423006
-2.671906998281157 -2.426199509761716 -2.5879159929211597
-5.234149633867285 -2.7777008128724643 -4.67992835557118
-2.229191863872998 -2.0465222285065265 -2.579142199038524
-1.5618058756786017 -1.6445729593152607 -2.290525287157893
-3.124064058900661 -1.0970404944388674 -4.038694080562893
-1.53732689263395 -0.9179876207047495 -2.825312815564322
-5.829782886840906 -5.220365296639569 -3.9227625904335377
-3.6874527713920817 -5.171481842214972 -2.11491810092981
-1.6475611715782246 -1.3947762922115343 -2.5436794567819985
-4.861208591980956 -2.6205606996351274 -4.417477791347367
-2.682214674777351 -1.662494879632687 -3.2957673054010557
-2.075607547501515 -1.2832261260397129 -3.0823929039071003
-0.23202460337096342 -0.7373295902950087 -2.2299317903141973
-2.8975263178772006 -0.7114253816911691 -4.339618655854668
-2.386017598105078 -2.718626145107216 -2.4055515919245227
-4.230030205517537 -2.6136662330202576 -3.962135191834456
-2.6330970766050754 -2.3741910706277927 -2.5809635159003466
-4.22622263135983 -4.9189148652494445 -2.1195447442168556
-3.1227344385295046 -1.4962358709752166 -3.8610245111000356
-5.7273131243353586 -5.14442178470155 -3.945387060141698
-2.6672516127716985 -1.8920115735114966 -3.0471499496338788
-3.4084895905277404 -4.288570783275142 -2.1341013549154106
-5.013281793251742 -2.968237018599829 -4.057710153996684
-4.660104976311576 -3.112044375109359 -4.118626048522688
-4.514026423755649 -2.4524849653445675 -4.428594414610684
-1.9922583145368296 -1.651522587387731 -2.7860101170547154
-2.540525879675836 -2.9038317219273466 -2.326589842544701
-5.554006011476445 -3.255325848043252 -4.640928200508476
-0.28818422758910733 -4.292823712824279 -2.1364905313001437
-3.022694662428037 -1.6853172432496974 -3.646140810473935
-3.6693731143353507 -2.967282809112646 -3.201646523484091
-2.6261505354896144 -1.8555509385414726 -2.997922768214814
-4.697562713719492 -3.855945449341677 -3.3808103663816307
-2.744911048693427 -2.2904444029659095 -2.7921665843452725
-0.7308227368965969 -0.17153540288513458 -2.769826691399399
-3.8796688985148826 -3.851119695807563 -2.331515417142289
-1.9179771921785556 -2.1916704591180975 -2.2422002188708468
-1.5679320876437015 -0.960095391773515 -2.769363694249692
-0.6015714675477586 -1.6131778537760546 -2.1411677853572084
-5.050499168159667 -4.678203473492321 -2.102846565153529
0.268 0.32399999999999995 0.2719999999999999 0.39599999999999996 0.29999999999999993 0.244 0.09599999999999997 0.332 0.364 0.276 0.264 0.28 0.376 0.236 0.384 0.32400000000000007 0.14800000000000002 0.32799999999999996 0.304 0.26 0.368 0.372 0.372 0.05600000000000005 0.268 0.356 0.2 0.19600000000000006 0.32399999999999995 0.336 0.11599999999999999 0.27599999999999997 0.384 0.3320000000000001 0.33999999999999997 0.324 0.264 0.36 0.29600000000000004 0.31599999999999995 0.15200000000000002 0.396 0.388 0.364 0.168 0.33199999999999996 0.28400000000000003 0.388 0.21999999999999997 0.19999999999999996 0.392 0.148 0.36800000000000005 0.396 0.352 0.248 0.368 0.244 0.30800000000000005 0.22000000000000008 0.18800000000000003 0.276 0.08400000000000002 0.368 0.392 0.20400000000000001 0.392 0.372 0.17200000000000004 0.29999999999999993 0.20000000000000007 0.196 0.36 0.28 0.3320000000000001 0.29599999999999993 0.256 0.356 0.22000000000000003 0.38 0.15200000000000002 0.31599999999999995 0.29600000000000004 0.20400000000000007 0.38399999999999995 0.39199999999999996 0.09600000000000009 0.14 0.384 0.27599999999999997 0.3959999999999999 0.124 0.38 0.26799999999999996 0.33599999999999997 0.336 0.2280000000000001 0.392 0.384 0.368
0.007666979007907797 0.009317671925064804 0.00898271137466805 0.007439836752221214 0.0073798785994065854 0.012697194810118776 0.008434441475981035 0.010195509191841392 0.008545165713852223 0.008263658244829617 0.016467750393561697 0.007214551779480271 0.012725893109103173 0.007298134075050004 0.007762635671031052 0.019016320917089633 0.010477879551304284 0.010867743167751784 0.007999347082716626 0.007536142347395419 0.008799345910055672 0.014742993341932334 0.009667653737092132 0.007676716199303972 0.01848070133568653 0.01281143017593519 0.01057401318897223 0.008427983877185649 0.007947698104204986 0.013117497497154714 0.009402509318042622 0.007288600595528968 0.010576352366282554 0.007419293386490466 0.0096000680818041 0.009280437145532368 0.008834783004886349 0.008367201281305664 0.007822862304867579 0.00736636806201032 0.008934349632602992 0.007273649239751835 0.012369329269693972 0.009610770029214188 0.008134880134571846 0.01023944731677704 0.01018843938671063 0.007804834892283172 0.007759044935352775 0.008979453615766516 0.010210544320148304 0.008792016884567563 0.009550347124317245 0.014652175035981811 0.01019127168078671 0.00733232441482977 0.008796223879377294 0.008847551691195226 0.007390660902609326 0.010021396220222325 0.0074504786311046295 0.015434959391826802 0.007748002291300718 0.008698831996500473 0.010883149749024898 0.009881907855193864 0.01977906903194217 0.009554538160722952 0.0088563303172341 0.012990139095456595 0.008552908606554126 0.008969340566034791 0.013191941037450926 0.01256210379866259 0.007286937947784596 0.010217564649647091 0.007482732399126624 0.01013757781708861 0.00984660661008957 0.018893245319815042 0.008043051852560719 0.0080959896625691 0.012147630957015796 0.01150378073315883 0.012256444611226049 0.008270508845794186 0.00726936806502748 0.016961245453242374 0.010490333081202197 0.009137353878371075 0.008043282797538137 0.008045735799303516 0.010073701695708134 0.0075694039885703755 0.013503975240271773 0.008253637101251212 0.007888152138276453 0.009744805265194225 0.010252999884459603 0.01245756896528719
-----
100
334192
0.1
-2.200779911390744 -1.9601094720340067 -2.5867348590786605
-2.9026701263324006 -1.9156881470089906 -3.2031139040939616
-3.109248786365334 -1.8974661603669394 -3.3870847199191623
-2.2699048760359473 -2.074457059037656 -2.5371848765135567
-4.831626394017821 -2.8129591487469017 -4.387397767869176
-3.837135404335631 -1.979061032752429 -4.2203705048497895
-2.4499376657074765 -1.6861451237780885 -2.967892242568529
-2.3753371888882135 -1.6071949191393204 -3.016340641555821
-2.3437347644858715 -2.4263143028070875 -2.377243462399695
-3.711358033620238 -1.736614300724185 -3.9749998563547377
-3.043117821778842 -1.6399729189465646 -3.602135788899056
-2.1741213381034266 -1.8073894633707623 -2.6771021649349067
-2.311288435749194 -1.8688488616773822 -2.7018671402382397
-2.159881027580555 -1.8151707982430998 -2.6106799868295556
-2.6945227622035297 -1.7280154225516888 -3.1235059709366553
-5.849755201054134 -3.723413839355613 -4.506658286515115
-5.639558221686358 -3.445100834711922 -4.564015811133594
-2.345104242705167 -1.7069840144521264 -2.864818190587263
-2.681864423824254 -1.3583459699342855 -3.49684121087652
-2.1550787539436165 -2.084335497374109 -2.4664038207852963
-3.778294858146066 -1.9916769181195249 -3.908498287594356
-2.708996878261105 -1.4648074640646542 -3.349860474962705
-3.2202955232899906 -1.9226405566637454 -3.400162093737887
-2.279888814414854 -2.1654759536212373 -2.5045837744499826
-2.5826816826932055 -1.3053583264507915 -3.3960900729434926
-2.9462465412089016 -1.9149317846332985 -3.2614780831682952
-2.8794550892989337 -1.7183657913967352 -3.2731038803413957
-3.070458183662728 -1.6844977236767842 -3.442729568760467
-2.4965804265286238 -1.7445424458718006 -2.927506125329865
-4.034530484447167 -2.380893971874335 -3.93872838283131
-2.7418021269361232 -1.9959931219264382 -3.0263795978114727
-2.3217328177499543 -2.11273964991358 -2.524198906427941
-2.3291278894471374 -1.7326152333234393 -2.821139083817937
-3.9643935348257084 -2.262433098942825 -3.9446175897326388
-3.2524543801381594 -1.8054663801316826 -3.5488854916703305
-2.008311626707427 -1.8838715557106627 -2.4898253903033
-2.409195283430111 -2.3566309440988196 -2.4515861345704084
-3.11254448446302 -3.091816302974602 -2.385748023330594
-2.3097880648275515 -1.8936955003438218 -2.7075876906877583
-3.8318748935020466 -2.0504154372871097 -3.8858453099358954
-2.6945272754560254 -1.580775698026514 -3.3024064043257355
-4.176531996847055 -2.3450522023781812 -4.151749033200318
-1.95686035877472 -1.5781830240523953 -2.655047020604517
-3.855102755973654 -1.6514967898751216 -4.171070985731639
-3.1197147913993217 -1.7976735241146056 -3.5425027894026955
-2.4548594187825126 -1.1968748615427693 -3.3635469618396843
-2.723467429007736 -1.720222519241804 -3.219544278223257
-2.6518417150566 -1.764828131597362 -3.015185433739008
-2.198391296314013 -2.190728134991093 -2.4269621453185826
-2.9709192126719453 -1.8035711985567597 -3.3407677675773018
-3.971387558630197 -1.9352504925396774 -4.26023142340343
-2.8341648824171415 -1.6739187767885517 -3.3275748904828135
-2.2703498749201305 -2.3612083463133233 -2.42232617045007
-3.0638878070085522 -2.0405262823495978 -3.266465564150405
-2.337548521870108 -1.75984863978583 -2.8252019988897996
-2.064148837647507 -1.6418747911383922 -2.678487410141501
-3.5398230249480154 -1.7626288321610124 -3.9012786168255316
-2.608850803904208 -1.486095617655946 -3.2770606099415387
-5.874173032982656 -3.6283704479217955 -4.5894830952158685
-2.7151522716955285 -1.8845703402877803 -3.104836714129864
-2.2207210039003815 -1.851144679968409 -2.651524003873599
-3.2678272330389326 -2.1239002316055573 -3.3064231621465754
-2.4567663122086714 -2.6341447179716027 -2.393370460390009
-2.927825401107678 -1.6591783921310155 -3.412300622385321
-2.63324095658456 -2.827628244840053 -2.3348591379007035
-3.0565089567480226 -3.2217189182459207 -2.3526817201609065
-3.9547384016503075 -2.101992456986245 -3.9543869319377842
-2.7113753202487594 -1.7249264761738172 -3.2035690806476436
-4.101708150719347 -2.274921336459687 -3.7738066235468826
-2.016138622701538 -1.8781941791575427 -2.495503786948584
-3.5874085493515966 -1.9903693444329578 -3.9425896700306367
-3.1546189154113313 -1.6450808470208813 -3.585127754912335
-3.0271841789196574 -1.6514073968005625 -3.5402554832633073
-3.8927208543312535 -2.0939065494088522 -3.8335888165731045
-3.1647793295133235 -1.411484604811318 -3.946905575070832
-3.164852466712917 -1.9137795956607047 -3.375248344811761
-3.8283705060433 -2.0921947739953457 -4.115138347000879
-3.177309277618316 -1.4473154584090582 -3.9377695893506903
-2.1119037596616064 -1.7150895283113141 -2.7046645819124118
-2.172548530672792 -2.3403280905299604 -2.3705546836643294
-2.1548361044226065 -2.31734055212668 -2.3909860151990388
-2.4679158974820066 -1.6366488034521025 -3.0271415829891897
-2.5765303883260646 -1.5800035922670626 -3.1239959579380616
-3.3716378373445 -1.9260582469130827 -3.614951095300087
-5.961678158537668 -3.6668655398669365 -4.636212086542963
-3.1132743351919236 -3.327711301693074 -2.3440924338627207
-2.5659301685727804 -1.3812097928347378 -3.3223140890319107
-2.9194206722362583 -1.907193242543237 -3.1274922541343173
-3.0778640574230605 -1.8536128449705542 -3.4015124518564863
-2.4563826390293055 -1.8705143796946704 -2.841448460740036
-3.066773309017333 -1.9406298692396255 -3.2255709947285487
-2.3250319176174257 -1.5046275214600315 -3.019595760137306
-2.876651462740619 -1.6700114404255475 -3.3259524288678644
-2.4836876135782084 -1.4834149386353626 -3.1381453231411163
-2.6853733397732418 -1.7954888356419862 -3.011782650291473
-3.4248818927542724 -2.0838821180619047 -3.4520553227470345
-3.738702772861043 -1.9215794187128814 -3.869878283627515
-4.09949307814318 -2.4667839334267283 -4.027060571958645
-2.343965494556545 -1.8620821198485293 -2.667480076514012
-2.8659520762481248 -1.7516471967615188 -3.2641187624681587
0.07999999999999996 0.08000000000000007 0.09999999999999998 0.09999999999999998 0.08800000000000002 0.096 0.07600000000000001 0.09600000000000003 0.09600000000000003 0.08399999999999996 0.07999999999999996 0.09999999999999998 0.06800000000000006 0.09199999999999997 0.08399999999999996 0.07600000000000001 0.08399999999999996 0.07200000000000006 0.09599999999999997 0.08800000000000008 0.07600000000000007 0.08000000000000002 0.092 0.068 0.07600000000000007 0.05600000000000005 0.09999999999999999 0.06799999999999995 0.096 0.09200000000000008 0.06400000000000006 0.088 0.08000000000000002 0.092 0.05200000000000002 0.09200000000000008 0.07599999999999996 0.07600000000000001 0.06 0.09599999999999999 0.08399999999999996 0.07999999999999999 0.06400000000000002 0.09599999999999997 0.09999999999999998 0.08799999999999997 0.09999999999999998 0.08799999999999997 0.06399999999999995 0.07599999999999996 0.09999999999999998 0.09600000000000003 0.08400000000000007 0.084 0.07599999999999996 0.09999999999999998 0.09599999999999997 0.05600000000000005 0.08799999999999997 0.06800000000000006 0.07200000000000001 0.07999999999999996 0.08799999999999997 0.055999999999999994 0.047999999999999994 0.09999999999999998 0.07999999999999999 0.09200000000000003 0.08000000000000002 0.092 0.09200000000000001 0.08800000000000002 0.07599999999999998 0.09600000000000003 0.07999999999999996 0.064 0.08800000000000008 0.088 0.07599999999999996 0.08799999999999997 0.06 0.06000000000000001 0.08799999999999997 0.08399999999999996 0.09199999999999997 0.09200000000000003 0.08399999999999999 0.07600000000000001 0.07200000000000001 0.04800000000000004 0.07199999999999995 0.07600000000000001 0.064 0.09999999999999998 0.07999999999999996 0.08000000000000002 0.09599999999999997 0.09599999999999999 0.08799999999999997 0.088
0.009755861778151234 0.009127824750439483 0.009202027969746007 0.009793249648592399 0.011818305262156038 0.010732162479655992 0.00939800031720773 0.009479101030131248 0.01018975321488072 0.010280447137583033 0.009609154475551348 0.009695177759862814 0.009566203821793129 0.009806860431769033 0.009268745479680698 0.015424764763395646 0.014610101374598672 0.0094817940783608 0.009928800887782918 0.009999016486910737 0.009922340263564026 0.009618511378145442 0.00921618489307476 0.0098473393255417 0.009938080050629612 0.00913552463943532 0.009280855005826209 0.009406834433161204 0.009362591036613173 0.009945968535248997 0.009128524880084976 0.009798517996550231 0.009506496089242885 0.009941544852054129 0.009406307678072037 0.010097091529523271 0.009953725002597141 0.01079760233806911 0.009544600727690672 0.009871796173944222 0.009448467276745521 0.010492970360310537 0.010055543288134414 0.010998734983899267 0.009388009875434379 0.010159297380256843 0.009275556582689762 0.009275374732251164 0.010067326374592133 0.009234314023672405 0.010965380099813389 0.009343379108761415 0.010068306487655044 0.009088811377591823 0.009478441906128026 0.009884727586605862 0.01002381661697347 0.00957090201537936 0.015768191338302748 0.009158350562146143 0.00968745783703024 0.00911490094005523 0.010216581861382442 0.00940372925530523 0.010531756576253729 0.011039870086531013 0.0100336757822535 0.009270369448365066 0.009825806821827494 0.010082085367401008 0.009919335040644359 0.009587084349019937 0.009523523439032238 0.009807000941922066 0.010601353375560878 0.009198041475087057 0.010333176215443364 0.010513414659888656 0.009755639680935142 0.010248705669262857 0.01019479322832074 0.009414872381246978 0.00943090536480571 0.009404583695983276 0.016433780378712223 0.011256860125009037 0.009759335107700745 0.009146027313332089 0.009234551233050203 0.009356308462828221 0.00913780210333337 0.009613214907586178 0.009344886893092602 0.009570553734568638 0.009252299985375297 0.00922351266073615 0.009893691705309498 0.010140119791616511 0.00961570015703277 0.009248999992495744
