3
100 100 100
324 3083 357481
0.8 0.4 0.1
-----
100
324
0.8
-3.370661726837811 -3.457157899020619 -1.1153727985571606
-1.6957426452943896 -5.908420657862769 -1.8388065311230513
-2.2005884438901484 -3.532809734081349 -2.1023454498331233
-3.4070661895543832 -3.453664997914378 -1.531623516959618
-0.5815427919315432 -3.703417118262767 -1.8727550335740872
-1.4801354138386067 -4.343585782791988 -1.7309407944288253
-4.3326044621530055 -0.9300379459661166 -4.112570991477894
-4.35459863915095 -1.4682552160204114 -4.566381620559479
-2.0678586958072933 -2.209901596123641 -2.010252334583207
-1.7522262309019228 -5.983137070249061 -1.1414697055106817
-1.5622207138368687 -4.32873238924962 -0.8467564816820934
-3.630717032737545 -5.114908047495912 -1.4944813119589568
-1.7163676280147033 -5.594130303159389 -0.9327502587579257
-3.6849754154055256 -3.906555863669696 -2.802360283938337
-1.7220612388984087 -3.226437243725688 -0.6917757341021868
-4.16791778242909 -1.1252016558805673 -3.870555492844194
-4.536784382165975 -0.8939455648160859 -5.621586444674705
-4.15843990434654 -2.2005848095316995 -3.190668453003971
-4.097844176308502 -2.4000937714932884 -1.4764048146638862
-5.847018431649079 -3.8192802039996328 -3.6427659113464985
-4.549866019325545 -1.768006642322705 -4.621870886858768
-1.0132047114123797 -3.406278393966311 -1.6665938043730844
-5.398444412557197 -2.004008944618718 -4.856128829348325
-4.433830004767253 -1.7588540742260665 -3.6179049125371376
-0.1221220011891937 -3.717420007727328 -2.060652633919212
-4.3620845886195525 -1.0087178102394372 -3.3548638983784547
-1.454887196427955 -2.747529431996017 -1.3316815888336446
-5.6435927414684715 -5.402543426748634 -1.1572379796622219
-3.104100344383596 -3.236891091199624 -2.5388700253868666
-3.3717018275954813 -3.1920664765919007 -2.578779728272194
-5.618335518820782 -2.7329899248997607 -4.332098220849577
-0.023102237613242593 -5.303347644649977 -0.6619027070398982
-0.8880926130231863 -4.13357845326685 -1.1703491668706523
-2.752277764861824 -2.183370537887752 -3.1049043678779777
-0.3668325991136765 -4.583368850993592 -0.7088284654419965
-4.122800091601816 -5.602408137053909 -2.0273914391574697
-1.3017903384887974 -1.9644971549304397 -2.140615004683577
-3.836280758789477 -5.370311574820812 -1.0781429023394917
-4.039994992708301 -1.1996706165135986 -3.994135292653724
-2.5886137220249443 -3.7337372842555214 -2.1338801140285852
-5.982976736350604 -3.6758685748257234 -3.2699670750213627
-5.4401909295205355 -3.3942535931160496 -3.9466999040151656
-3.772005063871116 -3.2215650937406966 -2.8820188665526985
-4.212065718705064 -1.2346666155669066 -4.870270880008479
-2.070249437371383 -2.210396100850152 -1.9766145228707757
-4.498178761980412 -5.948788452433729 -0.685467391246009
-2.62930252661107 -2.464069512257473 -0.8610395776525621
-0.1982568514984422 -3.9685249989120144 -1.3280293255574334
-2.397449225518557 -5.7912642480170495 -1.6070418135430469
-3.8240316641321 -2.832044493445685 -1.3815629567562047
-4.95524408242737 -5.115712764338207 -1.5511092158548188
-3.174294326088097 -1.9115377802452258 -3.1765529422514454
-1.1598358186245852 -5.863080913814578 -1.8756285026280182
-3.7709582059906817 -1.7201335759286973 -2.9487034782713852
-3.5341619574638745 -2.988289776034521 -2.990598997961826
-5.355647357214469 -5.446644502609441 -1.7650475587089858
-0.8335475960465573 -4.199149165131886 -1.2135560771383247
-2.1303463670155316 -5.239762366797377 -1.9716702168809999
-2.71371835696965 -1.4002930521244732 -3.3995651584203412
-5.974713719473023 -2.0870315411870495 -5.45185863924371
-4.976072007443314 -5.167949478835306 -1.008564443741987
-1.2446269203971898 -1.0001815664218645 -2.2891429541813775
-5.287868785655102 -3.2532119373731714 -2.0301292014257624
-4.500523920280669 -0.839176779169394 -5.735598448522884
-4.4400663065316 -4.043550273205528 -1.4879230565147035
-0.5456712973694913 -2.985839212151911 -1.8328915813174813
-4.5767503398257325 -1.7635291773689445 -3.312922454414643
-5.09098935162069 -2.91635232492265 -2.3958648138595353
-5.717388199837101 -0.5056076553559077 -4.387095765927352
-4.368012030890727 -5.636030828560937 -0.9909992788754955
-0.13261162011751004 -0.6965756066033144 -1.3406273662469115
-2.4376624965937075 -5.200844155582561 -1.0081510642801232
-5.336921212728278 -3.4201899934339712 -2.299081425867458
-0.5604661197486838 -3.4275180126593536 -1.8747121001064855
-1.1109810230014592 -1.5897384684777656 -0.8917582115396829
-1.1589574905887243 -1.7520372075491775 -0.769650160452322
-1.939585333761089 -0.0724525247617418 -3.6597910135272387
-1.8832059064021145 -3.074124948681909 -1.3416339036699556
-0.7945305612379601 -4.378815612824223 -0.7597704042590516
-5.200673969560188 -2.5502530337841485 -4.66091662896849
-3.7584381770818363 -5.2466009870641965 -1.3444673569085541
-3.9519911304929343 -3.607608924989062 -1.9844583405237604
-5.870983520180797 -3.775319651460826 -4.6010260398706055
-4.794015688025377 -4.335401458020181 -3.521558080001201
-1.973806093474856 -2.0043394595149366 -2.3243586422347926
-5.413061917851709 -4.96396526470472 -3.304529929238508
-4.2826827246019405 -4.366938726649504 -3.072388430819841
-1.7668340296024105 -2.6003379912514575 -2.192919310043534
-0.5408814104576205 -4.664988851339789 -0.9853649062335137
-1.9029354667164728 -5.936254416517596 -1.6111533420371202
-1.702507873169285 -0.8737840846101594 -1.0787497317779078
-2.3213227167646875 -0.7701792708150519 -2.014531824215503
-0.519031058659924 -1.2400727915473357 -0.4956250448613151
-1.0877007029615182 -0.8352122882222917 -1.0373424219262368
-3.5898898064777653 -5.428830087928769 -1.0620242870487644
-5.591088413674864 -1.5117755983637267 -5.888348342839434
-5.592658341094372 -0.876375061737166 -4.5362641322667026
-5.133674573095903 -5.442440902904176 -2.239962953036495
-5.213129788709175 -4.457138157566902 -3.7565955892720964
-4.3727924598817385 -0.04780079355286304 -5.828793342305081
0.7152542372881356 0.528813559322034 0.6576271186440679 0.6169491525423729 0.5593220338983051 0.45084745762711864 0.7966101694915255 0.4542372881355933 0.29491525423728815 0.7084745762711865 0.7457627118644068 0.5389830508474576 0.7423728813559323 0.6677966101694915 0.7694915254237289 0.7728813559322034 0.6610169491525424 0.48813559322033895 0.7796610169491526 0.6915254237288135 0.5796610169491525 0.4440677966101696 0.6372881355932203 0.7050847457627119 0.7118644067796611 0.7491525423728814 0.6338983050847458 0.7457627118644068 0.6677966101694915 0.15254237288135597 0.6576271186440679 0.7728813559322034 0.6983050847457628 0.7661016949152541 0.7627118644067797 0.4711864406779661 0.6406779661016949 0.7152542372881356 0.5457627118644067 0.6000000000000001 0.7932203389830509 0.4067796610169491 0.4 0.5966101694915255 0.3118644067796611 0.7694915254237289 0.7559322033898306 0.6271186440677967 0.4915254237288136 0.7389830508474576 0.6745762711864407 0.24067796610169492 0.5559322033898305 0.5322033898305085 0.3830508474576271 0.3966101694915255 0.6813559322033899 0.6338983050847458 0.5355932203389832 0.5796610169491525 0.7423728813559323 0.47796610169491527 0.711864406779661 0.7661016949152543 0.7050847457627119 0.5288135593220339 0.7593220338983051 0.7898305084745763 0.7796610169491526 0.7389830508474576 0.6813559322033899 0.7389830508474576 0.6847457627118644 0.5559322033898305 0.7457627118644068 0.7559322033898306 0.5016949152542373 0.6372881355932204 0.7593220338983051 0.6677966101694914 0.6305084745762712 0.5694915254237288 0.7830508474576272 0.6576271186440679 0.4711864406779661 0.4067796610169492 0.7932203389830509 0.688135593220339 0.7355932203389831 0.47796610169491527 0.7728813559322034 0.7355932203389831 0.7966101694915254 0.752542372881356 0.7152542372881356 0.5559322033898305 0.7728813559322034 0.4542372881355932 0.19322033898305085 0.576271186440678
0.010000000000000004 0.010000000000000004 0.010000000000000004 0.010000000000000004 0.010000000000000004 0.010000000000000004 0.010000000000000004 0.010000000000000004 0.010000000000000004 0.010000000000000004 0.010000000000000004 0.010000000000000004 0.010000000000000004 0.010000000000000004 0.010000000000000004 0.010000000000000004 0.010000000000000004 0.010000000000000004 0.010000000000000004 0.010000000000000004 0.010000000000000004 0.010000000000000004 0.010000000000000004 0.010000000000000004 0.010000000000000004 0.010000000000000004 0.010000000000000004 0.010000000000000004 0.010000000000000004 0.010000000000000004 0.010000000000000004 0.010000000000000004 0.010000000000000004 0.010000000000000004 0.010000000000000004 0.010000000000000004 0.010000000000000004 0.010000000000000004 0.010000000000000004 0.010000000000000004 0.010000000000000004 0.010000000000000004 0.010000000000000004 0.010000000000000004 0.010000000000000004 0.010000000000000004 0.010000000000000004 0.010000000000000004 0.010000000000000004 0.010000000000000004 0.010000000000000004 0.010000000000000004 0.010000000000000004 0.010000000000000004 0.010000000000000004 0.010000000000000004 0.010000000000000004 0.010000000000000004 0.010000000000000004 0.010000000000000004 0.010000000000000004 0.010000000000000004 0.010000000000000004 0.010000000000000004 0.010000000000000004 0.010000000000000004 0.010000000000000004 0.010000000000000004 0.010000000000000004 0.010000000000000004 0.010000000000000004 0.010000000000000004 0.010000000000000004 0.010000000000000004 0.010000000000000004 0.010000000000000004 0.010000000000000004 0.010000000000000004 0.010000000000000004 0.010000000000000004 0.010000000000000004 0.010000000000000004 0.010000000000000004 0.010000000000000004 0.010000000000000004 0.010000000000000004 0.010000000000000004 0.010000000000000004 0.010000000000000004 0.010000000000000004 0.010000000000000004 0.010000000000000004 0.010000000000000004 0.010000000000000004 0.010000000000000004 0.010000000000000004 0.010000000000000004 0.010000000000000004 0.010000000000000004 0.010000000000000004
-----
100
3083
0.4
-2.4976855433876857 -2.8610668112923463 -2.0457414270861527
-4.82258205519775 -3.1022079622866885 -4.162705429101519
-3.1226718728316687 -2.6356120859204135 -2.0330052504006595
-2.389526569599433 -2.717592152405172 -2.056452923923579
-3.320315342256169 -2.7569171427307464 -2.616504001934034
-4.711352349832465 -3.3914709034187456 -3.572899488621261
-3.0914351238599878 -1.9060806063469045 -2.484988255788821
-3.5390006455863037 -2.802068019852184 -2.525225562043391
-3.7495876373268855 -4.372892781419285 -2.116428652634579
-5.3537059195012295 -5.20673638580566 -3.077883218533074
-4.805531185133045 -3.5703702495701437 -3.763525150666916
-3.6104634290241853 -2.8888014528582304 -2.492833201269191
-5.88195658633031 -4.03205945995669 -4.023117213987604
-5.063096902641611 -3.3608187653690393 -3.9025728597653875
-4.988352027875179 -2.2292869620898985 -4.1215805518461455
-4.641618546363616 -2.2147559434657227 -3.854685654300439
-5.4225083773316225 -4.45462142249297 -3.6589363156306733
-5.163229029488128 -3.8762975710872727 -4.012266211290401
-5.136053813982876 -4.84987133024981 -1.8048308167757114
-2.6359716552094272 -1.1579374327070102 -3.0596431790487553
-1.6355299770393874 -1.411433183909443 -2.062265514109925
-3.470293443608912 -4.61227067966296 -1.9562050026661926
-3.8844753191868744 -2.9147611237324678 -3.2795551902650275
-4.208983524851705 -3.258599675472133 -3.252518307850459
-3.1839453409999474 -0.9745658917054869 -3.888672535099483
-3.31256186791913 -1.4521625023204092 -3.1567571344020684
-2.973906890465859 -2.119306886267614 -2.5416642436912404
-3.440845573477441 -2.2759535482931534 -2.596282265556015
-3.6331149475279783 -2.9741283929746607 -2.6975026653490746
-3.007791425513216 -1.943842467483844 -2.343953074690002
-5.025382589229405 -2.65345629851638 -3.9747374307589105
-3.8677821125952736 -2.581014005888843 -3.3925731923826565
-3.358615235662778 -2.723288289138015 -2.3009043781302445
-3.140406546620762 -2.7758736744808905 -2.376556827038229
-4.598609924614465 -3.496874970704135 -3.5118898521652957
-1.975787892479328 -1.4851532936435563 -2.2680805470249044
-2.6291072461122353 -1.920470361505685 -2.771792640683085
-2.56177759796839 -1.203328632605958 -3.104438720552538
-2.662635137444202 -2.144699590254108 -2.6758001302933634
-3.623184096179047 -2.3408091024910265 -3.0462315298906364
-3.2580839726276776 -4.141032013504891 -2.0391518172134866
-5.841896459798841 -3.678332052057424 -4.234619596638931
-4.745676526702954 -4.155966846664133 -3.148817357882397
-2.0550466934180056 -1.92094835844111 -2.2651745892727733
-3.0650485412286455 -1.5628115039530184 -3.130629234468873
-3.2082933978374997 -2.5481376801619042 -2.898729651717665
-3.0246851209482646 -2.6764123294779605 -2.3900906244302322
-4.901066452340631 -2.701876823381176 -4.220420915513752
-2.0772440709461537 -2.020556634058192 -1.8999835235474605
-4.26964167338857 -3.228976945635397 -3.512044613951071
-4.1257315464651185 -4.531699459245505 -1.7569401448700217
-4.682605700381217 -2.8578924825423795 -4.101332718061395
-2.9905455923655606 -1.819575060688996 -2.8876647105534636
-3.2172175957542213 -2.336705138472688 -2.559246591666348
-3.4975697670946255 -1.7721012641277059 -3.172277175092968
-2.6742153807710496 -2.6209927142667855 -1.7881879082875867
-3.166137326332719 -1.8151406073459284 -2.9514874440277796
-2.888217118165977 -2.155568889706164 -2.7598955452145426
-5.007887931401046 -3.020939046688595 -4.017811395101891
-3.2185684080931454 -2.798830890364902 -2.397097919248958
-4.938867912580289 -2.227762310478179 -4.252877616607604
-4.851655947787275 -3.6568258570704906 -3.06584277960367
-2.5733391526558025 -2.276146224292958 -1.8977009963053424
-3.6606913884568932 -2.181782173427337 -3.393840041459905
-2.688131907859788 -2.8553740840935147 -1.9182701130908957
-4.3396230168567405 -4.001495097775186 -2.6485559572218023
-3.090117374097262 -1.7895635456581684 -2.9844222787798405
-2.3880034985841316 -1.762037305284508 -2.4333380768091826
-2.2287915205861633 -3.0149290267397433 -1.8657170164704633
-3.985061240597111 -2.6281775597643686 -3.606745087546812
-3.472490754998083 -3.093225700031353 -2.0409337571343142
-4.452373135029947 -5.310961782392896 -1.7575965655554016
-2.93438418155037 -2.8095036213963906 -2.572257696577024
-3.241449331141843 -2.1348529605391047 -2.6897341570003745
-2.090803599244677 -2.190161663898474 -1.8750266662366502
-3.012738059035173 -2.781523261466177 -2.0658660788256316
-2.4415603414586644 -1.6826787436700614 -2.2142710280156304
-5.6798049159078285 -5.108111057047993 -3.923080604254867
-3.826279757474145 -2.18405322392839 -3.8759386561299998
-3.9987800723410643 -3.4323569265051956 -2.6368882864042806
-3.619414112371527 -3.1828637677124196 -2.6430181011579585
-3.3412581486034614 -3.0795626856982263 -2.7671948410638527
-2.881591313895075 -1.826889292358969 -2.727626225535192
-3.7902205724656977 -3.2470815618833875 -2.6900863951918574
-3.777099159207806 -2.861670479240602 -2.583374400694761
-2.8947373461630543 -1.7281710006268058 -2.955822915660677
-3.628607503268894 -2.128101564093871 -3.1846029898488055
-5.048969205425468 -2.532767268344128 -4.4392755469929925
-3.3340772378768437 -2.373349959327612 -2.8297630355376366
-5.391209553768059 -2.6399673475793968 -4.632185242192462
-3.3635843582588967 -2.986637692522534 -1.994275194087947
-2.7694519895482665 -1.6822564529806028 -2.916484465765436
-1.8537927577676179 -0.8928078157932386 -2.6873610015049403
-3.4827295085744625 -2.454672779913516 -2.9943561866546813
-4.473011355295771 -2.974355929265896 -3.5031516628306627
-3.7015713404751454 -4.154094367933464 -1.822491393562709
-3.5084039338552113 -2.7904150255666265 -3.034060716736791
-2.4094298457638006 -2.2917348368210275 -2.070683041574841
-3.1701410133343053 -2.893445907108169 -2.156383873430797
-3.668739016607044 -3.1475008708362164 -1.9966204958307159
0.39322033898305087 0.26440677966101694 0.3118644067796611 0.3627118644067797 0.12203389830508476 0.28135593220338984 0.3830508474576271 0.24745762711864405 0.3796610169491526 0.39322033898305087 0.29152542372881357 0.25762711864406784 0.2338983050847458 0.25423728813559326 0.3627118644067797 0.2915254237288136 0.3864406779661017 0.20677966101694914 0.35254237288135604 0.3491525423728814 0.3728813559322034 0.376271186440678 0.19661016949152543 0.15593220338983052 0.36271186440677966 0.3694915254237289 0.23050847457627122 0.3728813559322034 0.25762711864406784 0.35593220338983045 0.24067796610169492 0.3966101694915254 0.30847457627118646 0.1694915254237288 0.2135593220338983 0.2983050847457628 0.3559322033898305 0.31186440677966104 0.28474576271186436 0.23050847457627122 0.39322033898305087 0.25762711864406784 0.36610169491525424 0.34915254237288135 0.2542372881355932 0.26779661016949163 0.11864406779661019 0.28135593220338984 0.3491525423728814 0.21016949152542375 0.38983050847457634 0.24067796610169492 0.20677966101694914 0.18305084745762712 0.28474576271186447 0.39322033898305087 0.18983050847457628 0.19322033898305083 0.31525423728813556 0.09830508474576272 0.34237288135593225 0.3457627118644068 0.34237288135593225 0.2677966101694915 0.3016949152542373 0.2983050847457628 0.23728813559322026 0.22033898305084745 0.35593220338983056 0.14915254237288136 0.3220338983050847 0.3864406779661017 0.30847457627118646 0.1559322033898305 0.34576271186440677 0.18983050847457628 0.3627118644067796 0.3491525423728813 0.3152542372881356 0.38983050847457634 0.3932203389830509 0.36610169491525424 0.2 0.21355932203389838 0.34237288135593225 0.26101694915254237 0.2 0.3355932203389831 0.16610169491525428 0.35593220338983056 0.2677966101694915 0.2983050847457627 0.34237288135593225 0.1423728813559322 0.36271186440677966 0.35593220338983045 0.2542372881355932 0.21355932203389827 0.14915254237288145 0.3728813559322034
0.008511804377216697 0.011473708126222771 0.008672775392425653 0.008655079677080221 0.008690180649029702 0.010330955445000003 0.009547574408819997 0.008676212440595528 0.008716998077699838 0.013283748550747737 0.010901331549588555 0.00864347215480249 0.014338545618977674 0.011351840167691314 0.011535307643531187 0.01077793184133198 0.012972908184665781 0.012349459591456922 0.011182860811120778 0.011599676319975934 0.01133458682390983 0.008733084706616179 0.009317823320466 0.009421706457688842 0.012822559286622449 0.010660696836224406 0.009260110547267155 0.009118628508815143 0.008697479711545785 0.009475551551613639 0.011205932497251504 0.009566800293426454 0.008632239589878932 0.008565128069623607 0.010173113859140085 0.010814500960062746 0.009787188825391169 0.011602904328991236 0.009387933826007631 0.009329854558218678 0.008356075842012716 0.014188857997977007 0.01030558869121769 0.009867342574003358 0.010499906372121157 0.009023532203975587 0.008635565902608396 0.01153857157074607 0.009664114792524143 0.009816716320604072 0.009196815467018223 0.011105061673197286 0.009878497893171502 0.009005412615320221 0.010094915249612823 0.008735097216034755 0.009889854327991554 0.009351122490021329 0.011321638676944551 0.008564371915692716 0.011718902554193101 0.00997370667569887 0.009098320879966374 0.009821032804577997 0.008490060043230047 0.009197894619417174 0.009972638628840718 0.00997799953290197 0.008512853324721261 0.009870771041147659 0.00846557603716491 0.010613170172125349 0.008638430266616422 0.009288734902685157 0.009399668552812324 0.008525592108052829 0.010056296971153818 0.01662394456116454 0.010534647313320506 0.008757944301530996 0.00859806599753798 0.008650463801111716 0.009793128129955751 0.00868358196281665 0.008760864162539862 0.010118322616687174 0.009654364315621637 0.01220111136796728 0.009111206950256232 0.01325790865171989 0.00849024257371134 0.010224281156022587 0.012963709095725633 0.009174390328063825 0.009912783108194346 0.00858562993873157 0.00901018037285411 0.009087789636149896 0.008465262845459457 0.008559272318013579
-----
100
357481
0.1
-3.241550182134771 -2.644613882668545 -2.8157425543720676
-3.53568576681316 -2.795698045072974 -2.743804286909752
-3.7218114289055184 -2.4200373793448726 -3.118599681207137
-3.7090112585386628 -2.5837116000309104 -2.8639197081732197
-3.6899033059677953 -2.4029780453379863 -3.108503557480965
-3.1439888304704944 -2.577085923564767 -2.5766111327556582
-3.4123017334749095 -2.78368813994182 -2.658743869093879
-4.092733708760937 -2.8073247561393764 -3.308224602094504
-3.2831858326770766 -2.7022355401824103 -2.3612396791873334
-3.649654609043344 -2.721528332659726 -2.5459878295305685
-3.239807019935648 -2.799490328871255 -2.612240499415387
-3.769793694082843 -2.641482790393553 -2.778901829752419
-3.2799491671495056 -2.445613697387242 -2.5965684738811126
-3.0348558901924676 -2.582623467604658 -2.247986305607162
-3.1433679248391537 -2.675407574004388 -2.5136102073792377
-3.502403774359685 -2.9342414478440952 -2.5229447556611317
-3.2540119212589915 -2.715379520246007 -2.458515965796596
-3.042424147672442 -2.5977990517668603 -2.3718517212777006
-3.66237344636655 -2.5350124411606796 -2.9018926898978306
-3.242361084204405 -2.837895281451772 -2.2865258795172236
-3.001230849691722 -2.7434708234735945 -2.3127846633346856
-4.359184551704232 -3.3166553901309683 -3.3406575945255312
-3.4769492688226546 -2.7445557238771516 -2.789045610930671
-3.3138616964225225 -2.460101856360846 -2.7778501854590183
-4.168294284541891 -2.513634179991307 -3.712475674576021
-4.112977010585903 -2.7923127590763634 -3.374619616783126
-2.897520238421181 -2.4326045007314994 -2.296074924804352
-3.3963341266369222 -2.8676390905714513 -2.5415787284692057
-3.5612316975342666 -2.5696978685181806 -2.781180408924455
-3.9826160942628466 -2.2325212934132086 -3.43977876373079
-3.2220402337557963 -2.612957735181228 -2.4988461857802844
-3.381843208140129 -2.56573648077121 -2.6898890611761486
-3.155453311744663 -2.900329525341339 -2.311929885247778
-3.8067472378902427 -2.643201020110841 -3.0515970560736516
-3.5100448960765234 -2.9272655698224885 -2.664315361670991
-3.8221953648102747 -2.5933536716312595 -3.1130083820017074
-3.105189109349846 -2.5567585054142246 -2.46871788122152
-3.8900625529858264 -2.804966290650965 -3.251847196708006
-3.2055767290964714 -2.90439554785107 -2.3399809883229694
-3.2468828937431633 -2.8359381065521134 -2.6624606384322345
-3.672597117151682 -2.731574126841019 -2.9070329804494723
-3.4587221854755317 -2.4644823261121513 -2.850439064793093
-3.0965644040739364 -2.6511516549586593 -2.4231265496397065
-3.1649132006157363 -2.5948119457800405 -2.4926732094960142
-3.2159547881391006 -2.827346728936114 -2.3411943545274023
-3.2724749790946284 -2.3735489958276563 -2.7412127057927647
-3.3801611536760907 -2.4348249058277096 -2.792608799224195
-3.4183494487507198 -2.4894905871719595 -2.774827616902182
-3.425341074975972 -2.6333983279428708 -2.867267501224834
-3.398867850808424 -2.633524498661819 -2.6925067423912283
-3.3534829211804227 -2.847553524118452 -2.355485234551459
-3.962441824374607 -2.439812246543328 -3.1877355280026682
-3.5667868797873488 -2.7712204273304546 -2.6666519526572023
-3.577089652670688 -2.3833596549222236 -3.2201677790926477
-3.411369242958692 -2.8238092923367226 -2.619023494721168
-3.171371832112098 -2.3803021846824253 -2.767533365736646
-3.267166927303873 -2.692182682715041 -2.565461696553905
-3.282703086241462 -2.5547443733067623 -2.5822723074695673
-4.13181811528261 -2.7331933068765313 -3.3724151822431434
-3.0187100128765834 -2.1770660390842163 -2.579811150751492
-3.3517634370101446 -2.520539448488763 -2.7617393942349437
-3.44540176137073 -2.4929085573722984 -2.740114397488439
-3.1496142129030607 -2.522417174920015 -2.4204304067178786
-3.4239258656549314 -2.4867652559766986 -2.8760436701599184
-3.464974504033048 -2.992440840624803 -2.589605057149401
-3.1660756282428006 -2.51455902610665 -2.533173361567123
-3.4317765340907638 -2.560692905550047 -2.6533175578118904
-3.704133839708458 -2.9311962228368045 -2.8832338899629146
-3.31195090597683 -2.5192727298225215 -2.5154800295476636
-3.5459763491480114 -2.658737983147738 -2.670681779585457
-3.225551983413697 -2.558836767142777 -2.7201598475133806
-3.143828941706527 -2.6884048242125234 -2.477356799703654
-3.4962931277264286 -2.2423494395277803 -3.0346064528017624
-4.0915070296427105 -2.65987820340938 -3.250332860593462
-3.275052749059781 -2.6365953231443844 -2.5131988062550388
-3.3665272029765365 -2.511561041430221 -2.75195394931289
-3.374487644432907 -2.8632544773364144 -2.616526327921011
-3.153988297759669 -2.6808749706615433 -2.4546836531727942
-3.2978844620110532 -2.375991094276446 -2.6716426992482347
-3.5887748013643264 -2.259651451902695 -3.042040374836195
-3.37547968602874 -2.7008489304672265 -2.92128067123519
-4.411401195037027 -2.343263942108459 -3.3809584322037534
-3.6808720720897172 -2.5510405606807773 -3.013172591972403
-2.9352874559874365 -2.739783896936392 -2.302850312067272
-3.5828440374723014 -2.513857118565518 -3.0905140246917444
-3.275109001152972 -2.6052117177167706 -2.7491643151353684
-3.2591538579608894 -2.7932093641459343 -2.5012254438114874
-3.375085809477573 -2.6327731105430563 -2.5642706978261347
-4.142527899537239 -2.5462514350016043 -3.472534179237136
-3.2463798723630317 -2.709166580257121 -2.4414937345123766
-3.1622333348209777 -2.3765186755512793 -2.6877682568818573
-3.7193391730268077 -2.473290073532511 -3.1036809221659847
-2.9032488885113406 -2.5440134742209914 -2.349452053901174
-3.414228159798512 -2.9307685043480824 -2.3314467570654838
-3.3147505450734682 -2.6791803528949196 -2.6222914590580912
-3.6307184994167168 -2.9470186732311268 -2.468522274157284
-3.387217047531683 -2.3138032552922727 -2.864044280120235
-3.070605130371595 -2.6940194649885014 -2.3494764302236275
-3.323938323102683 -2.8529676701195794 -2.4225102180025253
-3.710043421353502 -2.5151452856689707 -2.8871958861679725
0.08813559322033898 0.09830508474576272 0.08135593220338984 0.08813559322033904 0.088135593220339 0.09152542372881356 0.09152542372881356 0.09830508474576272 0.0779661016949153 0.09491525423728814 0.09491525423728814 0.09491525423728814 0.08813559322033898 0.09152542372881356 0.06440677966101693 0.09830508474576272 0.09152542372881356 0.08135593220338988 0.08474576271186442 0.08813559322033893 0.08135593220338982 0.09152542372881356 0.09491525423728814 0.08813559322033898 0.08813559322033904 0.07118644067796609 0.09152542372881356 0.09491525423728814 0.08135593220338982 0.08813559322033898 0.08135593220338984 0.06440677966101693 0.08813559322033893 0.09491525423728814 0.07457627118644067 0.09830508474576272 0.09830508474576272 0.061016949152542355 0.08135593220338988 0.09152542372881356 0.09830508474576272 0.07118644067796609 0.0949152542372882 0.0949152542372882 0.07796610169491527 0.09152542372881356 0.09830508474576272 0.0847457627118644 0.09491525423728814 0.06779661016949157 0.07796610169491525 0.09830508474576272 0.09491525423728814 0.09830508474576272 0.09491525423728814 0.09491525423728814 0.09830508474576272 0.08474576271186451 0.08135593220338984 0.08474576271186442 0.09491525423728814 0.09491525423728814 0.09830508474576266 0.09830508474576272 0.09830508474576272 0.08813559322033904 0.09152542372881356 0.09491525423728814 0.08135593220338977 0.09830508474576272 0.09830508474576266 0.08813559322033898 0.07118644067796609 0.07457627118644072 0.06779661016949157 0.09152542372881356 0.0949152542372882 0.09830508474576272 0.09491525423728814 0.09830508474576272 0.08474576271186442 0.06779661016949157 0.07118644067796615 0.09152542372881356 0.07796610169491525 0.0949152542372882 0.057627118644067776 0.07118644067796609 0.09152542372881356 0.07457627118644072 0.08813559322033898 0.08135593220338984 0.09152542372881356 0.09830508474576272 0.09152542372881356 0.09491525423728808 0.09830508474576272 0.08135593220338988 0.09830508474576272 0.08813559322033898
0.00966066035721863 0.009718612338931983 0.009875025149558394 0.009674386019376653 0.009856274699144577 0.009794831978791918 0.009759515109615946 0.010362710129645403 0.010222651363406485 0.009986742829238015 0.009879206439349697 0.009776690550689072 0.009700239702123985 0.010598623329045685 0.009939133734367304 0.010146663357158503 0.01001073729955892 0.010244127201850167 0.009643131170551728 0.010597975236465851 0.010573317017570364 0.011280182148198805 0.0096488015838088 0.00957749183983527 0.011621710976600882 0.010487595046151748 0.010559422563722207 0.010005548129909569 0.009601224907261325 0.010982248422830122 0.009877774974518305 0.009606878726282264 0.010661858384417432 0.009798486805289955 0.009933838133893372 0.009863316490983647 0.009970335589199476 0.010125748451538786 0.010555876602333088 0.009881079048232327 0.009683507591441765 0.009569762410794977 0.010118024441044345 0.009906232049678443 0.010428702292157725 0.00962118989516799 0.009572935744739537 0.009565706041156767 0.009586653777433249 0.009625914311323007 0.010389706332203002 0.010171303607861643 0.009773517958759564 0.010021560735863619 0.00984349290752266 0.009662173704682581 0.009811440195511419 0.009717770936562406 0.010497929270995604 0.010016394276807969 0.009569729513060355 0.009582838792346237 0.010029418978068663 0.009568881856100527 0.010126454892688713 0.009817549589639589 0.009643258274983172 0.009877731576331799 0.009809007849015387 0.00969298682130384 0.009633875589111404 0.010008651371863481 0.009848822734302402 0.010280057604303913 0.009850222212737724 0.00957060201999372 0.009900356420625762 0.010036770625697087 0.009650868398999082 0.00986866531420895 0.009666750960067838 0.011444906613033068 0.00969446687383653 0.010684558775656853 0.009744560763521209 0.009617670485886704 0.010009646633965502 0.00976251543249445 0.01080254761380697 0.010042577582400979 0.009687550857696679 0.009823315075724147 0.010434153622605876 0.010591203437636733 0.009721708490090457 0.01035672746242088 0.009644942656911562 0.010348083576723179 0.010225512928581298 0.009685257401182364
