3
100 100 100
801 4430 118791
0.8 0.4 0.1
-----
100
801
0.8
-3.475364807523216 -1.9820089226873314 -3.824895362045689
-3.7661235756777183 -3.3361943734084276 -3.525529515910112
-2.304028627111706 -1.4881902490074328 -3.3676916731506688
-3.016217640022361 -4.280550278995877 -2.383638435874022
-4.073295170460684 -4.085314464686734 -3.0075761320641194
-5.307326778121952 -3.360179764360591 -4.914936109692965
-0.7844368526017131 -5.846814428702155 -2.4745850890150605
-4.966441862976774 -4.306565065745332 -3.6086050305174755
-3.370130663689494 -1.5007557201307922 -4.442408131356521
-4.401283576742173 -2.9502030296001736 -3.1490742987649227
-3.3043133768873143 -0.7322079025766124 -5.428864825577328
-2.488002095674918 -1.7666541103512943 -3.101061934927887
-0.3139653130888522 -2.0419765100604015 -2.9218559662199883
-3.481646064713211 -4.689701790410442 -3.1065480288711824
-3.515443715969216 -3.3032172316900628 -2.34729296771282
-5.226268418278979 -4.557495516773073 -3.846292790811969
-0.7390158434246228 -1.7271438502869625 -2.8211141293754367
-0.6993644568004651 -5.613654697603918 -2.874605406639562
-5.746293845150719 -3.9570247264851433 -4.727235760788682
-1.6295230564443859 -5.323000676670091 -2.537154448023379
-2.406024127549008 -3.3942457933893984 -3.0244919283227514
-4.85708545657174 -4.67405807500719 -2.6840117697012444
-0.8664956538877107 -1.495109520924231 -2.864646251259525
-4.5676263271905055 -4.0710791345744415 -3.4809068837391863
-0.18545850479733517 -2.813236072326886 -2.668764758903577
-0.9347538408642428 -3.0410838699039693 -2.3986863281806996
-0.4553935338004873 -2.0353912935258713 -2.542236441305674
-3.525085878077061 -3.9869873248866456 -2.729823824947943
-2.8316788210739343 -2.1766211744306556 -2.8094613998482707
-3.5714789971116345 -1.7173199908065682 -4.1118468627861695
-3.494074974883563 -0.8687813079557678 -5.116454251151302
-4.981579091449736 -4.0725701157666885 -4.0482294587620755
-4.754035223873651 -5.465058810457901 -2.856458379708282
-3.8618970404017032 -3.490256292039401 -3.5287080966381184
-0.6307380185983673 -1.7369692954634868 -2.4051940137448593
-5.819376649158686 -4.406793893865434 -4.43559254345373
-3.6803958164175232 -4.706186796124572 -2.9552316607943325
-0.4623080122469805 -3.5524451794407517 -2.46372406112461
-4.956530245684116 -5.149449958775559 -2.3765381305032403
-2.0707409662108174 -4.856943410355656 -2.3137516112001473
-3.8594479385344793 -0.8321358835130459 -5.51257877610767
-3.3856210831312836 -5.463045106476846 -2.537933369830573
-2.2289219252683092 -3.0895062555211132 -2.8326415072552567
-1.3183412469939029 -0.4042905875882541 -3.465713983657384
-3.894520267462934 -3.1955306411888014 -3.0948631727223974
-2.646215007484783 -1.5545146539435475 -3.499088363654404
-1.8639067056649932 -3.4507375853090494 -2.916433585230615
-4.636695652939177 -4.268009274950195 -3.624696214632138
-1.0466649340995922 -4.386826888612882 -2.4398587433866514
-3.6297264169885946 -0.7185783794498919 -5.803388723031805
-3.5519173501482686 -2.9714019276846377 -2.451172723010379
-3.306758413649335 -4.939756931423227 -2.4724434768819115
-0.6668900243398763 -1.2249966398134466 -2.8630610608775506
-5.8366982016849525 -4.363056927718251 -3.3348150380611328
-0.6288433356309451 -0.1769570040380355 -3.463164029260747
-5.765542468550191 -5.667180252504361 -2.638937349458914
-4.010873756736692 -2.9851866707035937 -2.9300983067876407
-1.644016421150309 -0.6873202061214201 -3.941738444288419
-0.12265617038225507 -1.119988961952151 -2.595318793895757
-3.0426081047637488 -1.9061544413907328 -3.60452883347848
-0.21870071024584536 -4.562785535077427 -2.4687465269341926
-3.320207823183732 -1.22875225629811 -4.768623662105657
-5.689248946268631 -5.298706291228241 -2.684016428418848
-3.6306188347692707 -4.010424610707339 -2.7849353396140515
-1.8762435735242171 -1.682706423294233 -3.2001174542978004
-3.655753843512694 -2.702916688458475 -3.843874695505103
-3.5372888215687595 -3.5881554647887217 -2.6920942295588097
-2.6562295283591344 -3.105870345900657 -2.8675826429426285
-1.5743860201992046 -2.8212938516809984 -2.7597121039546804
-3.212351423952684 -3.2169036632847177 -2.404696134313354
-3.982613627579811 -4.872707709178529 -2.8555093176236532
-0.9502771220075292 -0.6126973287562105 -2.8941744756742986
-1.7767114674598012 -2.050501118837604 -2.8946778650064062
-4.529600801204683 -3.3060086411296075 -3.303674928095363
-4.168970951355148 -5.4954099851524125 -2.5428695651135933
-1.9501714595725144 -1.8275580561785354 -3.398926122221472
-0.6690302286569807 -5.980320985459436 -2.8667801895507403
-3.47867369093474 -5.885438397909601 -2.9127636102422225
-0.7257850712435658 -1.0210709550895753 -2.7020050183970534
-1.1703535021247884 -3.316279925151906 -2.4151144212165434
-5.115384001157104 -1.994595764014254 -5.617967397146606
-2.2235236516539043 -1.8500310447815345 -3.0162597287020545
-3.1231032632849467 -2.230791038992165 -3.8319135310443193
-3.0283682169371193 -1.4688877564758034 -4.3284171004882435
-3.520387408757723 -1.7780433586726758 -4.621614526144608
-0.4035186277234226 -0.9171773453079481 -2.9565161848898724
-2.96680721234881 -2.411128273417245 -2.8386238803113795
-4.853177313978776 -2.9420435766152293 -3.4826816606966595
-5.103149229257323 -4.091828909136035 -4.160267470185305
-3.0052716247908657 -0.9359892777534835 -4.779535487766413
-3.4805578143422906 -1.4917644654507898 -4.938153865661566
-2.619896978476065 -1.6030975303913308 -3.2623678962941627
-4.822283985037883 -4.714878617701707 -3.0602551322894445
-5.523153444054678 -2.881370056339875 -5.574407997957807
-4.317945279444931 -1.7502527874486047 -5.24846210993902
-3.0844049235623365 -5.729375004261252 -2.59419391774804
-0.5566709007937227 -4.329110619406668 -2.52819018241955
-1.3824223701046492 -2.472184596131199 -2.6434490417902707
-1.7284369748489912 -0.9866018429220835 -3.1516074861195116
-3.8537381948912137 -3.4252741081350457 -3.7187225801540027
0.636 0.5920000000000001 0.43200000000000005 0.724 0.472 0.78 0.636 0.46 0.42799999999999994 0.5920000000000001 0.752 0.6679999999999999 0.796 0.688 0.776 0.52 0.62 0.76 0.448 0.56 0.796 0.476 0.596 0.68 0.48 0.712 0.5720000000000001 0.36 0.736 0.732 0.656 0.344 0.508 0.4720000000000001 0.712 0.196 0.74 0.636 0.724 0.78 0.636 0.552 0.548 0.6 0.392 0.576 0.772 0.31600000000000006 0.6719999999999999 0.788 0.78 0.636 0.588 0.5359999999999999 0.712 0.768 0.7040000000000001 0.784 0.552 0.40800000000000003 0.628 0.46799999999999997 0.716 0.312 0.5599999999999999 0.28800000000000003 0.4119999999999999 0.364 0.568 0.708 0.704 0.6679999999999999 0.41200000000000003 0.76 0.552 0.776 0.744 0.784 0.5680000000000001 0.688 0.632 0.504 0.424 0.5599999999999999 0.74 0.704 0.6960000000000001 0.5640000000000001 0.18 0.552 0.796 0.716 0.608 0.788 0.45999999999999996 0.512 0.5760000000000001 0.496 0.6799999999999999 0.6399999999999999
0.010000000000000004 0.010000000000000004 0.010000000000000004 0.010000000000000004 0.010000000000000004 0.010000000000000004 0.010000000000000004 0.010000000000000004 0.010000000000000004 0.010000000000000004 0.010000000000000004 0.010000000000000004 0.010000000000000004 0.010000000000000004 0.010000000000000004 0.010000000000000004 0.010000000000000004 0.010000000000000004 0.010000000000000004 0.010000000000000004 0.010000000000000004 0.010000000000000004 0.010000000000000004 0.010000000000000004 0.010000000000000004 0.010000000000000004 0.010000000000000004 0.010000000000000004 0.010000000000000004 0.010000000000000004 0.010000000000000004 0.010000000000000004 0.010000000000000004 0.010000000000000004 0.010000000000000004 0.010000000000000004 0.010000000000000004 0.010000000000000004 0.010000000000000004 0.010000000000000004 0.010000000000000004 0.010000000000000004 0.010000000000000004 0.010000000000000004 0.010000000000000004 0.010000000000000004 0.010000000000000004 0.010000000000000004 0.010000000000000004 0.010000000000000004 0.010000000000000004 0.010000000000000004 0.010000000000000004 0.010000000000000004 0.010000000000000004 0.010000000000000004 0.010000000000000004 0.010000000000000004 0.010000000000000004 0.010000000000000004 0.010000000000000004 0.010000000000000004 0.010000000000000004 0.010000000000000004 0.010000000000000004 0.010000000000000004 0.010000000000000004 0.010000000000000004 0.010000000000000004 0.010000000000000004 0.010000000000000004 0.010000000000000004 0.010000000000000004 0.010000000000000004 0.010000000000000004 0.010000000000000004 0.010000000000000004 0.010000000000000004 0.010000000000000004 0.010000000000000004 0.010000000000000004 0.010000000000000004 0.010000000000000004 0.010000000000000004 0.010000000000000004 0.010000000000000004 0.010000000000000004 0.010000000000000004 0.010000000000000004 0.010000000000000004 0.010000000000000004 0.010000000000000004 0.010000000000000004 0.010000000000000004 0.010000000000000004 0.010000000000000004 0.010000000000000004 0.010000000000000004 0.010000000000000004 0.010000000000000004
-----
100
4430
0.4
-3.2384150469725466 -2.8666414201446515 -3.2727716186402547
-5.563751814095551 -4.9370779037232735 -3.963140012301543
-4.041023707743418 -2.410273594134148 -4.085486817149537
-4.820000049475264 -3.506174017221828 -3.7162606242768135
-4.625930250555289 -3.859446727461499 -3.4627071219569774
-3.669189280026295 -3.061264473986218 -3.154041021843372
-4.494049645535638 -3.77566210314635 -4.044714439515112
-5.480189934058183 -3.754242683006116 -4.49755955092984
-3.2717699532897515 -3.4332876007649777 -2.9756220932989264
-2.8397450671480344 -3.4723787438623748 -2.823376512905746
-4.402601348576264 -3.4360951379497093 -3.3334539277347996
-4.465678345058317 -3.165236880793195 -4.126082166055511
-5.478890628950971 -4.637232188657969 -4.221054983558718
-5.674315502117968 -5.037558615692046 -4.1622152807716235
-3.352428596620834 -3.1113297527938624 -3.270807587471416
-5.084903245428842 -4.4081992321648285 -3.971585663132293
-3.833768830764032 -5.075791744366965 -2.7702761476362188
-3.8535602968753375 -2.7311461312261303 -3.900637016008264
-2.559187138452134 -3.5395733994569674 -2.7492368422183904
-3.770918375719808 -3.384554520222522 -3.026980264955923
-3.3742083870741215 -2.8105514839475623 -3.6038813584899705
-3.948936335692945 -2.8422494987821327 -3.7156055553772616
-2.4692828958569772 -1.5444377530855324 -3.611819461106487
-4.4770262378852905 -2.664377645399501 -4.164757617118413
-3.4688477521201246 -2.4398364024775656 -3.7387479285302483
-4.29290928856126 -3.047540141011377 -3.520493081818896
-3.832351021257054 -3.9542862432229775 -3.0221241951117124
-5.115508669913712 -3.4908970962154036 -4.2898534758227544
-3.306616125814573 -3.78670717989932 -2.7850939819208027
-3.391122996591381 -2.9526870013812947 -3.2700402395976966
-3.034969984042428 -3.1164018559994 -2.8609104229664357
-4.398679404677961 -4.229297048998732 -3.162678798690918
-3.17918196265145 -3.3953598664453306 -2.9243145695938395
-3.699804049620599 -3.1862100135690357 -2.94688023953214
-3.4341697921005094 -1.6348647042730682 -4.385940931295498
-3.1713415032323327 -2.8494473597460175 -2.9435242723235726
-3.5471092374182125 -2.7849216172713067 -3.733025743100497
-3.0008822483579554 -2.9797922640464387 -3.187812698294941
-3.8183096375284618 -2.6561841847164467 -3.6330338466490106
-5.758991216037806 -4.444272178866639 -4.412749138483743
-4.726252815763921 -4.2347820956066595 -3.1040456222399144
-3.144336098292655 -3.316595044031591 -2.9514143525995054
-2.7229125431035923 -2.5057272506996604 -2.989392977519192
-3.449502129808475 -3.794618419288015 -2.7222301215897886
-3.874598526711198 -3.7172384740964395 -3.1239297753242283
-2.3699815149616112 -1.5831584193907031 -3.4624132267310648
-4.81428719587643 -3.5620800645398267 -3.7189854409768657
-4.439580553305315 -2.4694832676136786 -4.747352123789045
-2.9034796788911192 -2.324520151643465 -3.3556777219324614
-2.4597897736384704 -3.378571479258469 -2.761064449619278
-3.9644911215086602 -2.9411380079120217 -3.924260032546172
-5.8805011186228935 -4.44021727293135 -4.24239960193614
-4.760535861762281 -4.014309774847833 -4.071736939521269
-3.7412747223613643 -3.975402684182089 -2.7221940473470694
-3.60470449657674 -3.0784868020431104 -3.0014430717598595
-4.629719212961464 -3.13696808133849 -3.950819943105969
-3.553305413176106 -3.0870048547742073 -3.1816325081184957
-5.104416037685158 -4.089026885070225 -3.762531584106352
-2.692687718188364 -3.371948288286738 -2.864324650250132
-3.2914574249232604 -3.6732263747807923 -2.8633181489814183
-4.361417521345487 -2.620159796588874 -4.45437548986083
-3.9331734942415038 -3.683127575341978 -2.968002720302289
-5.590834621009209 -3.9924657348633357 -4.464555040905089
-3.923737751445851 -2.0401764025469267 -4.404192945267639
-3.7447247745069965 -3.6932415219316534 -2.9518378885011427
-3.0641876193458955 -2.373769241196884 -3.2533953797466526
-3.4541070816085235 -4.5573859934106284 -2.687919680916554
-3.550023902606216 -3.162711901847072 -3.438409475654026
-4.777789934819578 -3.2595803045262226 -4.061161742225709
-3.292153248266942 -3.3529871020712667 -3.119632247425971
-3.289927611761354 -3.7865841122002615 -2.9507575565855735
-3.3227146968981285 -3.289859326395578 -2.9441977152092504
-3.9883227413652613 -3.857104995679504 -3.1917129181925836
-2.6452395007883154 -1.821539137545327 -3.6797726712900434
-4.852972921092838 -2.347816160396099 -4.592645026956601
-1.5836168347556685 -1.460092838807805 -3.003894658242458
-3.8592575752946354 -3.369040039779907 -3.35244524090979
-5.776097408950175 -3.989823173808889 -3.984101328990088
-5.114661353270361 -4.621732005132799 -3.990174775749384
-2.603554985844364 -3.408373057701165 -2.744851028925933
-3.011419468109564 -3.37191017676761 -2.7760876126385434
-3.0380080697452803 -2.843741163204832 -3.2420961418726435
-3.0270943210957935 -2.0031450098663894 -3.7617451372603554
-2.894248344299155 -3.06772521736123 -2.9497337834951463
-4.188818596585525 -3.8980490700908024 -3.544389593645037
-3.552481790001643 -2.6790570220793777 -3.430817380189816
-4.9695493936716275 -3.7407153438518193 -4.119747442764296
-2.744634227861758 -4.017798247857348 -2.757975054407818
-3.516380560341689 -2.9242442186614825 -3.4827379726612153
-2.0854263087242995 -2.218729686849804 -2.9257399680387493
-2.699463212930252 -2.3568618159886174 -2.975865674705283
-3.578371224102702 -3.6974314002256543 -2.8201250907103392
-1.8938591850146993 -1.1966851560924496 -3.3170504910519045
-4.725879620417925 -3.020249862669914 -4.108744542155981
-4.6590261311190435 -5.121536874573561 -2.688212816639513
-5.034100061797809 -4.296423045879004 -3.92431892792957
-3.9562408227678194 -3.4219848808565407 -3.9320164055194624
-4.719775805544148 -3.6782765972882596 -4.205935324308257
-4.205160706148449 -4.236474373788078 -3.088156806922413
-4.608233545661456 -4.59727034578935 -2.8217038790014466
0.264 0.36000000000000004 0.33599999999999997 0.272 0.24 0.30800000000000005 0.17200000000000004 0.33199999999999996 0.24400000000000005 0.272 0.2 0.20800000000000002 0.31199999999999994 0.30799999999999994 0.31999999999999995 0.3480000000000001 0.30000000000000004 0.10400000000000001 0.38 0.236 0.376 0.28800000000000003 0.33199999999999996 0.164 0.22800000000000004 0.08400000000000007 0.364 0.31999999999999995 0.29600000000000004 0.18799999999999994 0.2440000000000001 0.356 0.20400000000000001 0.26 0.38 0.30800000000000005 0.264 0.29200000000000004 0.30800000000000005 0.25599999999999995 0.272 0.248 0.3480000000000001 0.376 0.248 0.368 0.276 0.364 0.316 0.38 0.09199999999999997 0.3520000000000001 0.20400000000000001 0.364 0.19600000000000006 0.20400000000000001 0.20400000000000001 0.34800000000000003 0.31999999999999995 0.22400000000000003 0.27199999999999996 0.26 0.256 0.38 0.252 0.252 0.392 0.25200000000000006 0.31599999999999995 0.27599999999999997 0.224 0.14800000000000002 0.31599999999999995 0.368 0.388 0.388 0.18000000000000005 0.268 0.21600000000000003 0.344 0.30000000000000004 0.284 0.268 0.312 0.3960000000000001 0.31999999999999995 0.252 0.38 0.14800000000000002 0.38 0.396 0.324 0.396 0.16 0.392 0.352 0.28 0.34 0.36000000000000004 0.248
0.008328694794541477 0.014807361448108713 0.010269365454694904 0.010281142966911853 0.009715061846106939 0.00851162802222413 0.010704641689984303 0.014936306455915344 0.008340670773704872 0.008409311040428682 0.00922462187069131 0.01065277799463333 0.0150073735901869 0.01666523939994103 0.008317054100847187 0.012256267151065734 0.010416436606536631 0.009472642496017728 0.008554118769825935 0.008594226603759893 0.008656559244947097 0.00917330783641085 0.009663114720529276 0.010907046837774995 0.00907088771338011 0.009260482774626133 0.008780798651619738 0.012584677143945053 0.008639223184022125 0.008365797722294453 0.008383870673175602 0.00949708529801488 0.008346859357815815 0.008639374307479434 0.011588837670119107 0.008427400222237164 0.00893462363799897 0.008227345946770045 0.009035701358811835 0.016778688723407043 0.010021309448367212 0.008310772160026991 0.008453093783285596 0.008803605225645085 0.008674395428291909 0.009451116401505498 0.010283218632783206 0.013346055018934027 0.00855924634848258 0.008520713500464867 0.009558498702870018 0.01620765106265658 0.011431136647971277 0.00907127691805017 0.008543501593969879 0.010423195789440948 0.008417334544738156 0.011259269244987106 0.00835575971672536 0.008496633179412242 0.011773981782950608 0.008804027971625685 0.015472438460397527 0.011475553050308706 0.008661732213886818 0.008538160675286741 0.009484557666679758 0.008495257374011507 0.01097481625073042 0.008280461809171564 0.008464670180288745 0.008381014789787403 0.008817509611073587 0.009363779870551165 0.013492342937210265 0.009974054878811462 0.00863614959102356 0.013866717781490095 0.012813175195243477 0.008515526165190267 0.008473350853108476 0.008273602953852252 0.009316555083780128 0.008279393677994068 0.009278640908552032 0.008638102389720948 0.011736798887582625 0.008771673565754893 0.008553837180027236 0.00880278329013955 0.008569981248476227 0.008696092512081848 0.01021778580490849 0.011037433974414926 0.011718544215800384 0.011801519104261542 0.009630438550438625 0.011548103325914482 0.009286197780585531 0.010468826986771164
-----
100
118791
0.1
-5.2460905486464435 -4.124119842207072 -4.23494577415561
-5.22733545478998 -4.313913056664057 -4.178162108344042
-4.707181851183946 -3.0365031875238184 -4.036584154817253
-3.541106166991487 -2.7037335463733285 -3.6973282738433175
-5.298959438537703 -4.248365875978859 -4.218712531184807
-3.7982215441840532 -2.965438768507033 -3.6980282636930104
-3.5855563189583566 -3.4190103830645238 -3.0302286977877744
-3.702926987091795 -3.0308509355042186 -3.4918986350356196
-3.735164862575206 -3.019518419642531 -3.6049965627507654
-3.8631507430910146 -3.130798635576542 -3.634187283776389
-5.281717313371955 -4.301781890296899 -4.2242020378960845
-3.381237730871983 -2.9642278558224033 -3.1933351801537206
-5.011437005602727 -3.4482424740909274 -4.1555162433486394
-4.836213184320623 -4.128770558452101 -4.09600545056643
-3.1988377580236342 -2.8298787355551878 -3.216272298295485
-5.051545129687857 -4.054616650863842 -4.104588961518679
-4.5915819189604665 -3.446036314537583 -3.8047768376005013
-4.59015328039945 -3.3938999649810953 -4.0318665906729825
-3.7948543142861593 -2.8295947292553425 -3.7189038077696432
-4.052896971440013 -3.515533810959625 -3.485908623992965
-3.763701745516612 -3.1033494363279512 -3.607483110984658
-3.9980753110485274 -3.292007308281934 -3.7151330964895917
-4.66363447358039 -3.6654332263156695 -3.936638660215318
-5.2149652725738305 -4.256391793109178 -4.195586991661744
-3.847233950529065 -3.1653562025172857 -3.366391983473499
-3.8644389284713148 -3.3173110656244935 -3.1434010721662253
-4.202786597629141 -3.0514873462810597 -3.811845916348698
-3.3697270066301463 -2.587230533256961 -3.5828826061010663
-3.220577779756228 -3.122495099578032 -3.045343122842442
-3.6955272896139872 -2.9488512380221117 -3.521877782607962
-3.6060022332698782 -3.8455778240680565 -3.069541597448322
-3.174875369636895 -2.687381330770829 -3.289793417626886
-3.2842524286976387 -3.0460537659627094 -3.0952663705511276
-3.609200214599089 -2.7584833344993918 -3.4236537050446247
-3.4930556009480633 -2.8386531625580114 -3.4776440862970293
-3.6137361239229677 -3.1693995949045517 -3.2384965861381474
-4.773241235282889 -4.238935359768757 -3.975284936372692
-3.632866705184444 -3.2114717947861617 -3.0833220130091314
-4.157836104612546 -2.863225659502891 -3.9864708948107244
-5.215045229545157 -4.318169884846441 -4.162244993242235
-4.077531760954851 -3.397801824794699 -3.6199915050601255
-4.872622051354524 -3.510947598253925 -4.094766610731936
-3.7866313143895702 -2.8210606450074325 -3.712834897827631
-5.032837248966454 -3.8412568977119452 -4.119934195358471
-3.5819903978111642 -3.13422052778387 -3.2095110264603313
-4.869222638431903 -3.8165898883118494 -4.218969488479375
-5.0764312460305705 -4.172779274831383 -4.180977761697822
-5.632939905601203 -4.4793663844549165 -4.254533857045338
-4.391950227678834 -3.6161691135393457 -3.795926362898485
-3.8844482068294357 -3.492279172610954 -3.2673900828725264
-5.65721598837017 -4.558958616569804 -4.1909461656703755
-3.306200657037469 -2.9082531694838485 -3.3706118382821506
-5.858556373570974 -4.835459138828794 -4.227911506717159
-4.678551371033059 -3.51958477205182 -3.795520385837465
-4.031202991924937 -3.159774972319781 -3.7879986646199457
-3.5278133492850716 -3.415451482303501 -3.067823214283065
-3.2699267796520277 -3.409063632783563 -3.0304819890673773
-3.885538744165947 -3.10552538729658 -3.756527119588147
-5.92370209010523 -4.923334049719176 -4.201064536817186
-4.5209670208921615 -2.9021865579332893 -3.9781857193062327
-4.71133805817421 -3.597259336786607 -3.8356066437598964
-4.1599902695547355 -3.1956839514182493 -3.8997811133527076
-5.257022004156469 -4.1054990646753255 -4.2684255025145434
-4.593303883849707 -3.62799049363865 -3.9461919009630733
-4.34941493846118 -3.1547404463703996 -3.7030955466074698
-4.305051204485832 -3.351405971548743 -4.05124574448678
-4.862165584601136 -3.9761753622601055 -4.06320441410816
-3.568869245355778 -3.685838240417942 -3.0646574010796868
-5.866655211632441 -4.963255677460214 -4.1605774399042765
-3.26906057986665 -3.219600436320585 -3.039271234425386
-3.57158918366927 -3.1247562993954183 -3.218220665151241
-5.07172311906207 -3.3457266479838474 -4.222176078519016
-4.366550949977466 -3.6477190005974682 -3.6465998546594336
-3.7139691690096726 -3.0730381246063723 -3.3131524946397723
-5.804138348263336 -4.8171085721982525 -4.190354706899563
-4.122158710570586 -3.3060590146782465 -3.4726750755547844
-3.79664519606761 -3.123553221379362 -3.3051898039937706
-5.02930166531012 -4.103903958958936 -4.0403660186955275
-4.049449066555081 -2.8062287301380855 -3.7915839243973775
-4.268791270805138 -3.469396172025087 -3.7217887987341873
-3.599432169141376 -3.131177595107578 -3.425415100894523
-4.274403549029072 -3.7219739689299676 -3.743565477859423
-3.487680455965784 -3.190764085661465 -3.3854530866915034
-4.651702758348484 -3.1638028685917137 -4.086110222198351
-4.273997954427195 -3.089845008428813 -3.8253212268073025
-3.9001063917881065 -3.1604084282324085 -3.5027712032741336
-4.208228848399152 -3.6052965261001497 -3.7568252594447533
-4.378744059113056 -3.122924656999632 -3.573536244640038
-4.174579003906461 -3.1130603361921234 -3.707697297174528
-4.208754417683452 -3.3150568272232745 -3.5266216452266987
-4.552583050526433 -3.542464794148817 -3.8276256736970242
-3.469448872109311 -3.276858330097807 -3.232578374979975
-5.756246943856565 -4.76312686932136 -4.193804872777952
-5.899973159304576 -4.739095274283865 -4.253272310842881
-3.8651864488453582 -2.7919634394650448 -3.5989948970166896
-4.286411847345473 -2.8531894165801477 -3.8563568190437967
-4.1700520754895285 -2.9627925303004026 -3.956038247201679
-4.744057307575663 -3.6674878798515635 -4.241274105544749
-3.551999200573305 -2.7607279496288597 -3.6085243547003234
-3.5889926616167864 -3.153843237213369 -3.189946323728174
0.09600000000000003 0.092 0.092 0.07999999999999996 0.092 0.08000000000000002 0.092 0.08800000000000008 0.08399999999999996 0.07599999999999996 0.09999999999999998 0.09999999999999998 0.09600000000000003 0.09999999999999998 0.08799999999999997 0.07999999999999996 0.096 0.09999999999999998 0.05600000000000001 0.09999999999999998 0.05600000000000002 0.068 0.052000000000000046 0.07200000000000001 0.09200000000000008 0.09600000000000003 0.064 0.07599999999999996 0.09199999999999997 0.08400000000000002 0.09199999999999997 0.09600000000000009 0.09599999999999997 0.08399999999999999 0.07999999999999996 0.09600000000000009 0.08800000000000008 0.09600000000000009 0.096 0.07600000000000007 0.08400000000000002 0.07599999999999996 0.092 0.09999999999999998 0.07200000000000006 0.08399999999999996 0.08399999999999996 0.07999999999999996 0.07999999999999996 0.08800000000000002 0.084 0.07999999999999996 0.08399999999999996 0.06 0.076 0.09600000000000009 0.09600000000000003 0.09599999999999997 0.096 0.096 0.064 0.08799999999999997 0.09999999999999999 0.084 0.07200000000000006 0.08400000000000002 0.09200000000000003 0.09599999999999999 0.092 0.09999999999999998 0.08000000000000002 0.092 0.07999999999999996 0.07600000000000007 0.09199999999999997 0.09600000000000009 0.06800000000000006 0.09199999999999997 0.07599999999999996 0.084 0.09199999999999997 0.07600000000000007 0.08400000000000002 0.07599999999999996 0.09600000000000003 0.06800000000000006 0.09199999999999997 0.09199999999999997 0.09200000000000003 0.08399999999999999 0.09600000000000009 0.07200000000000006 0.09199999999999997 0.09999999999999998 0.09999999999999998 0.06000000000000005 0.052000000000000046 0.092 0.088 0.088
0.010796292527834974 0.010939606501790435 0.010222519548248616 0.010327645837737001 0.011038302771881515 0.009377160279099215 0.009627072569895583 0.009111202421379482 0.00919242194387031 0.00897604882938364 0.01115465450629648 0.009764441727772522 0.01017143621998223 0.010007014663227705 0.01031961751222884 0.010019345899710314 0.008943153561829623 0.009421841028031761 0.009724791419042238 0.008663829416800595 0.009053233614551386 0.00886340675182393 0.009106570736257397 0.010846602297933015 0.00890755333550456 0.009216345426393893 0.009281397602555898 0.01076805521573782 0.010175090413330236 0.009272281392502775 0.010000942408557666 0.010681591006551317 0.010005784429708592 0.009775604962618067 0.009693107940857378 0.009166969010969575 0.009962922813426695 0.009497520118707305 0.010233842171364105 0.010882237078036658 0.008679227710027791 0.009708035307440611 0.009740869671080505 0.009865004576350343 0.009277972569358722 0.010094533229150061 0.010476300170833367 0.012612886079435313 0.008817426224624825 0.008904124082771256 0.012753862244768847 0.009817305440711657 0.015178728727317696 0.008972774900492371 0.00909942391479538 0.009546620961047721 0.010033730514980117 0.009200278700170919 0.016066278025581263 0.010236952815635967 0.00900665033865302 0.009268549491656647 0.010931409040606646 0.009097174216612646 0.00901650204648165 0.009547607646750758 0.009676132092239572 0.009747327648240179 0.015941496123779708 0.010024715709230133 0.009280185724075726 0.010732082926675724 0.008719432776116663 0.009119676198418981 0.0146600793635588 0.008724221233132977 0.009038308657395357 0.009917856964578522 0.00983797322032062 0.00872411874670455 0.009066775993358986 0.008837339665211143 0.00915896184273881 0.009999059678776795 0.009247120418899931 0.008840995742982949 0.00880092172980145 0.009088097062409319 0.009011704643267391 0.008724087207530679 0.008895934471969793 0.009252416271768434 0.014131282702979656 0.014900563766183985 0.009616695483448122 0.00989651777209879 0.009856778039309358 0.010141832772055014 0.009958325999038274 0.009291294790936074
