3
100 100 100
1143 4194 135802
0.8 0.4 0.1
-----
100
1143
0.8
-2.6209267581430757 -3.4401765115183665 -2.6072232940138105
-1.3410640273957792 -0.6324375023329623 -3.522627636677589
-2.4830300468559297 -2.869439381755639 -2.7961823191750503
-3.9137245296160157 -2.9657663585495677 -3.8021087419819706
-2.7221435748618887 -0.5314649006519634 -4.746893259098046
-1.4550461701056143 -1.6668892819917538 -2.562890660803919
-3.9791066723700013 -3.863811931728334 -2.7762519413622226
-2.423440952236652 -5.630262451150795 -2.540768990565481
-0.5373315867062889 -0.5310558446426441 -2.8764405083435385
-2.3002540441730472 -5.8091507694689675 -2.5400404245816994
-3.6869084231413387 -1.3823049675754202 -5.095249968618651
-3.4246873259775996 -5.522855247450177 -2.620706373075952
-3.977098813770705 -4.305506575743447 -3.0195254646970895
-4.362650131692113 -4.332912900677329 -3.6901005286246567
-1.9064229616663617 -1.543216706702431 -3.313829754655141
-1.1403611718562203 -3.4855620208980804 -2.535902215713382
-4.227609633597422 -2.5096323261002853 -4.715876191157745
-2.859051076688894 -3.7130010010206345 -3.018532337895267
-2.251703106495524 -2.266230856963336 -2.8336628899348675
-2.805353634107668 -4.681332647159142 -2.7082378470026693
-5.4334967203598925 -4.838030739154165 -3.5654512992405065
-4.847894090173911 -2.017760745871462 -5.307458491895751
-3.2882654546115178 -4.754406869099973 -2.436890911495912
-3.5431504737612727 -2.1061555579201703 -4.099585210270801
-0.496907247408779 -1.7311393890773115 -2.6937361795960055
-5.133761288274174 -5.686073977896872 -2.808915693087366
-1.3181533817848248 -0.2654750506227117 -3.8290229350706966
-4.387430053799223 -5.089653701494889 -2.647157688123964
-4.9935566101781905 -5.072614273914644 -3.4688035605782406
-3.6554751191923156 -4.136844251297067 -3.222034121370546
-0.20729420493231032 -2.2719552087990786 -2.495106850458742
-0.2824885805300692 -5.557136856389658 -2.76945608283528
-1.0685298878313478 -1.9153982369897857 -2.6673649294462423
-1.67326298148358 -4.466964867958733 -2.6233533874287027
-1.565417282315467 -1.589092260003767 -2.9785015282010328
-3.9697752342392216 -3.806256579489995 -3.353198674274293
-2.893477034572863 -5.137741122336369 -2.7868299991920633
-2.4212573517272804 -4.563979223840109 -2.770214434526811
-4.635465021460698 -3.0315333744159974 -4.183913524377742
-3.3453113864382136 -2.962160373341327 -3.526935776165254
-0.9283875647146456 -0.8920705499447106 -2.789750598836001
-4.70767705323141 -3.8770689119000536 -3.8693991814359623
-3.9745181451939993 -1.1638657435252835 -5.572260561142567
-2.523453517079595 -3.0574994823386965 -2.7261734980504873
-4.966335020177516 -4.986840116668592 -3.045178903032586
-0.7210750285501479 -2.8330652145699307 -2.4436557555882437
-3.3664420955698136 -0.29590519844180996 -5.603045810383974
-4.584730026804598 -5.413718805249516 -2.7855349032243137
-0.49880477710933135 -2.7011293660661337 -2.551827473458307
-2.1459677256758263 -3.032514886196194 -2.7206548257546563
-3.391003940909296 -5.524653279564735 -2.653821975595175
-1.9479474425669974 -0.5214209131458682 -4.090256006337688
-4.379932558507523 -2.361848297710652 -4.310621663313482
-2.6257792807466656 -3.009299683987498 -2.554499583762969
-4.739946911110879 -3.110084392659418 -3.4956822525863513
-0.8206993885345399 -2.507075670359662 -2.6303395234048956
-3.1568451386463035 -3.279115066938696 -3.171612092440687
-0.18239804526077474 -1.0204335622637863 -2.585218019449193
-0.610135732550944 -1.972564774860829 -2.5174224247452432
-5.199829946779113 -5.407710212340486 -2.952554197452107
-3.6838316445724164 -5.816751162434409 -2.770541843862674
-0.7100820137647457 -3.0644796305752013 -2.7528985883902815
-0.3294131299610381 -1.5719042239088186 -2.7943879683012973
-4.618198275374391 -5.798690347815293 -2.684251438677343
-1.4238075913777717 -2.8701214449593833 -2.8219053326420163
-3.621227436404244 -0.7915620308639308 -5.5537901548976505
-2.9703834517742136 -4.550955056456474 -2.6034774437780848
-4.97696406949686 -5.861066514009215 -2.5085351269069873
-0.7952713443056316 -2.345261981487115 -2.573507722883948
-4.2543786805376795 -3.976262616674113 -2.9592123337517924
-5.901635359436531 -5.49521142825208 -3.15163333037266
-0.2360258197722711 -0.9764059821229019 -2.5216800341727525
-2.254401924090481 -0.695054886672092 -4.2203300472276
-4.718776847984422 -1.762711771499541 -5.456185322338993
-1.774380283033092 -3.145622761138976 -2.795791215459963
-5.750110394461121 -4.395862189673837 -4.3834224799161525
-5.013594328198126 -4.704027169720852 -2.8913676669611497
-0.1855549481458194 -3.989728140566623 -2.6620309091487737
-2.684310325552867 -1.6678404969410696 -3.593646994214833
-4.864403951527348 -2.085533494452268 -5.269402088007539
-1.8727756945762444 -5.986589077158207 -2.6602718127615255
-3.079308014698129 -3.694556267814131 -3.005575858554754
-4.668375147665678 -3.900734770377035 -3.3332443703674555
-5.667553146917879 -3.057275189126524 -5.452983920988551
-5.6939771113117 -5.95224446900672 -2.7057916492027427
-2.0005827287687903 -0.5787025296331123 -3.867189266203201
-3.5567901042386256 -4.207582046146957 -2.6899404362030594
-3.0578110377936327 -3.0655679426686513 -2.9774851740151513
-1.9198799294536375 -3.5110393892030602 -2.64742621885513
-0.7865679103991381 -3.190231661841634 -2.7361392738121935
-3.6671191452981393 -5.104627768534671 -2.589194540705061
-3.0660825253805126 -2.1849998689066723 -3.204869326295856
-4.660263560315174 -2.790899875280184 -4.436597586270366
-1.4294180695123568 -1.09713057323758 -3.304094553682658
-3.8534366600895114 -5.370788293689836 -2.7616865713228913
-2.350199293412635 -1.5280255846215756 -3.2873682191588203
-3.2678322563843647 -3.124837863379177 -3.4962051349881333
-2.6040811561388995 -0.7056521079593363 -4.259534837001896
-3.9027057828179896 -5.722066972483216 -2.481139098889544
-3.9055470556492793 -3.2481361289975763 -3.8074294007547924
0.492 0.612 0.208 0.24000000000000002 0.596 0.792 0.5760000000000001 0.58 0.5 0.592 0.732 0.45999999999999996 0.396 0.776 0.728 0.6 0.588 0.768 0.36 0.48 0.78 0.744 0.776 0.24 0.5 0.78 0.624 0.38 0.528 0.6880000000000001 0.6719999999999999 0.696 0.44399999999999995 0.43999999999999995 0.452 0.388 0.708 0.6759999999999999 0.66 0.724 0.6320000000000001 0.32 0.696 0.268 0.6839999999999999 0.76 0.648 0.712 0.5680000000000001 0.36 0.46 0.45599999999999996 0.776 0.612 0.708 0.44799999999999995 0.6080000000000001 0.5800000000000001 0.6519999999999999 0.612 0.476 0.652 0.712 0.54 0.728 0.652 0.48 0.628 0.556 0.28 0.7879999999999999 0.748 0.43599999999999994 0.30400000000000005 0.6639999999999999 0.12 0.512 0.476 0.356 0.752 0.492 0.712 0.5159999999999999 0.776 0.792 0.6759999999999999 0.392 0.27599999999999997 0.384 0.652 0.5 0.684 0.21200000000000008 0.732 0.688 0.6040000000000001 0.7 0.752 0.688 0.716
0.010000000000000004 0.010000000000000004 0.010000000000000004 0.010000000000000004 0.010000000000000004 0.010000000000000004 0.010000000000000004 0.010000000000000004 0.010000000000000004 0.010000000000000004 0.010000000000000004 0.010000000000000004 0.010000000000000004 0.010000000000000004 0.010000000000000004 0.010000000000000004 0.010000000000000004 0.010000000000000004 0.010000000000000004 0.010000000000000004 0.010000000000000004 0.010000000000000004 0.010000000000000004 0.010000000000000004 0.010000000000000004 0.010000000000000004 0.010000000000000004 0.010000000000000004 0.010000000000000004 0.010000000000000004 0.010000000000000004 0.010000000000000004 0.010000000000000004 0.010000000000000004 0.010000000000000004 0.010000000000000004 0.010000000000000004 0.010000000000000004 0.010000000000000004 0.010000000000000004 0.010000000000000004 0.010000000000000004 0.010000000000000004 0.010000000000000004 0.010000000000000004 0.010000000000000004 0.010000000000000004 0.010000000000000004 0.010000000000000004 0.010000000000000004 0.010000000000000004 0.010000000000000004 0.010000000000000004 0.010000000000000004 0.010000000000000004 0.010000000000000004 0.010000000000000004 0.010000000000000004 0.010000000000000004 0.010000000000000004 0.010000000000000004 0.010000000000000004 0.010000000000000004 0.010000000000000004 0.010000000000000004 0.010000000000000004 0.010000000000000004 0.010000000000000004 0.010000000000000004 0.010000000000000004 0.010000000000000004 0.010000000000000004 0.010000000000000004 0.010000000000000004 0.010000000000000004 0.010000000000000004 0.010000000000000004 0.010000000000000004 0.010000000000000004 0.010000000000000004 0.010000000000000004 0.010000000000000004 0.010000000000000004 0.010000000000000004 0.010000000000000004 0.010000000000000004 0.010000000000000004 0.010000000000000004 0.010000000000000004 0.010000000000000004 0.010000000000000004 0.010000000000000004 0.010000000000000004 0.010000000000000004 0.010000000000000004 0.010000000000000004 0.010000000000000004 0.010000000000000004 0.010000000000000004 0.010000000000000004
-----
100
4194
0.4
-1.1478711967484132 -0.3071794657554783 -3.548692931427798
-4.123316567318414 -3.3245520453304587 -3.522698450495998
-2.652041368040172 -2.7788355302819783 -2.947405849610541
-5.505701927951586 -4.912302492990577 -4.043704979029258
-3.2064364337588125 -2.194114166749019 -3.593231495448672
-3.902600319866949 -3.6617528328001727 -3.243733784704471
-3.8045970018696993 -2.9901418071690005 -3.482321790553572
-3.905527135290833 -2.5758689305488485 -4.007379255640538
-3.5714382300998997 -3.7169726977395197 -2.7969000226953247
-4.621166640995238 -3.859120680303134 -4.002113193938244
-2.5582421543248435 -1.996965955784301 -3.250201561312047
-2.4612478227675014 -2.436989324544183 -3.0053436213742453
-2.5562915650756457 -3.0600059129827333 -2.7283309539358744
-2.694251191904737 -5.174172425258634 -2.6698301994602827
-4.012379258835332 -2.4311466722761215 -4.322762059282903
-3.449034052765221 -1.866056824097373 -4.157881115548726
-2.43369122471483 -2.96123729432934 -2.7509653635086573
-3.2176177159258326 -3.18302745760463 -2.838201743365907
-2.9650018114627885 -1.9767911297574288 -3.7355823189888095
-3.083280964047474 -4.34980302179565 -2.6810612911431067
-3.703238485901492 -2.9758466307841527 -3.452630143498246
-3.770010808392453 -2.272288562853811 -4.154552903442561
-3.202984902982097 -2.99961589963498 -2.765501693821955
-3.9563758173883166 -2.294825609550955 -4.179196224017344
-3.4538135638654937 -2.2066831027122458 -3.8572179977278425
-2.5001240759181145 -3.6273010778979264 -2.7050848894100614
-3.695030416196235 -1.8065106663506585 -4.479300839093043
-5.03719927603279 -3.0011445117903484 -4.742547064389107
-3.37538738222142 -2.578347757870196 -3.5962551533478826
-4.084482203598736 -3.821833909857042 -3.3613133180522268
-5.5791511948145605 -4.668641665788418 -3.7052863293050864
-1.860310959888649 -0.8350485324597415 -3.717758802351165
-4.674883635210219 -3.119123441814114 -4.473324074883171
-2.32938405756275 -2.116265980976713 -3.097101293016503
-3.5298383663605897 -2.1637313208727624 -3.8743429688029
-4.190883441665937 -3.6462277885333205 -3.3221544031695833
-2.258537745772759 -1.6399664710426936 -3.4207121915657064
-3.4767255928717375 -2.1264163815868753 -4.1249584570686935
-2.4169302799772665 -1.622722159769891 -3.460440894013713
-2.1476186945031825 -2.554913235976179 -2.788465375466374
-2.784397537811867 -1.7273831792278607 -3.707904347594054
-2.626286129583273 -3.0079507110596655 -2.7234835421770005
-4.443590591452161 -4.226467852995796 -2.9648295478255315
-2.4961991391596383 -2.74895329530522 -2.8389594631685724
-2.286945021225766 -2.397119122029695 -2.8966434088017787
-5.752919163093997 -4.245281739802443 -4.36549468740655
-3.8769742981721524 -2.8688512163742574 -3.962442757383709
-2.3405968367054912 -2.612609360825044 -2.855957994318837
-4.758720895617991 -3.2541110311576835 -4.435152106378747
-4.533552172174958 -4.781593970146252 -3.085129620522256
-3.636054359910855 -3.697113615679105 -3.021774207614697
-3.337745343745437 -3.3846143270149147 -2.7772081039065863
-2.9932389417254823 -2.8604347438097966 -3.0936998004210006
-2.987613201705392 -3.1624102841651816 -2.812722846094715
-2.8622847388976562 -2.6164649153594928 -2.982719532659003
-3.858708716372456 -3.1654484485484584 -3.413313110291428
-2.186407542561233 -1.8945365655105995 -2.973873751937799
-1.8502832928393402 -1.2938568945141111 -3.2920640382285598
-4.720251785507066 -3.7702943059727247 -3.7581790190574402
-5.6326041480449405 -5.088560603142211 -3.9692664775530697
-2.8613914514253724 -2.449404302932929 -3.149585325902007
-3.7206979156548736 -2.8690068247859566 -3.5204122549153896
-3.4149834502604963 -4.069752554766253 -2.7777344111682365
-4.280260092371295 -3.404838104922782 -3.453633724102244
-3.0392666265358934 -2.3426757445746778 -3.3868636357749833
-3.322297117557073 -3.390615526173976 -2.798518599342056
-1.817983567536324 -1.836200591010014 -2.988005908770228
-4.708859682498212 -3.759739159018964 -3.7461523803695225
-4.787006886036869 -3.385957704908042 -4.10444149138775
-4.980692089359079 -3.2391079712887163 -4.456716807541664
-3.065581332845715 -1.935114661060746 -3.8214374012588856
-2.3281058677410402 -1.5028806520113742 -3.5007875709195586
-3.8451928669488735 -3.562143765834774 -3.0286852327299547
-3.7452311249280785 -2.603787255046468 -3.7845560171147223
-1.9452042052028127 -1.9105433705075465 -2.9343220181709713
-2.6271517597119036 -2.4016805223796074 -3.137098035440129
-4.150452379397037 -3.9043622275011876 -3.8636233052187183
-3.001977687935697 -2.5429065877248997 -3.1088095100950515
-3.875775048433821 -2.212391611389914 -4.104391736479486
-5.196885030469122 -4.980718252055696 -3.7415331658811573
-2.129344189849324 -2.967410561980181 -2.707861850074998
-3.260869492599781 -3.923684854850908 -2.841721047845724
-4.2961592927647585 -3.9366721916799152 -3.8193862040717055
-2.847723200598282 -2.593133654801248 -2.9786020870335483
-3.835874344023685 -2.495244209976967 -4.2326737329236765
-3.8891058625508106 -3.0253067875025157 -3.348761820638803
-5.52033961745868 -3.362645097835047 -4.936968003458485
-2.622996901747518 -2.753812679544662 -2.8524828139288383
-3.3704046881757863 -3.665730045205379 -2.980675127756858
-4.066190638833619 -4.836581875110564 -2.9928109261644593
-2.2391279112296916 -3.0513576297966662 -2.6859969315580456
-5.4937477538826 -3.428530782498502 -4.789298159737133
-2.870797684880919 -2.608693837928874 -2.990947504036146
-4.848199536616427 -3.8020519757502176 -3.9647032088161676
-2.699491947058132 -1.872730918933514 -3.5147980099871465
-2.685273168048915 -2.6039878955847584 -2.9833615545587056
-3.638044920130449 -2.9120139591476013 -3.4850742546723135
-2.5420094294640494 -2.4327440954683643 -2.7712937732626273
-4.381612904675247 -2.9491634954619466 -4.2640091442995045
-3.8425533428175576 -2.7647440963716785 -3.9437192485236228
0.388 0.30400000000000005 0.23199999999999998 0.23199999999999998 0.288 0.38 0.136 0.11200000000000004 0.316 0.328 0.244 0.30800000000000005 0.28800000000000003 0.396 0.31999999999999995 0.31599999999999995 0.248 0.34 0.284 0.344 0.21600000000000003 0.18 0.36000000000000004 0.38 0.17600000000000002 0.392 0.244 0.356 0.124 0.392 0.29599999999999993 0.38 0.108 0.352 0.144 0.18000000000000005 0.392 0.324 0.31599999999999995 0.336 0.30799999999999994 0.28800000000000003 0.33199999999999996 0.216 0.268 0.31599999999999995 0.232 0.364 0.15199999999999997 0.39999999999999997 0.35200000000000004 0.39599999999999996 0.128 0.34 0.28800000000000003 0.136 0.388 0.348 0.36 0.388 0.364 0.22799999999999998 0.20800000000000002 0.396 0.21199999999999997 0.24399999999999994 0.364 0.34800000000000003 0.21600000000000008 0.388 0.244 0.276 0.272 0.08400000000000002 0.2879999999999999 0.264 0.26799999999999996 0.268 0.24 0.356 0.316 0.252 0.364 0.264 0.128 0.352 0.388 0.16800000000000004 0.32799999999999996 0.348 0.352 0.32399999999999995 0.18000000000000005 0.344 0.188 0.16000000000000003 0.20000000000000007 0.3999999999999999 0.276 0.11599999999999999
0.014343403703431063 0.00904855949586632 0.008250427616272963 0.014490777849940073 0.009327966687082188 0.008416687736652759 0.008857281572140887 0.0104507232283631 0.008291233542263146 0.010985740589386466 0.008989050083901318 0.008483932605310955 0.008306214027522713 0.009413403413322956 0.011887507986465417 0.011397494091422922 0.008333051843349334 0.008250435386756494 0.009773440362097721 0.008390250565150768 0.008741611267703179 0.011117476057078125 0.008456280619208511 0.011379582639235865 0.010017526553326864 0.008242224416668106 0.013031533508742128 0.0160653389895536 0.009028508113436178 0.008662233360994798 0.012701299058540583 0.012133026473758631 0.013350205521410837 0.008798897285392135 0.010171480391439358 0.008767179178546618 0.009655192308039452 0.010951133050127161 0.009720126201116059 0.008595537189816841 0.010025023995593052 0.008337849388215628 0.008969374683611907 0.008349713237999757 0.008592467999312976 0.01679159021463955 0.010067376557141076 0.008442322305496843 0.01330442570377639 0.009292546114687501 0.008173406477507457 0.008286598459175842 0.0082177443805164 0.008201473275971465 0.008395641314525614 0.008714256591524475 0.009126708998338597 0.010263848108546157 0.010302847252078013 0.014853254598970373 0.00851455739628351 0.008921778986539307 0.008227538771044622 0.009110433306791082 0.008812846534195909 0.008248313670677075 0.009307473587754349 0.010249295081688916 0.011699284672302369 0.013976115674773075 0.010067727022778765 0.009987604241935783 0.008366871817587093 0.00965835057059468 0.009182307855976297 0.008510652762368074 0.00987321748329791 0.008475599736043699 0.01112179473936047 0.01207198280880969 0.008474274174365805 0.008096873602324452 0.00988492892193874 0.00841407393100819 0.011271143533639852 0.008780188775566333 0.019913804165331558 0.008336548905813264 0.008054055519312224 0.008830484006052883 0.008433785939352975 0.018383726068869788 0.00840091991123487 0.011246259240060414 0.009440552090046607 0.008365029324927067 0.008774536747676236 0.008702000900792246 0.011787003535630575 0.010043619756789645
-----
100
135802
0.1
-4.420955248648781 -3.0681836294696314 -4.074349762513143
-3.3771057160795737 -2.3765577449656883 -3.718774678208411
-5.79755110579472 -4.437043848269517 -4.340364536859654
-4.2988634767324765 -2.8804427448347516 -4.318796144829506
-4.778466504260147 -3.1894021192533657 -4.481660819682373
-3.5847811063058304 -3.0064647320274496 -3.329808170594171
-3.025820088840823 -2.91521685909943 -3.0657042405274715
-4.2793900059869046 -2.4521469216686747 -3.9043076051955174
-3.9506938332560835 -3.082770680884093 -3.7824461289632376
-2.6449343439437953 -2.3177753211877037 -3.2239982559595286
-3.1863911575767823 -2.37406281300449 -3.468843795039363
-3.6937754346143263 -2.7184018461731845 -3.5049009099563935
-5.918455295062073 -4.301829347289747 -4.507635969190185
-3.3668525397799454 -3.484473860559068 -2.9193583961379432
-2.8941790320209333 -3.0192326524741615 -2.8757519085221075
-2.729320921302172 -2.7800267846358824 -2.9397377306231034
-5.980376558096307 -4.396697645702893 -4.481493476591646
-3.21810216984879 -2.828714489903407 -3.1740504426267178
-3.072780274695682 -2.6485385732877478 -3.2779106437217833
-3.5062821819727015 -2.6030898922418193 -3.6498424856116927
-3.2733173764919914 -3.665054030169178 -2.851856333122564
-5.702724999827763 -4.160258722368721 -4.472840960125108
-3.332674318900592 -2.6780395155171224 -3.4295529119964776
-3.9530723499827105 -2.6550089740008254 -3.9036400775236144
-3.427142814122537 -2.3011900833225445 -3.7336996866422787
-4.3435236667989825 -2.758989138191072 -4.187517726551537
-4.9614156807347785 -3.3540638863037784 -4.227797799512417
-3.2184467958005203 -2.612316203728306 -3.342218905551947
-4.272907941151582 -3.011700519734281 -3.987142609199375
-4.101284663150819 -3.1708560290822168 -3.7971276436164088
-3.1058404675314994 -2.3762654445993032 -3.513877086430855
-3.3647508037058897 -2.7355522029328707 -3.3114256117291037
-2.938200176640057 -2.4040535586115985 -3.3784800780815103
-4.455721711396771 -3.225454707890318 -4.110020843441119
-3.9435455267519277 -3.161997838869215 -3.4154910375479335
-4.026600455412818 -3.0362450443402356 -3.9177512163331496
-4.197321330069515 -2.7358053964949023 -4.344249412329357
-3.505134454659543 -2.8887279515433755 -3.2046319604143516
-3.3507645613538095 -2.71279065438694 -3.3063166417079204
-4.587584583587765 -2.602779844159063 -4.301686853196753
-2.9542868015411767 -2.884545603464285 -3.019497815377788
-3.2744447140827586 -2.5915046127049415 -3.3867957979457364
-2.9146983965113917 -2.2129005436935234 -3.3997414979735363
-3.4731323979396382 -2.8500239202685216 -3.557785777637466
-5.729717484960339 -4.173108422527762 -4.464445818186189
-3.988073244289364 -2.5522763179888712 -3.9277345638730727
-3.018735452569651 -2.7622970791752595 -3.1079943034275592
-3.4195274584906103 -3.125531017980478 -3.170571683946364
-3.0194845512936417 -2.294733398891749 -3.385001853355911
-2.904259897528084 -2.440793477386327 -3.3028586219753353
-3.1202466369203314 -2.898865545705884 -3.0928579861485437
-2.8212684410915543 -2.8356983049469746 -2.937813920449296
-3.59007639347099 -2.700620983559931 -3.4797768291015196
-3.2371103979541815 -2.1838890025615663 -3.7601304736733825
-4.616902656726582 -3.221438946594928 -4.177472145345983
-2.632161530671422 -2.4765872907342716 -3.0341368692292927
-3.8233377999855636 -2.779611866952177 -3.6480981980691176
-3.3337439047564037 -3.1039280645308995 -3.0896907399208398
-3.3831969268015225 -2.6792673836799024 -3.618812338009635
-2.954644038839841 -2.5144272420871645 -3.261546281525005
-3.3596725164699492 -2.214366255480468 -3.848921659044496
-4.072672086474858 -3.0979479672885066 -3.862569674498
-4.319393860437184 -2.88544713876635 -3.827058218939939
-2.9782486621657185 -2.8801170701546734 -2.9498525364239927
-2.936528216432555 -2.640846775762112 -3.115577354016374
-4.248288431964006 -3.109081971377231 -4.040186096721784
-2.8521062741945244 -2.5599333831688016 -3.115460584921374
-3.278966439829359 -2.6069565277840456 -3.3648032335183333
-4.734642530263607 -2.655725469356834 -4.390624400713269
-3.1630761341982434 -2.9878970167511167 -3.070949446947355
-2.774479864361586 -2.327622243138964 -3.3337318852964666
-3.3444883359022803 -2.3566668945762657 -3.6354031729960816
-3.1079189419996043 -2.1651610586290126 -3.6148400378163226
-4.04475762210474 -3.068346965335202 -3.7742020737994015
-3.8064265192809006 -2.4681859350139232 -4.033329127270759
-3.214363197052175 -2.6747244662613503 -3.3747213431535523
-3.1175662633749104 -2.7257538355811524 -3.0531040150432034
-4.568278759081358 -2.703637675599149 -4.422929842830713
-3.2786120410967157 -2.620200642510342 -3.4792073688978387
-3.213064832303353 -2.6629184759420155 -3.318670486653538
-2.9207327624135875 -2.608129769582289 -3.1704889744494866
-4.4542859794083665 -2.932230621805766 -4.272914009121615
-4.650520138925304 -2.9691567243531765 -4.3623557869790925
-3.2172481239838877 -2.3456754555788457 -3.5691776439913903
-5.367993061673648 -3.8002600822509383 -4.470584690060993
-3.349150174572159 -2.800889697195975 -3.243899613155742
-2.6337568152905426 -2.4039885110572454 -3.124109887239344
-3.081695941834266 -3.3035000149579012 -2.9025670181656738
-5.07253516447722 -3.5126098986499796 -4.4398616841793
-3.520354732706454 -2.789937165891775 -3.446243226892311
-3.457746735751263 -2.7657398674453684 -3.554492930029026
-4.114460349478191 -2.545059403693868 -4.233979474083284
-2.854625714364366 -2.3448351712950344 -3.2906052549360894
-3.5216671239921475 -2.459326985159293 -3.7875688599072346
-3.364982095337932 -3.5053103858324084 -2.889724991162704
-3.5380136989757416 -2.6263383825005477 -3.674742469938158
-3.058867766632197 -2.78701558430138 -3.05197838451749
-3.3503080895051776 -3.4882824596812583 -2.831559193493809
-2.973888199533901 -2.667750246365654 -3.116781489641677
-4.427314217593153 -2.951824159735477 -3.8641343045850443
0.076 0.06400000000000003 0.08000000000000002 0.08799999999999997 0.09199999999999997 0.08400000000000002 0.06400000000000006 0.06000000000000001 0.07999999999999999 0.055999999999999994 0.09199999999999997 0.08000000000000002 0.09199999999999997 0.08800000000000001 0.09999999999999998 0.09199999999999997 0.092 0.09599999999999997 0.05600000000000005 0.07600000000000007 0.09200000000000003 0.09200000000000001 0.07200000000000001 0.08000000000000007 0.09999999999999998 0.07600000000000001 0.08799999999999997 0.052000000000000046 0.08000000000000002 0.08000000000000002 0.09999999999999998 0.048000000000000015 0.08000000000000007 0.06 0.09200000000000008 0.08000000000000002 0.09200000000000003 0.07999999999999996 0.088 0.09599999999999999 0.09200000000000008 0.08800000000000008 0.09599999999999997 0.08800000000000002 0.08800000000000002 0.092 0.09599999999999997 0.09200000000000008 0.09599999999999999 0.088 0.08799999999999997 0.09199999999999997 0.09599999999999999 0.08399999999999999 0.068 0.08000000000000007 0.092 0.07199999999999998 0.08000000000000002 0.09999999999999998 0.088 0.07999999999999996 0.06800000000000006 0.07999999999999996 0.06 0.09199999999999997 0.09999999999999998 0.088 0.08000000000000002 0.08800000000000002 0.08 0.052 0.064 0.08800000000000001 0.08 0.08400000000000002 0.092 0.084 0.09199999999999997 0.04799999999999999 0.07600000000000001 0.06000000000000005 0.09199999999999997 0.055999999999999994 0.09600000000000003 0.08399999999999996 0.09199999999999998 0.08400000000000002 0.08800000000000008 0.08399999999999996 0.084 0.09199999999999997 0.09599999999999997 0.07200000000000001 0.09599999999999997 0.068 0.08799999999999997 0.09199999999999997 0.08 0.07200000000000001
0.009795705947431703 0.009129837124468982 0.017576518873806384 0.010784283170821021 0.012116861724223549 0.008673390062100772 0.009267093903025948 0.010043627323216571 0.00884113559559104 0.009725899300994392 0.008949046097209895 0.00864267226259736 0.019015896237973055 0.010437134731008355 0.010175950763919863 0.010004357976902079 0.019809680315441655 0.00888596130450193 0.008834572514538326 0.008730394282196397 0.01133710913672454 0.01660986656691139 0.008607185543918337 0.00923629405035155 0.009279333804067473 0.010340928910680652 0.011218962188135236 0.008721840865816174 0.009429195830761888 0.00897421692991784 0.00901176941400344 0.008664741898685815 0.009091469764361822 0.00993153257611925 0.008877830538221736 0.009097602887767014 0.011046951933083152 0.008851397332590306 0.008680648926876481 0.011585984593939648 0.009457344224085997 0.00869270076532158 0.00941050022095336 0.008550073365029155 0.016758895482901087 0.009463346283891751 0.009138239474480198 0.008994237581217496 0.009173614755861795 0.009120930994058186 0.009125587225373715 0.009888464486527526 0.008608035148433791 0.009655043574215504 0.010353005153193717 0.009966063177713593 0.008699926573248768 0.009189566014994752 0.008670940019529647 0.009037531069457646 0.009766529123511971 0.009023658736912545 0.009316393307905568 0.009688170598472755 0.00922351537251943 0.009527868267017256 0.009358273802183745 0.008693626746379527 0.012283000059705262 0.009203871175530697 0.009410971043648741 0.009042155098371791 0.009494186101043295 0.008881847957222279 0.00982686713243033 0.008667054360467519 0.009251179517517161 0.012003089159690151 0.008655214612929592 0.008713551567658144 0.009139424175026643 0.010643755280182028 0.011338414526831896 0.009033216805868098 0.014007540675212368 0.008742806679483094 0.009804419272540839 0.010255942785555373 0.012530012305923956 0.008554853645133281 0.00856507966855275 0.010704182754451412 0.009306256535881277 0.009112411719149192 0.010640702819969285 0.008738280596871466 0.009265151100600874 0.01093505421259541 0.009176536164667022 0.009486005738993705
