3
100 100 100
716 3876 164700
0.8 0.4 0.1
-----
100
716
0.8
-4.018106979000001 -5.144697311288466 -2.0002713373172902
-2.3146142792458466 -3.648613697237113 -2.4319258171239007
-2.3558485743879656 -2.867230957633955 -2.787640959146538
-4.1874747556711425 -0.38138349457642917 -5.952629000137758
-4.371650719023188 -4.5067289313163315 -2.910087112377444
-1.3117344392875099 -1.5260138327090331 -2.2586630075145755
-0.434631118203443 -4.220995913343465 -2.3472758300844236
-0.7882066982620302 -0.08819010676013761 -2.9906974314286847
-2.3266375662085848 -1.7381929400539455 -2.8359104045206465
-1.3571570169178742 -3.371562428523529 -2.469795364961896
-0.4832507173559337 -0.22200918328970953 -2.5757071916866816
-5.550486354955593 -2.7887539789268696 -4.942756948712482
-2.06237994888285 -5.005527724121036 -2.4487095993812074
-0.7087611961613529 -1.9042816344017313 -2.082613629454806
-1.9218619821987648 -5.620248816855671 -2.1640899856198117
-1.860155101836824 -0.6234291804304606 -3.676297517599625
-4.192094196983351 -3.1490110565144276 -3.3292099566813618
-4.535253541056662 -2.9323626449081424 -3.3452953324265815
-4.935858805024136 -4.483815256870144 -3.4118358722644055
-1.8617982526941645 -1.0927315508418207 -3.3097324034296514
-0.8851353394565136 -2.215571437254684 -2.250271088280229
-0.36951092270061814 -1.242369004588114 -2.45392559526182
-0.761745037284772 -4.673908214921797 -2.3049566022572026
-1.534545324662984 -2.6065501983702473 -2.0157004064568973
-2.2677076228184965 -1.3937148617707091 -3.3412240585603783
-4.7830764684727 -4.865263872505199 -2.166180260803517
-1.4472413666942785 -5.478427884405409 -2.329013209905486
-3.675474322268409 -4.510951187192244 -2.6133643235449084
-2.6093268954425635 -1.15605348019408 -4.0575922738322285
-5.628912070140192 -5.000950869961373 -4.214135570199024
-2.183028561883575 -2.9562341242629935 -2.59667712112585
-5.129048410316363 -4.222583579750448 -3.799179903303188
-5.3928802118314225 -5.031397491477874 -2.527597939697429
-5.369704664040642 -3.3651017220854773 -4.7855201215474725
-4.559768884334148 -4.239568127469275 -2.6162415021307224
-4.47228066796366 -1.6298928301077265 -5.252700336335183
-4.227498206160366 -2.9660671007832042 -3.440038771930411
-5.089219803897572 -5.9364180047960975 -2.526946206105929
-4.128919334906785 -2.9763729840499122 -3.579768059497544
-2.4772333920549974 -2.3968141473154243 -3.0288206024547297
-3.7351841443704257 -0.3649133596245431 -5.675235690076315
-5.135443344330115 -1.5038905085945267 -5.903302106795193
-2.4887746500604635 -1.7843719116260814 -2.4320843023766088
-0.9434422804874032 -3.6948886015663764 -2.3331532043989194
-0.43168652383066153 -4.843842540713311 -2.474644131280777
-0.6108923422283503 -0.7970403002489101 -2.7552116286860477
-1.949083221603484 -2.021454270115035 -2.0982617878702543
-2.3932784520006534 -2.1395396736713903 -2.9151251644827862
-4.02721726163481 -4.591391339670691 -2.531578753421968
-1.5553710260167168 -1.3943713001329447 -2.408232793944473
-4.314834574758463 -4.780262573890722 -2.1447445345737557
-1.7292035835571937 -0.673931535463054 -3.1690917207052456
-4.161984420599606 -3.0989100928809368 -3.7365462293448664
-1.294909684920258 -5.211441802272356 -2.294506271794273
-1.4287856525646934 -1.9531253246592613 -2.561791049728916
-2.80043317375861 -5.669414009704111 -2.4328287372434287
-2.9385787339406 -1.5698747557596322 -3.16201516097965
-0.6451804554290499 -2.160256159472686 -2.2610556540459386
-0.19459148364513545 -1.211525199922507 -2.0995106128724954
-4.130816851004061 -0.535344086255158 -5.739837985113031
-5.197255063065742 -1.9884365060620235 -5.626460471495628
-3.323590675713027 -1.7373287329594742 -3.42958331356923
-2.998786308629564 -1.549359072468091 -3.3010032314128894
-1.0564811867338495 -5.0209410020084935 -2.3779438863307694
-5.179114865857265 -4.842272817239194 -2.029339660813441
-0.6898496271798962 -5.441933667672911 -2.455116918931578
-1.8345545349269115 -2.25589344408871 -2.4542645469379694
-0.11019293437310562 -4.9436861192101755 -1.9905459773783623
-4.377414264320875 -2.459618171938443 -3.7326207014888744
-2.854004583970671 -4.903106459442036 -2.4526807408881397
-5.10755310962709 -1.6492795221186771 -5.560261895687897
-0.11887445516028627 -0.6325230132269644 -2.5117431545466267
-4.369027442337967 -4.585751431430332 -2.665619167019358
-2.7137373483770353 -5.476887444441873 -2.428331498331428
-0.5947552895540689 -2.089995313320677 -2.1184187122377818
-1.5285043592961234 -4.929523445027465 -2.2527251142151905
-3.6585064244160526 -2.9217037830286503 -2.888141529843505
-0.8716376831110875 -3.330907093647167 -2.3174533490743348
-3.351200837635189 -0.30243648461596173 -5.566335434483404
-4.251614213146567 -2.0816913537149486 -4.192906904395162
-3.841335621378335 -2.956374465037134 -2.7853904750902454
-3.496812286108184 -5.787347466795675 -2.1594923509403863
-3.9933772767488045 -1.3553453999097087 -4.913786834239771
-4.421985424288475 -1.5866728983244336 -4.962523723204567
-4.508193891840262 -4.181358342571069 -3.5434501614105094
-4.5794807687497965 -4.094645478633239 -3.8389376633991943
-2.4594183879414824 -2.5942496976690075 -2.229852589727303
-2.717086305420885 -3.6269405781887034 -2.702240823669635
-4.012181060645299 -4.36650741826793 -2.10102242984303
-3.25232613812484 -0.5834762908001823 -5.060694509348052
-5.10083492291399 -5.791711830263386 -2.1878845064174
-1.3479642539218712 -0.03421197516157015 -3.331126467873228
-2.564530329903977 -1.6476892283109263 -3.3878017420677513
-2.3746230983738066 -3.029600579335924 -2.316244429557523
-4.6801309562444775 -5.741070890873729 -2.402340528324026
-3.1049815702669354 -0.25408311539290906 -5.306380864459831
-3.9637461457359695 -1.9133352541312991 -3.990333068368719
-0.4036032933846032 -1.8509845413716652 -2.4224070692423405
-0.9372672974213501 -4.792994929649101 -2.381585037388296
-1.6366669957743012 -5.414203664545063 -2.257976245821993
0.7864406779661017 0.39999999999999997 0.7457627118644068 0.7220338983050847 0.7932203389830509 0.6949152542372882 0.46440677966101696 0.5559322033898305 0.3898305084745763 0.6813559322033899 0.6644067796610169 0.6542372881355932 0.6508474576271187 0.7457627118644068 0.6338983050847458 0.5627118644067797 0.47457627118644075 0.7186440677966102 0.41694915254237297 0.5627118644067797 0.5593220338983051 0.576271186440678 0.4101694915254238 0.7864406779661017 0.32881355932203393 0.6474576271186441 0.4271186440677966 0.6847457627118645 0.7966101694915255 0.7627118644067797 0.5830508474576271 0.2610169491525425 0.5661016949152542 0.7796610169491526 0.22372881355932203 0.6169491525423729 0.3220338983050848 0.7593220338983051 0.23728813559322037 0.7423728813559322 0.5254237288135593 0.423728813559322 0.7694915254237289 0.4135593220338983 0.6813559322033899 0.7389830508474576 0.7864406779661017 0.4271186440677966 0.47457627118644075 0.6610169491525424 0.6711864406779662 0.7016949152542373 0.7932203389830509 0.42711864406779665 0.5186440677966102 0.6033898305084746 0.7491525423728814 0.5322033898305085 0.7457627118644068 0.7254237288135593 0.5966101694915255 0.6576271186440678 0.6915254237288135 0.5186440677966102 0.7898305084745764 0.6813559322033899 0.3084745762711864 0.7898305084745763 0.7627118644067796 0.6576271186440679 0.6983050847457627 0.5559322033898305 0.2847457627118644 0.6033898305084746 0.6949152542372882 0.5016949152542374 0.33220338983050846 0.41694915254237286 0.7864406779661017 0.47118644067796617 0.5457627118644067 0.6542372881355932 0.45084745762711875 0.752542372881356 0.6474576271186441 0.3864406779661017 0.6474576271186441 0.7728813559322034 0.7186440677966102 0.5457627118644067 0.5898305084745763 0.7661016949152543 0.2644067796610169 0.42711864406779665 0.5898305084745763 0.7186440677966102 0.5322033898305084 0.5966101694915255 0.5389830508474577 0.5084745762711864
0.010000000000000004 0.010000000000000004 0.010000000000000004 0.010000000000000004 0.010000000000000004 0.010000000000000004 0.010000000000000004 0.010000000000000004 0.010000000000000004 0.010000000000000004 0.010000000000000004 0.010000000000000004 0.010000000000000004 0.010000000000000004 0.010000000000000004 0.010000000000000004 0.010000000000000004 0.010000000000000004 0.010000000000000004 0.010000000000000004 0.010000000000000004 0.010000000000000004 0.010000000000000004 0.010000000000000004 0.010000000000000004 0.010000000000000004 0.010000000000000004 0.010000000000000004 0.010000000000000004 0.010000000000000004 0.010000000000000004 0.010000000000000004 0.010000000000000004 0.010000000000000004 0.010000000000000004 0.010000000000000004 0.010000000000000004 0.010000000000000004 0.010000000000000004 0.010000000000000004 0.010000000000000004 0.010000000000000004 0.010000000000000004 0.010000000000000004 0.010000000000000004 0.010000000000000004 0.010000000000000004 0.010000000000000004 0.010000000000000004 0.010000000000000004 0.010000000000000004 0.010000000000000004 0.010000000000000004 0.010000000000000004 0.010000000000000004 0.010000000000000004 0.010000000000000004 0.010000000000000004 0.010000000000000004 0.010000000000000004 0.010000000000000004 0.010000000000000004 0.010000000000000004 0.010000000000000004 0.010000000000000004 0.010000000000000004 0.010000000000000004 0.010000000000000004 0.010000000000000004 0.010000000000000004 0.010000000000000004 0.010000000000000004 0.010000000000000004 0.010000000000000004 0.010000000000000004 0.010000000000000004 0.010000000000000004 0.010000000000000004 0.010000000000000004 0.010000000000000004 0.010000000000000004 0.010000000000000004 0.010000000000000004 0.010000000000000004 0.010000000000000004 0.010000000000000004 0.010000000000000004 0.010000000000000004 0.010000000000000004 0.010000000000000004 0.010000000000000004 0.010000000000000004 0.010000000000000004 0.010000000000000004 0.010000000000000004 0.010000000000000004 0.010000000000000004 0.010000000000000004 0.010000000000000004 0.010000000000000004
-----
100
3876
0.4
-5.125358291487326 -2.224228183930216 -5.084514383563093
-3.782946229647825 -3.6527498819655837 -2.900441097127323
-3.2404063484885355 -2.4982833564946496 -3.132864230356959
-2.310073187472 -1.574992090301554 -3.1731152846662263
-3.8937551432528608 -2.9748615708729877 -3.5351097961225637
-3.6285417108937184 -2.2927084722540343 -3.3733273161125483
-3.293432834857507 -3.2193119344909524 -2.6395353094929463
-1.9678794820657473 -1.809688859845437 -2.731704546933954
-4.064520193472222 -3.974805044755315 -2.6661397126225954
-5.265724694691595 -3.5094242001055385 -4.097970476215648
-4.318249392933309 -2.0109017761089305 -4.466832120217386
-3.965066657172647 -4.443745182763342 -2.348434701577267
-3.3891949214879906 -2.276476397439064 -3.587749653144815
-2.9944172643399973 -2.569876147004253 -2.678610833581889
-4.650154093817976 -5.346732013794228 -2.358727531866928
-3.265827309221104 -2.91191211109009 -2.748599728560703
-3.328151356860305 -3.7668859172478415 -2.409625436015041
-1.6812871700565954 -2.0893800189659197 -2.470256260620818
-4.416149049857925 -4.40487184845059 -2.4080224650236373
-3.399259471369187 -3.6325823981939145 -2.478481743822064
-2.4881791629309724 -1.7603396395799433 -3.088151878371828
-2.8123650913305274 -2.847282935371222 -2.5578079144865904
-1.9233647461427854 -1.2696101077943371 -3.1754877126837773
-2.9009008677817363 -2.9454001192070685 -2.4104313128170984
-5.920448173893842 -4.018793198661742 -4.339294744013408
-5.0417254639561415 -3.4758729817663045 -3.5699239968301
-5.2898353436239915 -4.50752236042487 -4.093850594140888
-5.078797204491681 -3.452283046650349 -3.77103529808107
-3.3769209254320627 -4.9690636535102 -2.3321025450406703
-4.2106959929083345 -3.3376639615037433 -3.460174006889148
-5.430897597467501 -4.9515597756144665 -4.023742474907127
-1.4601672297400705 -1.9998790361653702 -2.457184536764959
-3.5079117351902696 -2.984979353261477 -2.9325288130986973
-5.345120811161779 -4.742556739048779 -3.593343672411594
-2.737190412401461 -2.275859436441654 -2.76620466714387
-4.696376248567544 -4.946726245030992 -2.5252591529519512
-4.431223871313197 -2.8067254060376676 -4.212003319464872
-3.2769697582472936 -2.256051950888221 -3.156875735902286
-2.9757034627987164 -2.721094557114544 -2.5164770984776603
-3.5578501202363406 -4.081246418850595 -2.3336655036282443
-1.2421712222967904 -1.768760387729055 -2.412734325620976
-5.405555890087007 -4.8099058212596795 -3.9057759514027293
-2.4188035339203373 -2.596468174976716 -2.4740800160034815
-5.934245618634838 -4.732761794549161 -4.054102310190668
-0.40651655383744867 -0.5875014622872943 -2.5375726600933923
-3.65824674033245 -2.6446008269062067 -3.5134172217360637
-2.318521469775712 -1.6269280256579302 -3.0966115939172054
-3.2072364344575255 -3.022594520378676 -2.7800006067176417
-1.2571831705530052 -1.273539099731258 -2.5857673285442617
-5.981826619838606 -5.033145259067774 -4.1209406272016675
-1.9117324075224718 -1.4346934894967271 -2.9455624516496295
-2.817334205108227 -2.722599392295877 -2.7106025357483583
-4.5043531115720254 -2.9931729714319895 -4.171148264019655
-1.829416960015391 -2.868488543346314 -2.3468015967073415
-2.322400543368587 -3.109043187510129 -2.4026934047367083
-4.106794293996906 -4.575761009157899 -2.4019846156880074
-3.086731029126492 -2.2449428802787024 -3.2678321727286237
-3.3548026814047005 -4.0741160400069285 -2.382483108114825
-1.7504457080554228 -1.0130998340562551 -3.1288437925646697
-3.7135782948698894 -3.195002945311859 -3.13433162523912
-2.6463484205667918 -3.276234573845695 -2.3561498327074752
-2.626080311249523 -1.0220908060193292 -3.929582051031814
-2.9273543972572598 -2.1753570114223066 -2.954681243122183
-4.100072076048058 -4.538608997237603 -2.419781019540607
-1.916812107678404 -0.9388957957794397 -3.3654980881120755
-4.249285126459623 -4.074603420901235 -2.4963694089701534
-2.8085444865950424 -3.4217382721376834 -2.535849756954951
-1.9476508659879816 -1.2106666420399597 -3.2007336390460703
-2.4119744674649963 -3.545136837376196 -2.3910248566982477
-5.674245997605117 -5.01680660435318 -4.001343031292025
-1.81366276700886 -1.8429511692453597 -2.5335767784767658
-2.9128477465010763 -3.9978685545107977 -2.327088869314912
-3.5722646761680648 -3.4343549746013 -3.066929224626514
-5.188849746773097 -3.2749840836043647 -4.487690096425704
-5.510896940459887 -3.3499396070978573 -4.671163460011547
-2.809542553790847 -2.4128828253287837 -2.669462810639073
-2.0967195763418056 -1.4950011840782038 -3.0620931190346425
-3.046893654817134 -2.3366940654160477 -3.0483468395727806
-2.5337410849652433 -1.7020572993798457 -3.051278338740586
-2.731183152930647 -1.982931947956716 -3.0525555334964687
-3.0657126404355886 -1.6777694428194625 -3.7157881896580554
-2.8545826838119304 -2.1606419397369923 -2.9986040037851214
-2.7159637965034245 -2.9195113278296074 -2.354965998257
-4.7357602573761435 -2.815175054833519 -3.8515828937207495
-5.7364101659005104 -4.476856836645787 -4.124657346937804
-3.0175629134444724 -1.6002661133287406 -3.770533264559588
-2.95609424757222 -3.5953424238647047 -2.4405027663019414
-3.181996292404131 -2.8718138968542943 -2.990126266708052
-2.9942515408802843 -1.550373212080641 -3.6870423794118494
-5.037641846505328 -3.1277704179382377 -4.587089623978995
-4.2061822394293005 -2.9231221116076225 -3.1434898854309985
-2.8957508006359873 -3.135672375423872 -2.464404131558428
-3.2554247884941963 -1.6717733780021407 -4.046594509069164
-5.094172826926614 -4.506573127278994 -2.592264690109532
-3.937001916972039 -3.535255728605014 -3.074362229336009
-2.1696812825936176 -2.80626811450557 -2.412366819735895
-3.1635672772038026 -3.4993060369379942 -2.5568727831309634
-1.4983777567949674 -2.1902736215648972 -2.4528995447024564
-2.7054546528371914 -3.226603447780477 -2.364243191746362
-4.029033715596261 -3.6832443143359095 -2.9017318455665064
0.2542372881355932 0.34237288135593225 0.11864406779661016 0.21694915254237288 0.311864406779661 0.32881355932203393 0.10508474576271187 0.2677966101694915 0.3152542372881356 0.2101694915254237 0.36949152542372876 0.3627118644067797 0.35254237288135587 0.3220338983050848 0.35593220338983056 0.311864406779661 0.2745762711864407 0.29491525423728815 0.3661016949152542 0.2711864406779661 0.26101694915254237 0.11525423728813555 0.39999999999999997 0.3559322033898305 0.38305084745762713 0.34576271186440677 0.32881355932203393 0.30847457627118646 0.38983050847457623 0.2745762711864407 0.36610169491525424 0.3525423728813559 0.2135593220338983 0.36610169491525424 0.30508474576271183 0.3288135593220339 0.3491525423728814 0.39322033898305087 0.37966101694915255 0.3762711864406779 0.3389830508474576 0.28135593220338984 0.2745762711864407 0.35593220338983056 0.3966101694915254 0.21016949152542375 0.1966101694915254 0.311864406779661 0.3762711864406779 0.29491525423728815 0.24067796610169492 0.07457627118644072 0.18305084745762712 0.36610169491525424 0.2779661016949152 0.3322033898305085 0.2949152542372881 0.3220338983050848 0.30508474576271183 0.26779661016949163 0.3762711864406779 0.3966101694915254 0.3220338983050848 0.2542372881355932 0.39999999999999997 0.2983050847457627 0.3728813559322034 0.376271186440678 0.33220338983050846 0.31864406779661025 0.33220338983050846 0.39322033898305087 0.37966101694915255 0.17627118644067796 0.27796610169491526 0.3796610169491525 0.2271186440677967 0.1491525423728814 0.3864406779661017 0.30169491525423725 0.3559322033898305 0.3796610169491526 0.3830508474576271 0.2677966101694915 0.20338983050847456 0.31864406779661014 0.2508474576271187 0.09830508474576272 0.1694915254237288 0.3864406779661017 0.3694915254237288 0.23728813559322037 0.2677966101694915 0.38305084745762713 0.37966101694915255 0.3016949152542373 0.3016949152542373 0.3864406779661017 0.3355932203389831 0.3389830508474577
0.014814713492792857 0.008625205694023138 0.00837611215314119 0.00890863483438359 0.009041013836673674 0.008913142059580747 0.008268344339476338 0.008665165639649643 0.009156728243218039 0.012763331937350238 0.011412346355019483 0.009648869499228893 0.008912932561512139 0.008271020122742823 0.01218235994016149 0.008253586077136997 0.008543570334269444 0.008692807016328673 0.010278527731701376 0.008495109254858803 0.008664060521449923 0.008144654182673914 0.00942990037819266 0.00830758602789232 0.01698314729599287 0.011142517393668224 0.014348787549679153 0.011510369932945498 0.0096631111335225 0.009357954106281624 0.015787084212290033 0.008924015328510256 0.008370120158160509 0.013451067151331552 0.008289757186849987 0.011324596951196754 0.010854842614302461 0.008560636627536044 0.008320173162616944 0.008959892740846118 0.00939435330193761 0.014782611473323406 0.008222809729502598 0.017630923922116733 0.012955732675714406 0.008864450082215158 0.008811803349756493 0.008169157422322208 0.009890535467284571 0.019341643343968783 0.009103491938239384 0.00809267931878452 0.010916655022190715 0.008354703990710593 0.008139901356482415 0.009894290293041565 0.008498697190027639 0.008715104702643224 0.009922572736165586 0.008550925171644392 0.008216459772092517 0.010630282041487218 0.008398229939733581 0.009824376641194597 0.010171697011666519 0.009652953827360816 0.008087617485635998 0.009527234700954457 0.008176734228689073 0.016963723778027583 0.008804119949987987 0.008498393130598664 0.008414869557347006 0.013486832174477659 0.015355055376910353 0.008278597224151446 0.008994227519769806 0.008342332475574548 0.008725701009537828 0.008486501518391839 0.009400508369838077 0.008375461110678042 0.008305789310123983 0.010748339634263023 0.016191976627059963 0.009547638202688348 0.008249566306855529 0.008165227098654767 0.009484633376194677 0.013278658827332174 0.009233435412578154 0.008194661292714395 0.009997530741596478 0.011792542105470368 0.008790916875353313 0.00820215176410716 0.008238644941421926 0.008748282169623912 0.008225639057978984 0.00892161914461645
-----
100
164700
0.1
-3.317670396085299 -2.2429778719091416 -3.4963422621331866
-3.8518729531832756 -2.6791925034572706 -3.6987155961194684
-3.525287172528106 -2.0134865307470164 -3.782551120996353
-2.8092590843527465 -2.3347475719309534 -2.992288980072241
-3.283432238782456 -3.3598816381232193 -2.6140431744643333
-2.945893197874923 -2.4710854049967077 -2.915125225810775
-2.991543411907597 -2.71499590996308 -2.848096200424395
-2.761621890220384 -2.4834230950749268 -2.7325730777871686
-3.118416568536036 -3.1409900614921 -2.6480773222695335
-3.344939855813457 -2.5096884170957114 -3.388590306284438
-2.955099303750555 -2.966317712754446 -2.6439542159377365
-3.346963889267184 -2.704158449639172 -3.0485732026952803
-3.4258442755695064 -2.5628391935237516 -3.3662828602421806
-2.8389467837377182 -2.39053317312367 -3.0096834232593266
-4.840072723910877 -3.300199191956297 -4.056839298378887
-2.9820065103335045 -2.945319355581672 -2.6942140522291558
-2.699266535441807 -1.8877992824759797 -3.1432080836808636
-3.412247238465338 -2.411215437537207 -3.475961068203296
-4.097209271900842 -2.9157811098432487 -3.706953461105396
-3.469095329933647 -2.676834495974257 -3.2660572589202896
-3.5460222890701245 -2.7380230686518185 -3.2179245640190115
-3.118101020984681 -2.653715221805119 -2.9214900611070114
-2.592829227655677 -2.193980867014426 -2.8547193718177906
-2.9660874092262253 -2.1788766692961063 -3.231454373374275
-3.3107361614799986 -2.591788226100788 -3.135746160352993
-2.883082199702914 -2.5813184166690775 -2.8066595721748575
-3.393695321782297 -2.2881584136430484 -3.3915097887382877
-3.170347650889955 -2.6548166560493076 -2.8495227967688437
-3.348577667138958 -2.4089129878124136 -3.534807982260775
-4.258892203275412 -2.5923376959452025 -3.9227088359770987
-2.7566937800221436 -2.6391476367583095 -2.700867915894764
-3.3629341882214465 -2.2817683727309994 -3.4860165398328284
-2.879240340198967 -2.278827654277563 -2.9822699635716727
-2.999245867817385 -2.8542056719055795 -2.660707505102918
-3.3000512080440787 -2.3811672841983738 -3.2794672951449764
-3.3020996678019148 -2.2563431031310466 -3.318214208013199
-2.8648923201963843 -2.437525096204034 -2.8795230489232573
-2.896019470263963 -2.8811989067707824 -2.646912390637896
-2.8462970487538426 -2.336859566960221 -2.919303557455674
-3.376727832331241 -2.23646975518738 -3.50177131171743
-3.2616267026329053 -3.1543411404352195 -2.731013480927178
-2.6878150979797972 -2.830869287168176 -2.612508523982447
-3.2864637511825467 -2.5464559410458625 -3.2163350470399847
-3.4157274753052893 -2.097381443603209 -3.600661232540929
-3.700105301232326 -2.4681328787567867 -3.5541248969085197
-4.493113261206808 -3.0429903870725883 -3.8944779913568333
-3.2440620536601656 -2.624750091820794 -2.937982203110982
-3.2400028200336695 -2.439573712190064 -3.2796821347518024
-3.5843623859360614 -2.107821012302726 -3.734236271215111
-3.212161200285741 -3.120049551869949 -2.7185144156363643
-2.7409745982647777 -2.606300903039612 -2.735582407680882
-2.8695953174486237 -2.5241613688869964 -2.879104474474925
-3.141463831757127 -2.7333595021328176 -2.948229966870015
-5.150802507516195 -2.487841562496683 -4.226405158081658
-2.5339284102918165 -2.2928848902399954 -2.8009775656000775
-3.3303370551104385 -2.928768992185498 -2.848696872611969
-3.225128282255955 -2.640013881624268 -2.9809571942380924
-3.9689538193689815 -2.46770437060999 -3.612594385397065
-4.443456656026138 -2.7192923684504002 -3.695313154174653
-3.4197560788570316 -2.2052486021174387 -3.484487635707364
-4.789511111846202 -3.2970006977156117 -3.976253628590339
-3.3701290245697955 -2.6287112296101114 -3.252255427860464
-3.478623203885377 -2.5492634563974805 -3.4070206935603196
-2.7811614890761414 -2.171914490832342 -3.016845557724744
-4.196644997162574 -2.949984202567079 -3.8820584132228793
-3.63603638374454 -2.5794982008167118 -3.4398932695126545
-2.6874264011614266 -2.406851404759092 -2.740965037525829
-3.0286725377052304 -2.2825262258241175 -3.1941359305555173
-3.0755606980346513 -2.5900639051006054 -2.9906591259986506
-3.382785076136629 -3.457240354848885 -2.6107358629337014
-3.7111342060806973 -2.766504009555661 -3.486808126841548
-2.820030293851768 -2.5727411044969215 -2.739329959453256
-3.431595670827711 -2.2509283154291255 -3.630973589312108
-3.593082899585723 -2.2099843207726213 -3.7177622165005575
-3.0868804032522257 -2.9291098102916284 -2.72060118859722
-3.304554876189818 -2.7810817269414256 -2.990704068858893
-3.0870517244440725 -2.7159703192828015 -2.90328054425345
-4.74168990978829 -3.276613728619294 -4.155887260439112
-3.006767978011576 -2.8044774807596853 -2.614164013760254
-3.1527203282653424 -3.358895462349409 -2.5650475945200526
-2.652382838078819 -2.3714156606080206 -2.8841780070484226
-3.942488302211159 -2.5076510328838033 -3.6860812978725597
-2.926999941101004 -2.733597630149743 -2.693063974324528
-3.0592748910654093 -2.8094000562065844 -2.743250833920704
-3.0313769935932724 -2.3122895796191254 -3.075971551008723
-2.676543110086083 -2.6602433372373633 -2.6245214462915367
-2.8240066032081277 -2.904323171029376 -2.582101351675436
-3.126347255435904 -2.5378128976489496 -3.2723594489831163
-2.648480323567824 -2.143089446827148 -2.91211105533098
-3.903628629443189 -2.584081034154016 -3.7991832190997448
-2.8536644711170096 -2.547220732492961 -2.761069998081103
-2.7796794971716197 -2.0766661075949107 -2.990221279578414
-2.904528675525041 -2.705789954930017 -2.752585135624601
-3.4194644419368876 -2.390940129779268 -3.2362963564469065
-2.935356265749136 -2.224704323630864 -3.1221275883205086
-5.5425213132029185 -3.9585271392218386 -4.29404514535657
-3.891533661033539 -2.464750263710928 -3.657967438945767
-2.849650921393163 -2.2371525181082736 -3.0783385386196365
-3.0585497491818776 -2.0325639808559868 -3.429778140529213
-3.692540276284901 -2.830586836661787 -3.4297746246329095
0.0847457627118644 0.07796610169491525 0.09491525423728814 0.08135593220338982 0.08813559322033898 0.06440677966101696 0.06440677966101693 0.09830508474576272 0.09491525423728814 0.07796610169491526 0.09491525423728814 0.06779661016949151 0.0847457627118644 0.08813559322033904 0.08813559322033893 0.07796610169491525 0.08813559322033893 0.07796610169491525 0.06101694915254241 0.0847457627118644 0.047457627118643986 0.04067796610169494 0.09152542372881356 0.0847457627118644 0.0847457627118644 0.07457627118644072 0.06440677966101693 0.07796610169491525 0.09830508474576272 0.0711864406779661 0.06779661016949157 0.0847457627118644 0.07457627118644067 0.0949152542372882 0.06440677966101699 0.09830508474576272 0.09491525423728814 0.09491525423728808 0.05423728813559314 0.09491525423728814 0.08135593220338977 0.09491525423728808 0.08813559322033893 0.09830508474576272 0.09830508474576272 0.08813559322033898 0.0847457627118644 0.05423728813559325 0.07796610169491536 0.08813559322033898 0.08135593220338988 0.07457627118644067 0.09830508474576266 0.0915254237288135 0.09152542372881356 0.07796610169491525 0.04745762711864404 0.09491525423728814 0.08474576271186451 0.06779661016949157 0.088135593220339 0.09491525423728814 0.08135593220338982 0.07457627118644072 0.08474576271186446 0.0847457627118644 0.0847457627118644 0.09830508474576272 0.09152542372881356 0.09830508474576272 0.05423728813559314 0.0779661016949153 0.09830508474576272 0.07457627118644072 0.09491525423728814 0.09491525423728814 0.09152542372881356 0.08813559322033898 0.09152542372881356 0.09830508474576272 0.0949152542372882 0.0847457627118644 0.0847457627118644 0.0949152542372882 0.09830508474576272 0.08813559322033904 0.0949152542372882 0.08135593220338984 0.07796610169491525 0.09830508474576272 0.0847457627118644 0.08813559322033904 0.08813559322033898 0.09152542372881356 0.06440677966101695 0.08813559322033898 0.09152542372881356 0.07796610169491525 0.09830508474576272 0.07118644067796609
0.010412907934221255 0.010431722676989386 0.012137568667931265 0.009631211289372759 0.009799550965074207 0.009446487669076813 0.009331911254631214 0.009728629051425445 0.009622877413596211 0.00975761983975111 0.00965354911480556 0.009204965645706139 0.009649696646367861 0.009561820256746819 0.011079917607370135 0.009529390706507577 0.010510419695579401 0.010086533620828241 0.01021597785433213 0.009388873028901375 0.00930365078379748 0.009267987543212267 0.010005971208644568 0.00996300841806213 0.009315878650740388 0.009485850085744001 0.010058240124227756 0.009316580805238965 0.01027862812541075 0.011544275708182382 0.009700987115076031 0.010312838747737878 0.00965619031933845 0.009586616557757336 0.009697575853148808 0.009946533899979718 0.009531726443693506 0.009672425687420936 0.00961765611465228 0.010438912505040504 0.009419879212252256 0.009929829691316602 0.009430913182923951 0.011071216212793805 0.01025782272845493 0.010734094107902686 0.009269903503366726 0.009632258277050467 0.011640964884391876 0.00943946093639186 0.009667070821235949 0.009463490487127456 0.009215822340739175 0.014547120078491195 0.01000254624602401 0.009218376808480045 0.009243662062781951 0.010559073105015991 0.01071382902218804 0.010449920687739556 0.010805410266182603 0.009404995128075968 0.009748290244869284 0.009853768444377463 0.010751483137868525 0.009806403821844919 0.00983160319985565 0.009737967826748448 0.009298013494506619 0.009881931542900986 0.009735941591436885 0.009620517509510053 0.010864374709019192 0.01131467129344905 0.00943280088540564 0.009167199747886334 0.00925662142024761 0.01145332918902265 0.00970429859528623 0.009980683915470764 0.009739430001835818 0.01068529124375678 0.009574696042530395 0.009412950784579958 0.00958935043615588 0.009928459309904686 0.009889523035308429 0.009564616293240118 0.009993530327693846 0.010948218377584617 0.009582607085451614 0.009999344470732687 0.009491419128514644 0.009644817318344101 0.009767474111080279 0.012114923783640512 0.010650900407987548 0.009756253870102174 0.010657029283648024 0.009568438690953439
