3
100 100 100
1450 5616 202485
0.8 0.4 0.1
-----
100
1450
0.8
-1.38919619031212 -0.641074112527015 -3.6469253455193353
-5.378621001319509 -4.983129858469777 -3.017591982994753
-0.9111851566003164 -3.636429652754307 -3.041796386065432
-3.256873541331227 -2.3438580748237663 -3.721799182631954
-4.540517895830741 -2.8276749613029586 -4.290414926023931
-5.827435385312602 -5.241949271974421 -4.3179949329468155
-0.33868300593406353 -1.8026437828342061 -2.9598826031472627
-0.1772182579146815 -2.6084382888125877 -3.128717300724169
-1.5040529940684557 -1.3180469988744434 -3.1702105498185906
-2.122403204233302 -3.1176524081329378 -3.04690908965712
-4.824510152247164 -3.43652241683171 -4.468775503655598
-2.0828183652610184 -3.5071813582468057 -3.0218173862661364
-4.045170352911766 -5.217937109935756 -2.7917642136512493
-5.059347084154723 -4.32280587334631 -3.8585572164250426
-2.645404560336606 -0.5097657946352303 -5.03286500540522
-2.203201006009008 -1.9422635618784838 -3.1253687450572096
-4.472311775426027 -3.5651304310957896 -3.1968959146294504
-5.1029647856775755 -4.690832611524716 -3.8896951262984256
-5.9346271078479855 -4.956668433948261 -3.895648105172756
-4.4153002538150385 -5.48657015643027 -2.7420734996854677
-4.049384215205217 -5.245293598416332 -2.964613094790833
-4.356663158484869 -4.777793447782485 -3.174246932550332
-3.1652086651342453 -2.3438672210048708 -3.2118435979761353
-3.0635433071597773 -4.7533004517503805 -3.1996341909384545
-1.5792106683170495 -1.5867069739696262 -3.3096103158168506
-0.9972427545554083 -0.49174301410967924 -3.702690474900149
-1.6874107402273815 -5.818589660798257 -2.953047938880597
-4.820430288945323 -5.658468314249127 -3.122319135297374
-4.730854950703285 -3.7711883507105086 -3.8096447537758307
-4.383497232871553 -4.464815009280928 -3.2695500956572707
-1.8409367702648574 -4.430975090629893 -3.0348963804815225
-1.0156952614309294 -1.4011085573473867 -2.9245838109509736
-3.7636933345261423 -3.914826349043862 -2.817797824091684
-2.1868062522889535 -0.9492584124108312 -4.018103782995403
-3.031841926626932 -3.835049914571348 -3.0349419068270027
-2.694542371176395 -2.9079353415628044 -3.1698764661778696
-2.71029354094445 -2.9126870086555874 -3.006146614861836
-1.5173752716421305 -1.4680433980644203 -3.219014715396921
-1.64243983288186 -4.610785837058435 -2.809548784322783
-4.4439369839122875 -5.881663458388118 -2.8128898545606993
-3.850305472577382 -5.769984071398041 -3.0057244262240927
-5.9951118581856235 -4.979787313052524 -4.070870843129647
-5.2252142475801335 -2.9274685911765452 -5.10460563676808
-2.5556500903506416 -4.866026038213267 -2.817453433693297
-2.4546427444503167 -3.5748287330157447 -2.8127964246561863
-4.920327171403355 -2.82360103805085 -5.033366653271438
-1.0197924168493282 -1.7838922706285372 -3.1323929628339275
-1.011331916839751 -1.0089137005338387 -3.3226999829029427
-2.9372046167505927 -2.845452310650238 -3.21214663586943
-1.756915841108217 -4.5645160107815705 -2.982550846639175
-2.765382099985282 -0.26515966775289534 -5.426016660281212
-3.528626356961799 -4.025759701115863 -3.1372699655451637
-0.25925599225827156 -0.361408312985227 -3.3097380103707494
-0.383783437117005 -2.3478325668034885 -2.902116385343584
-2.1343143026736455 -1.8980080480465453 -3.0911977986432904
-1.8531488351540863 -4.713029570755895 -2.9761404767925836
-2.4437183991804106 -5.351108955365335 -2.790399565973868
-3.0425302321043053 -2.726820667003644 -3.1736527565348363
-0.8226082293987957 -0.8033074487542775 -3.1593314417227885
-3.030388217926553 -0.46043882874412656 -5.384488432641209
-0.008449328245891508 -4.644444882327348 -2.8099012302278146
-3.8708937238436048 -1.2343354870023173 -5.46867698758137
-4.6379698452451095 -3.278608169780488 -4.168255938522872
-0.44959384570557237 -1.5463768892469218 -2.7568209927080733
-3.338302977421662 -0.4235269095167835 -5.9477718938997075
-2.2868356108828105 -2.787822387013789 -3.0977750243679933
-4.162254400065212 -2.8174036532766973 -4.215106069997443
-3.13372060205735 -0.45629903357584833 -5.661320283773103
-2.0941052401425044 -1.827149757153423 -3.6310735466054336
-4.699491575574964 -5.817191494994114 -2.986488188698155
-1.3143818187529757 -4.5544609921029515 -3.0446130470326866
-0.7235154388237817 -5.25687874839809 -2.9129714979272063
-2.175201586557082 -3.030465955652166 -3.260948966708155
-1.6766255899794196 -1.9270460830746812 -3.0673478865214268
-2.797680660558392 -2.490997232423452 -3.2182244297685867
-3.379574779555364 -5.859797903249467 -2.8301619307248957
-1.7908083491858333 -2.542346253312984 -2.7684451344131404
-0.3341902896172808 -1.736459313428517 -2.8242385450818897
-1.4408666450107965 -2.1783342064650357 -3.099280742303595
-5.670505898440631 -5.036050878245603 -3.6030612008180203
-0.08413648319978506 -1.045085720862911 -3.008182016917937
-2.8549301464420274 -4.349742464633347 -3.039459672083871
-5.238449464246263 -5.96858752170367 -3.0526882110983973
-3.0882744485095035 -0.3602860103582106 -5.516251050334818
-3.536743816541851 -3.934925705758044 -3.134321673212432
-0.9366207535394881 -3.4483154892335177 -2.942436507551042
-2.487636140962166 -3.78780834978398 -2.905871852865857
-3.387470220457197 -4.808238265773882 -3.0988009927878317
-2.349369317615604 -4.97554663888482 -3.0896286941176454
-5.935873852596869 -3.835756517072276 -5.251189141053743
-0.7744799981647859 -1.0020221782510133 -3.2490936251491287
-5.379437372921064 -4.416201942681411 -3.962278229178686
-4.9942472923385255 -5.1181338175457824 -2.9576310225633295
-1.5687853287686515 -2.5018651175869535 -3.1793991276899254
-4.843219450107426 -4.274011722124369 -3.221062437211871
-4.186916683741722 -3.563368798857535 -3.7633026821341553
-3.045604474552662 -4.681705995671816 -3.1123366179944383
-2.79455025187886 -1.412877497197341 -4.317588620491754
-0.2638927057433538 -1.547651342126759 -3.0431115054041786
-5.154888150121046 -2.856236884707861 -5.355340351400085
0.696 0.44399999999999995 0.544 0.564 0.504 0.436 0.536 0.76 0.748 0.372 0.268 0.43199999999999994 0.748 0.712 0.636 0.788 0.732 0.368 0.796 0.764 0.52 0.272 0.74 0.752 0.42 0.556 0.516 0.732 0.392 0.692 0.504 0.736 0.716 0.748 0.42000000000000004 0.272 0.556 0.5760000000000001 0.724 0.72 0.472 0.62 0.752 0.708 0.724 0.5 0.556 0.46799999999999997 0.29600000000000004 0.488 0.604 0.268 0.556 0.612 0.736 0.492 0.748 0.45599999999999996 0.6839999999999999 0.728 0.728 0.728 0.436 0.796 0.556 0.4 0.536 0.508 0.648 0.484 0.54 0.5840000000000001 0.796 0.56 0.6000000000000001 0.704 0.772 0.72 0.476 0.47200000000000003 0.52 0.392 0.6 0.752 0.3480000000000001 0.536 0.616 0.5760000000000001 0.636 0.596 0.528 0.212 0.636 0.736 0.524 0.6360000000000001 0.384 0.54 0.504 0.488
0.010000000000000004 0.010000000000000004 0.010000000000000004 0.010000000000000004 0.010000000000000004 0.010000000000000004 0.010000000000000004 0.010000000000000004 0.010000000000000004 0.010000000000000004 0.010000000000000004 0.010000000000000004 0.010000000000000004 0.010000000000000004 0.010000000000000004 0.010000000000000004 0.010000000000000004 0.010000000000000004 0.010000000000000004 0.010000000000000004 0.010000000000000004 0.010000000000000004 0.010000000000000004 0.010000000000000004 0.010000000000000004 0.010000000000000004 0.010000000000000004 0.010000000000000004 0.010000000000000004 0.010000000000000004 0.010000000000000004 0.010000000000000004 0.010000000000000004 0.010000000000000004 0.010000000000000004 0.010000000000000004 0.010000000000000004 0.010000000000000004 0.010000000000000004 0.010000000000000004 0.010000000000000004 0.010000000000000004 0.010000000000000004 0.010000000000000004 0.010000000000000004 0.010000000000000004 0.010000000000000004 0.010000000000000004 0.010000000000000004 0.010000000000000004 0.010000000000000004 0.010000000000000004 0.010000000000000004 0.010000000000000004 0.010000000000000004 0.010000000000000004 0.010000000000000004 0.010000000000000004 0.010000000000000004 0.010000000000000004 0.010000000000000004 0.010000000000000004 0.010000000000000004 0.010000000000000004 0.010000000000000004 0.010000000000000004 0.010000000000000004 0.010000000000000004 0.010000000000000004 0.010000000000000004 0.010000000000000004 0.010000000000000004 0.010000000000000004 0.010000000000000004 0.010000000000000004 0.010000000000000004 0.010000000000000004 0.010000000000000004 0.010000000000000004 0.010000000000000004 0.010000000000000004 0.010000000000000004 0.010000000000000004 0.010000000000000004 0.010000000000000004 0.010000000000000004 0.010000000000000004 0.010000000000000004 0.010000000000000004 0.010000000000000004 0.010000000000000004 0.010000000000000004 0.010000000000000004 0.010000000000000004 0.010000000000000004 0.010000000000000004 0.010000000000000004 0.010000000000000004 0.010000000000000004 0.010000000000000004
-----
100
5616
0.4
-3.7343486167440862 -3.133168990840625 -3.886989475604454
-4.739749123866936 -4.5632429668956 -3.6534620592510096
-3.734229793114727 -3.3023971625029813 -3.5706288452681947
-4.814249849689653 -4.44239591570442 -3.143393964276659
-3.5736186950392343 -2.23518229385943 -4.320118355094386
-1.3087071243646529 -1.811327712971754 -3.119426567037191
-3.351690852447371 -2.8574740181627156 -3.6993740255908216
-4.31195235799305 -4.751253708263494 -3.1854014469024317
-5.7840941214100825 -5.188641323888013 -4.079708462229994
-3.5776153599678455 -3.9023633461684613 -3.227385087670407
-3.2072428433723785 -4.469902766571385 -3.069809341915031
-4.79499565511987 -3.4677901926545696 -4.413214418533198
-3.3740917875605323 -3.164551839295327 -3.1599608388817817
-4.659325021661852 -4.695502981365813 -3.1932001983029714
-4.511707911252647 -3.559767658270626 -3.68275996753782
-4.488043644356326 -3.5934383487462416 -4.294479292301022
-4.531207408516226 -3.9095406487906486 -3.551312367852585
-5.30683043861394 -4.564041047414058 -3.693872873835559
-3.332110179618181 -2.9883944886363443 -3.440299162047441
-2.3834405541206816 -2.947310233844891 -3.12879871016125
-3.632046079223512 -3.8546859406549507 -3.10985711554882
-2.936708905536158 -2.801972188350501 -3.4333750164360435
-4.954780687310288 -3.693507437067056 -3.8813567760538437
-3.9036642320295467 -3.506380855668861 -3.459662583191263
-4.948642697698378 -3.9028143286884003 -4.058774462165809
-3.580363494483199 -3.576918032191286 -3.1236372731494004
-5.902981978197675 -5.372721454473843 -4.143469511883791
-2.1466370943323314 -2.9017351371455864 -3.1119421424943132
-2.8109693555699886 -2.2446219389409334 -3.7063957629003244
-4.841854520108183 -3.3897871367612957 -4.016552565874453
-3.775125382025224 -2.8664232106239163 -4.00087953930193
-3.3429392011818995 -3.1238140038601316 -3.367028985358993
-4.126015652719632 -3.8040717990660915 -3.6020213923989015
-3.3222546756939475 -4.179078107389108 -3.1221711193756954
-2.7560174152236354 -3.00540505365521 -3.1834418700334606
-4.034698060008891 -5.434037154191861 -3.1129352265257118
-5.063070367189192 -4.440534885819629 -4.278885375458543
-3.0135053729739107 -2.210062615576424 -3.878930639519291
-4.833438674967135 -3.904038346957682 -3.881011816745218
-2.4603098805548558 -3.1670087326283354 -3.1020579287337866
-4.596897703319541 -4.477656003274362 -3.251935608562001
-4.04196610706181 -4.047412933159468 -3.566318473730344
-3.202570265830427 -4.061320999361357 -3.0920520556433453
-3.2395042092988575 -2.3943629809957523 -4.118761656689236
-4.7173415308479685 -3.486397998284583 -3.8100132502135446
-3.8770954449424146 -4.116705778578982 -3.206855590934453
-5.302165166122045 -4.777953072880346 -4.1472365063167995
-4.795000498547626 -3.36513415201947 -4.317831108142668
-3.134514869264686 -3.057126979496025 -3.2328323250281747
-5.489986845606756 -4.995195873930254 -4.22093162758935
-1.9812475785667263 -2.0253401819163304 -3.2767965416783977
-4.036532424693173 -4.101090031237138 -3.242173870714965
-5.101134544393885 -4.351880781936285 -4.341337737872551
-3.2514094708659895 -2.3124501252355776 -3.8440526248842013
-2.835346965356198 -3.0844911192982956 -3.3960543463473636
-3.026453372642756 -2.131136368854559 -3.940689931053291
-4.225209475853607 -2.620474386395753 -4.633207546165588
-4.9490380949074355 -4.403807953348247 -4.232855525571776
-3.240778468611354 -3.604389293587059 -3.1258138159113207
-2.1983399757250024 -2.616377992914397 -3.1903869350395904
-3.1335229044001505 -4.383300964670603 -3.0515146851273345
-3.0635378396448463 -2.66023070226455 -3.60318118087102
-4.8638054025582615 -4.313345958433092 -4.126436850096924
-3.682567884817727 -4.010579359535172 -3.194818118120883
-4.070929439441185 -3.8848691939846436 -3.4194768016635515
-2.6712678815440043 -3.1825851165421435 -3.1297724389877812
-4.268041605692645 -4.1235465874642 -3.181462171747734
-5.130247091085291 -4.106563778685018 -4.311821989769884
-5.619262382082323 -4.54508496956364 -4.517645038687716
-2.523100164615129 -1.7210470453157887 -3.9288930312976227
-3.67340613404218 -4.343093745823471 -3.173906336247743
-2.563220811080537 -2.737258747699901 -3.2796264531198203
-3.375218309239088 -1.9278170425840697 -4.435282935721243
-3.7506994628731998 -4.349710257738634 -3.129011675783368
-4.269524150389531 -3.870333144429559 -3.4685680574187954
-4.134463700982377 -4.778678375040503 -3.333603577142722
-4.066115337311516 -2.8843321904868837 -4.242114453010553
-3.6806810136136288 -2.588305094358325 -4.047918029168022
-3.509356298186649 -3.765748938929634 -3.532595489067203
-3.625856253371831 -3.284543344721726 -3.598594600291939
-3.8075769288159833 -3.1657847049715198 -3.9301894759618046
-3.1911530880424857 -2.952830218965303 -3.24538352172561
-3.707600480942059 -3.5855614748791385 -3.135241406550771
-2.8948085601202864 -3.145092770540893 -3.117274476187624
-3.130178296992894 -3.206536015118903 -3.082631363653627
-3.7485511595011434 -3.2576407963484413 -3.8056232216317523
-1.5244298974224952 -1.4412021787310674 -3.328850001723239
-3.760023568808549 -3.1863135372164044 -3.7329145251635034
-4.468262954924535 -3.5150527322550955 -3.780596022284813
-3.134771902037425 -2.6304257234140604 -3.5758558374373703
-2.603085975359623 -2.9542127366090893 -3.1073197130615022
-3.3213591592648672 -3.203093783413936 -3.2876429289569566
-4.127565619142191 -2.3396677017057486 -4.487278265858361
-4.529664189492868 -4.269275201587794 -4.050070771525454
-5.84309400381039 -5.91222527157009 -3.083362141647172
-3.362287372823776 -3.0549815631016246 -3.6488274490043064
-3.6745039705388747 -2.054081342069957 -4.655894363068801
-4.69875566555183 -3.2203419494181214 -4.241640806457427
-2.905627527921535 -2.860059225235361 -3.4276077246166397
-4.1554209801886 -3.713009034652422 -3.9155543005651685
0.14800000000000002 0.364 0.304 0.2 0.19599999999999995 0.396 0.30799999999999994 0.292 0.396 0.14799999999999996 0.30000000000000004 0.16400000000000003 0.38 0.364 0.2280000000000001 0.128 0.31999999999999995 0.38 0.32800000000000007 0.348 0.19999999999999996 0.324 0.31200000000000006 0.248 0.16800000000000004 0.39999999999999997 0.21200000000000002 0.384 0.29200000000000004 0.356 0.2 0.33199999999999996 0.2799999999999999 0.18400000000000005 0.29200000000000004 0.288 0.3360000000000001 0.252 0.21599999999999997 0.33999999999999997 0.372 0.28400000000000003 0.324 0.396 0.2919999999999999 0.17200000000000004 0.26 0.31600000000000006 0.26000000000000006 0.28800000000000003 0.388 0.22000000000000003 0.3400000000000001 0.23199999999999998 0.364 0.272 0.264 0.24 0.18400000000000005 0.328 0.38 0.29200000000000004 0.28400000000000003 0.32 0.34 0.21600000000000003 0.312 0.36400000000000005 0.34400000000000003 0.32 0.292 0.344 0.396 0.308 0.33199999999999996 0.372 0.26 0.21999999999999997 0.32800000000000007 0.26 0.14800000000000002 0.30800000000000005 0.38 0.28800000000000003 0.352 0.16 0.392 0.18800000000000006 0.196 0.09199999999999997 0.376 0.252 0.14800000000000002 0.2280000000000001 0.392 0.20000000000000007 0.348 0.20799999999999996 0.256 0.368
0.009495135361987863 0.010060395255761523 0.00875551043460206 0.009985247181424574 0.011889892530947277 0.009630630415501546 0.008955718941896186 0.009357827486826072 0.014774092500694386 0.008354104672074293 0.008536114687152246 0.01288466881609418 0.008430671916801975 0.009787202127577997 0.009694980399932543 0.011718208555284012 0.009440512856987403 0.011242223773222811 0.008508496562466578 0.00824829550084303 0.008457399887442124 0.008431606544556339 0.010842736881419639 0.008711639104540212 0.01135611350009399 0.008442822172840259 0.016049472303698745 0.008321506628495482 0.009271606046292995 0.011194632917738168 0.010061521624434225 0.008396897210367817 0.009015567483777367 0.00835440620107214 0.008217722307310766 0.010049588588816844 0.012870496756290836 0.009828525247357441 0.010554392791811732 0.008189489784743402 0.009529343687298054 0.008899052656925529 0.008297406208870026 0.010573779439274617 0.010322485923381499 0.008605084568779685 0.013026390591803067 0.012397691611378233 0.008309215088336342 0.014285744543226963 0.008962917595599218 0.008732417732075703 0.013250650082549107 0.009744085292096992 0.00823469554257642 0.010123160325957637 0.01394732912378261 0.012362373705206436 0.008233622807100889 0.00841425332630019 0.008481560898624504 0.008784916515758193 0.011609655119729384 0.00844543814291479 0.008773833014260986 0.008166465261489567 0.009027543520492844 0.012975018653891321 0.016127696631672208 0.010518626615945244 0.008556791892699209 0.008319745387263055 0.012796601777617664 0.008636749421708799 0.00902425336179922 0.009177842756717805 0.011293845031216405 0.010399196155949964 0.008472702366829184 0.008718860504427361 0.009663864797821865 0.008400046006990288 0.008534095346054905 0.008230313474024356 0.008329317129844154 0.009227840294770894 0.009992798675850121 0.009106683269427854 0.009837258589279524 0.008804616736745905 0.00826150697957126 0.008330224213856815 0.013245773114577895 0.010776966471458803 0.015328279846070735 0.008745263649154338 0.014175601867142666 0.011939927429116311 0.008381034680867191 0.009761470582668247
-----
100
202485
0.1
-4.6515638890949225 -3.630101107295331 -4.151523644331099
-4.251612079071248 -2.737368403744618 -4.130817380347413
-4.603482747148148 -3.5726660586978527 -4.212297401759052
-3.495683569411316 -3.147041576782436 -3.5661139754495568
-4.133617263676871 -3.2233752390953834 -4.225094263553313
-4.011757204639705 -3.5668848584855612 -3.412486164550808
-3.5088606136120504 -2.938249223610832 -3.6680570338247533
-4.11371811969907 -3.0514180456473134 -3.976129138237748
-3.4315551943422236 -3.1508615345550126 -3.3736350383078824
-3.5882365919272803 -2.7743067488776325 -3.9795805464884477
-3.2976939508481693 -3.438150530117167 -3.2920696980708404
-3.144148130830141 -3.2129045399336262 -3.313500024797694
-3.4105856358109827 -3.056685187298334 -3.4973438984937335
-3.3095301847867864 -3.4652356058992244 -3.3779533013854954
-3.3589378334915945 -3.5650276529380687 -3.2393846087300426
-4.303204884386404 -3.394489227228877 -4.008209839979443
-3.5831151338160065 -3.392946399550936 -3.463821762989154
-3.733027259108156 -3.68050178518257 -3.6387243797512565
-3.603585903300832 -3.4255600007271285 -3.4436042851127215
-5.081614106143734 -3.9410888171260425 -4.216996628800376
-3.723200691536606 -4.028372278820521 -3.240576631532031
-3.6384494653608628 -3.33049520573593 -3.558676004349025
-3.4159025587314606 -3.037687922307988 -3.535406953874248
-4.183588304478967 -3.5427514817239874 -3.7437052728349833
-3.5070373608697523 -3.0263245808313672 -3.8134638234367433
-3.60940487923696 -3.0283147736615144 -3.687410901745299
-3.5309039026954143 -3.4364044278958223 -3.354667695929108
-3.430084577577494 -2.8314636147307284 -3.610157767464046
-4.428344771512809 -3.012221060016941 -4.318411729811513
-4.413774736514598 -3.102931008541456 -4.33112653206785
-3.9863931784189215 -3.031554078751208 -3.996531962992967
-4.944817951926568 -3.8346604068532186 -4.416665909302578
-4.03249911771109 -3.4781635658887877 -3.9531141292906824
-5.995312543547924 -4.950333418854186 -4.389449558677054
-3.2793760626610835 -3.108954721831727 -3.3461950108585676
-4.555181905932004 -3.345402596248722 -4.176134426995577
-3.8886834738660516 -3.429612381135341 -3.4741073671038225
-3.5638676069347373 -3.2339640802291822 -3.546046978993237
-3.821411835882035 -3.2483301248369347 -3.8403651276172734
-3.504665579796754 -3.073567145102089 -3.5366135342563245
-3.544394109928402 -3.3045664353674677 -3.6330842850055625
-3.7807888220149835 -3.5097288318242006 -3.7022263692755537
-3.9299148113039193 -2.9189917142660846 -3.9872173706210545
-3.6199855500023728 -2.95449544498719 -3.765094454225082
-3.3690435523094506 -3.1337274308093477 -3.515114739959021
-3.319153309623747 -2.731677334412104 -3.7193306305849845
-3.909008248066377 -2.9128875784334793 -3.936795193957124
-3.5534404920601483 -3.8625792963847805 -3.2452874338202853
-3.571609440922058 -2.8861108738593417 -3.6994368587200697
-3.418806911898298 -2.9965342582461494 -3.7792995498844375
-5.528070862762018 -4.586186456441796 -4.306446435263184
-3.7922165098803715 -2.9136548544521395 -3.7318100928676072
-4.12249237789425 -3.2587513449567083 -3.8429186368785584
-3.6997936845641535 -3.3878375186517875 -3.671742930031961
-5.275314734111379 -4.143874795545906 -4.378916147203072
-3.4065958907216043 -2.8956669135864246 -3.4672531055732483
-3.78357532991698 -3.288699997424323 -3.6071802925659036
-3.3075509374650025 -3.4873114019416893 -3.27466950558937
-3.2285614883022173 -2.911426436872676 -3.5568002735332835
-3.2934676560174614 -3.431921174388632 -3.2506902723837965
-3.473045759716782 -2.887070459358209 -3.5877508579489352
-4.723550887798688 -3.892010747354274 -4.171076225330965
-3.642747419079156 -2.9037527063357222 -3.769613630856346
-3.647493297734737 -2.693068521635336 -3.918788212384022
-4.386720209193798 -3.3817456992865877 -4.184261027957652
-3.834201086753554 -2.895807252769634 -3.7914534595672555
-4.439830997092569 -3.036056628943411 -4.284302008790079
-3.856334013699614 -3.693212591395496 -3.370317291551104
-4.761208542748158 -3.730383454625818 -4.385984182664212
-4.3785330082216944 -3.348427300249817 -3.8791329778916794
-4.616637215335039 -3.8313337635364326 -4.221567873059994
-3.362507423970864 -2.6501679734154244 -3.7456376421928668
-4.017105778111715 -3.3586653326852334 -4.073782139569304
-3.6349291609838126 -3.33338723884719 -3.49741385314396
-3.504185267582844 -3.1597290372317177 -3.4287598936802857
-3.536399706335499 -3.4616070481448475 -3.25156693071325
-3.5000593460478586 -3.4227081144893767 -3.311581736125203
-4.8755333157253355 -3.832889168311993 -4.256814836459653
-3.1992387310573607 -2.813135302386376 -3.531908346610459
-4.132895048071675 -3.5789281066064635 -3.654375694200779
-3.932096060644421 -3.162001351808015 -3.690172135774432
-3.4765709797738293 -3.2404098552489153 -3.6055345166604287
-3.631713460009599 -3.5221987511834647 -3.411058132226816
-4.434321818688575 -3.586186409444387 -4.124352046949892
-4.392340759080839 -3.877862666190107 -3.7153565398420176
-3.36255684696223 -2.7990268417774145 -3.773382894569602
-3.397700199214355 -3.3395394511940557 -3.305075110534111
-3.7678444473998347 -3.1022129318403353 -3.9119063901686464
-4.244318404773606 -3.517480669385063 -3.788247353989143
-4.130568873188577 -3.6253243413696588 -3.629452333344998
-3.6647736282916608 -3.292544940311819 -3.516766480755329
-3.493755325023786 -3.199589622231653 -3.4268505108319003
-4.848097154936415 -3.4676059049587256 -4.0797366893682465
-4.01858607122994 -3.2382762155711777 -4.1352528892843665
-5.068198311361364 -3.112108948617733 -4.2690938469956405
-3.578077527932875 -2.861608205501004 -3.757445984771149
-3.531824168751913 -2.6800140663415983 -4.00076473691827
-3.9516827929903258 -3.888172477667269 -3.274351958902135
-4.508411023402947 -3.7661598472589115 -3.873765042694908
-4.956406259353347 -3.995809241890479 -4.319248246814607
0.096 0.09999999999999998 0.092 0.09599999999999997 0.09999999999999998 0.09199999999999997 0.08000000000000007 0.092 0.08800000000000002 0.09599999999999997 0.064 0.08799999999999997 0.09600000000000009 0.07999999999999996 0.09599999999999997 0.088 0.09599999999999997 0.07200000000000001 0.08399999999999996 0.08800000000000008 0.08799999999999997 0.09199999999999997 0.07599999999999996 0.09599999999999997 0.092 0.09999999999999998 0.096 0.07200000000000006 0.092 0.088 0.088 0.092 0.068 0.09599999999999997 0.08000000000000002 0.09200000000000008 0.09999999999999998 0.07999999999999996 0.07200000000000006 0.08400000000000007 0.08800000000000008 0.09599999999999997 0.09200000000000008 0.07600000000000007 0.092 0.09200000000000008 0.07200000000000001 0.08799999999999997 0.09200000000000003 0.08800000000000002 0.09200000000000003 0.08000000000000007 0.08400000000000007 0.09999999999999998 0.084 0.07600000000000001 0.09200000000000008 0.08399999999999996 0.09999999999999998 0.08399999999999996 0.07200000000000006 0.092 0.08399999999999996 0.09599999999999997 0.06800000000000006 0.09599999999999997 0.088 0.09200000000000008 0.092 0.08799999999999997 0.08800000000000008 0.08799999999999997 0.08000000000000007 0.09999999999999998 0.08000000000000007 0.09600000000000003 0.09599999999999997 0.08399999999999996 0.09999999999999998 0.07600000000000001 0.07599999999999998 0.07999999999999999 0.07600000000000001 0.09200000000000008 0.07600000000000007 0.08799999999999997 0.07200000000000006 0.07999999999999996 0.08399999999999996 0.05600000000000005 0.09200000000000008 0.08000000000000002 0.09600000000000003 0.08800000000000002 0.09999999999999999 0.09999999999999998 0.09599999999999997 0.08399999999999996 0.07200000000000006 0.08800000000000008
0.009915666843028213 0.0115951849253896 0.010272468022239216 0.009317124758904066 0.010753527354545128 0.009035222746247466 0.009676364135031175 0.00975684605828823 0.009778196679735247 0.010801732444233861 0.010024091667461096 0.01040654657391101 0.009649776862284637 0.009684875978136324 0.010160920899681973 0.009313878811659295 0.009111216244922787 0.008770135794854443 0.009117678798635065 0.010773622549983085 0.010110995158847308 0.008968123541344812 0.009625601631655907 0.008637420640977665 0.00971785724820651 0.00939445314135408 0.009443447929117684 0.010033136596355853 0.012146809091417732 0.011967824418241712 0.009877961623566247 0.012166834794785577 0.00907963840489793 0.017910706628728217 0.010155706011898104 0.01033773571002771 0.008920778140282295 0.009146977690724634 0.009099726248656013 0.00945447055477876 0.009064938482258486 0.00873948990237586 0.01013671576003203 0.009623660112436082 0.009558175299432141 0.01055611133518811 0.009973601227902253 0.010034477921196024 0.009757510117169702 0.009837139207736887 0.013226002777546722 0.00958680400123185 0.009020581883789191 0.008846524709154443 0.012480955382456967 0.010071456005283518 0.008881375684577838 0.010074870462593885 0.01017728230259058 0.010231380591794403 0.00984598352348356 0.009977889371286974 0.009731406643926313 0.01074440994296945 0.010206131935469135 0.009691633357709957 0.011771579589554769 0.009148462873037234 0.011673503315875237 0.009093981403557654 0.01020346583417451 0.010795692935208484 0.00968804449659832 0.00904886745286004 0.009520417861938184 0.009884398877709907 0.009651982363443707 0.010680825905399068 0.010505335048760396 0.00860844768489269 0.009016064423525037 0.009212634876746655 0.009139777084390753 0.009668389518392924 0.00868945903217459 0.010378618369702351 0.00986111746129241 0.009553362710195008 0.0087038186198938 0.00860764745052694 0.009036166040933779 0.009477538465390218 0.010130546741864968 0.010180162017390245 0.012946270668162896 0.009879752447293798 0.011305133087657536 0.009663034591467855 0.008850944632357539 0.011236764821001494
