3
100 100 100
607 3943 172294
0.8 0.4 0.1
-----
100
607
0.8
-2.9250906234199565 -4.817486185404252 -2.0559482183093314
-5.581338675752894 -4.119665729841916 -4.3196977941904295
-0.39678173737674705 -2.374681729189906 -1.7086045933050826
-4.882330047694174 -3.2028523871861947 -4.139389741131273
-0.2747921874737429 -0.8710678362299848 -2.539150504702589
-2.897256623173043 -1.4899275025669576 -2.9460911399466183
-4.522942776517873 -5.4748518658159675 -2.0735408365689025
-2.2643536604386223 -2.5961151102617896 -2.312700936767376
-4.194266932979616 -5.423666903357107 -2.033291687684354
-4.4051879366893125 -5.911442913642512 -2.1689207127238257
-1.1763353521325435 -1.776568453688375 -2.15598990181944
-1.8825088440117215 -5.341214802160243 -2.0813937324891616
-3.2512766466811263 -4.055363326329941 -2.1611145079109724
-4.099566652253552 -4.56190029184873 -2.3223104521280358
-3.7945758886665706 -4.380027577618165 -2.7798635009350305
-3.267409461694645 -0.017570409753394856 -5.632817191839234
-0.2586066268913001 -2.0854029414006305 -2.212966473548428
-4.695011858601381 -3.2133563291329685 -4.094357900183571
-2.2912199381593523 -2.6614923440122102 -2.614840872902241
-5.173181793014509 -2.953084840850053 -4.734878062487184
-3.573496627777074 -1.0452171999013906 -4.084731888681263
-4.643887060342877 -0.9104505312591913 -5.563904159720174
-3.6674468393758417 -3.2390417685165724 -3.0319127640629944
-3.246334203021129 -3.782942277428182 -2.353829940923854
-2.0427017357309 -2.221000047422605 -2.3202142972531563
-3.1981021135594037 -0.28298853420413117 -4.538137125036295
-4.230950047981175 -2.724412883910205 -3.212659771157764
-5.355509291314889 -4.27355523279228 -3.374623437624147
-5.567348238958471 -4.415141911545893 -3.6662782635619777
-3.506260378013966 -3.8940378483343387 -3.3823187995389135
-5.349877472987108 -4.278623409452727 -2.8823886841287103
-1.3311560403544096 -0.13393655742561883 -2.777853255794079
-1.8875853716276225 -0.12597502600349397 -3.897540628648739
-4.843624694998237 -4.122994803745071 -3.6753802561908007
-4.5582294878173215 -1.2201152389974173 -5.652527885670526
-4.106629701470572 -3.08300191492267 -2.444630251926773
-0.9970740332541084 -2.0562622649318905 -1.9569381180505516
-5.1336547774703485 -0.9653459130115962 -5.98994502186353
-0.05841157901713068 -0.6502051142171297 -1.6702771872209228
-0.5438660518839509 -5.945470767061749 -1.7692684702595285
-5.1040030312415094 -1.9115705514916828 -5.388853180364465
-0.9843360913188555 -3.9868700320675616 -2.0619903982720533
-4.278919523077889 -4.1457231177586245 -2.9870746569721605
-5.493992922839459 -1.4345249358694936 -5.826480916453093
-4.430001121622141 -3.129281542903619 -3.59183581525147
-0.6134590074943551 -1.3323501731963958 -2.4945296348778467
-3.427187389943976 -3.659018197973369 -1.9160404988790187
-2.5649506056910303 -2.8816310767171394 -2.660466311487613
-0.252430999624913 -1.5003106066265293 -1.6498283540746144
-5.269811593910087 -2.6582305549489713 -3.6258284307571715
-2.3133908465329274 -3.9882836476565884 -1.584973816947418
-4.685360319306035 -0.7508515663058439 -5.9154174762807585
-4.001764625639893 -0.3729858003138533 -5.61695743877924
-4.594289772692925 -4.208563709186519 -3.1047350300963568
-3.8901820255500774 -3.0332746334609277 -2.3936593427159307
-1.6004287366726953 -2.9180885942805688 -1.8351039929389286
-2.3085949626464406 -2.1452488794248126 -2.8133734350457495
-3.079504358734152 -5.793143176322467 -2.2544254765429534
-2.0560723959458436 -1.0525195736046342 -2.8838872289418758
-0.12443748774319019 -1.408573910592441 -2.112368443054829
-3.776457413536197 -4.489192171468321 -2.557248954058408
-2.7623779265063773 -1.9377014703882587 -3.5323128433354904
-2.0135027446009066 -2.501235002727658 -1.6546848788706825
-4.212823491697675 -1.926996398114614 -4.372814475822717
-4.227251819820115 -4.00591078609254 -3.567089925665974
-5.813679599811065 -5.090215608810723 -2.3959975290269377
-2.2489152350967156 -3.218926372010135 -2.0236201409408627
-1.6786535468844894 -1.2399419272051837 -2.217421629745068
-5.2083065504922175 -2.6643789291347164 -4.716524817928615
-4.643091686145544 -5.0345137867593 -2.6907417038808528
-1.445634585072474 -1.4459812744955407 -2.3963257141389893
-5.683715239282444 -3.0022791948365417 -4.915253843901267
-0.43263776066607385 -5.400030966245341 -1.7185623279626316
-3.722201668347647 -0.2262442641862119 -5.665697279161584
-4.397883393106095 -3.803702396557454 -3.085580304822343
-3.7763712013955106 -5.959331447990238 -2.251161110725478
-0.3427791672668494 -5.485015023142823 -2.1501436478973135
-1.3002342210025617 -2.0820263037519258 -2.429898418455155
-2.3521445511153596 -3.685889311049651 -2.3292146672303975
-2.705398269924624 -2.0786985471014647 -1.8924748526671014
-4.132137678296257 -5.449185248071419 -2.150800193761871
-4.509727646144456 -5.666071417373047 -1.9635231610142476
-4.0410985553513665 -2.375651208735273 -3.850049117684619
-4.020381323918342 -3.627546884393342 -1.8851583716186227
-3.635178611040885 -1.2787080371705937 -4.025839231250499
-5.051769469523579 -2.692097106100011 -3.6517136487229034
-2.118686245743299 -5.874002894205572 -1.8781750954905032
-2.5488372286805907 -3.062867927696393 -2.3720621645972484
-5.153452755899396 -5.116677170915421 -1.9235185565273474
-3.588978599406755 -2.541089636249127 -3.16767496446318
-2.675723073325192 -1.6286128400984587 -3.1197358908253032
-3.1890852573660116 -5.17324167572589 -1.6735536689429384
-3.140520665812208 -1.2040530468676298 -3.8119835041311263
-5.0843249741409915 -1.6795286152919102 -5.060150550959012
-4.803418982818573 -4.703512407293427 -1.7209585347165053
-1.4668418896985296 -4.802810011684201 -2.309836293029707
-5.0127355761676355 -5.735953653972691 -1.9607515147002044
-3.740073762569026 -1.1474820594940187 -4.408607000215424
-4.527852430459151 -4.663432877623562 -1.9363584502849385
-2.7883039349332166 -2.3416835064172616 -2.1301638235294673
0.5254237288135594 0.34576271186440677 0.752542372881356 0.5661016949152542 0.7864406779661017 0.6915254237288135 0.49830508474576274 0.3016949152542373 0.5322033898305085 0.4542372881355932 0.49491525423728816 0.49491525423728816 0.4338983050847458 0.4745762711864407 0.7694915254237289 0.7762711864406779 0.49491525423728816 0.35932203389830514 0.49830508474576274 0.6847457627118644 0.7694915254237288 0.735593220338983 0.2915254237288136 0.20677966101694922 0.30508474576271183 0.7864406779661017 0.5627118644067797 0.7932203389830509 0.6610169491525424 0.7559322033898306 0.376271186440678 0.7898305084745763 0.46440677966101696 0.6033898305084746 0.6610169491525424 0.5220338983050847 0.6474576271186441 0.7559322033898305 0.7932203389830509 0.7389830508474577 0.5457627118644067 0.5152542372881356 0.3728813559322034 0.7762711864406779 0.22372881355932206 0.7389830508474576 0.6847457627118645 0.6508474576271186 0.7864406779661017 0.4677966101694915 0.7966101694915255 0.6610169491525424 0.6644067796610169 0.7084745762711865 0.6677966101694915 0.7186440677966102 0.4745762711864407 0.5559322033898305 0.5966101694915255 0.4847457627118644 0.5220338983050847 0.7762711864406779 0.7864406779661017 0.47457627118644063 0.7627118644067796 0.4915254237288136 0.552542372881356 0.7186440677966102 0.4711864406779661 0.7254237288135593 0.4 0.4203389830508475 0.7593220338983051 0.5186440677966102 0.7050847457627119 0.3254237288135594 0.4338983050847458 0.6779661016949152 0.5152542372881356 0.7491525423728814 0.4440677966101695 0.664406779661017 0.18983050847457628 0.7016949152542373 0.7084745762711864 0.535593220338983 0.7016949152542373 0.311864406779661 0.7864406779661017 0.2542372881355932 0.28474576271186447 0.7694915254237288 0.49830508474576274 0.7898305084745763 0.7694915254237288 0.6237288135593221 0.5966101694915255 0.7186440677966102 0.6610169491525424 0.6474576271186441
0.010000000000000004 0.010000000000000004 0.010000000000000004 0.010000000000000004 0.010000000000000004 0.010000000000000004 0.010000000000000004 0.010000000000000004 0.010000000000000004 0.010000000000000004 0.010000000000000004 0.010000000000000004 0.010000000000000004 0.010000000000000004 0.010000000000000004 0.010000000000000004 0.010000000000000004 0.010000000000000004 0.010000000000000004 0.010000000000000004 0.010000000000000004 0.010000000000000004 0.010000000000000004 0.010000000000000004 0.010000000000000004 0.010000000000000004 0.010000000000000004 0.010000000000000004 0.010000000000000004 0.010000000000000004 0.010000000000000004 0.010000000000000004 0.010000000000000004 0.010000000000000004 0.010000000000000004 0.010000000000000004 0.010000000000000004 0.010000000000000004 0.010000000000000004 0.010000000000000004 0.010000000000000004 0.010000000000000004 0.010000000000000004 0.010000000000000004 0.010000000000000004 0.010000000000000004 0.010000000000000004 0.010000000000000004 0.010000000000000004 0.010000000000000004 0.010000000000000004 0.010000000000000004 0.010000000000000004 0.010000000000000004 0.010000000000000004 0.010000000000000004 0.010000000000000004 0.010000000000000004 0.010000000000000004 0.010000000000000004 0.010000000000000004 0.010000000000000004 0.010000000000000004 0.010000000000000004 0.010000000000000004 0.010000000000000004 0.010000000000000004 0.010000000000000004 0.010000000000000004 0.010000000000000004 0.010000000000000004 0.010000000000000004 0.010000000000000004 0.010000000000000004 0.010000000000000004 0.010000000000000004 0.010000000000000004 0.010000000000000004 0.010000000000000004 0.010000000000000004 0.010000000000000004 0.010000000000000004 0.010000000000000004 0.010000000000000004 0.010000000000000004 0.010000000000000004 0.010000000000000004 0.010000000000000004 0.010000000000000004 0.010000000000000004 0.010000000000000004 0.010000000000000004 0.010000000000000004 0.010000000000000004 0.010000000000000004 0.010000000000000004 0.010000000000000004 0.010000000000000004 0.010000000000000004 0.010000000000000004
-----
100
3943
0.4
-4.895952845931549 -4.231187208503466 -2.624495761808928
-4.787393432652405 -2.908410439982327 -3.7528086550254565
-5.533593608482354 -4.439263744389108 -3.507252850899808
-1.4902368370679648 -2.105008113407209 -2.2598221901150213
-3.8650132466900073 -3.364871638002872 -3.3606465016292866
-3.1792327802577867 -2.8925052200802477 -2.627752336134683
-4.2410367718632624 -4.329468838568874 -2.3047998395616465
-4.728145366302925 -4.127202931696252 -3.4575944691454956
-3.7640204816928478 -3.0092028417245267 -2.930132626572556
-4.921435214267004 -2.531720527846848 -4.7446993815544705
-2.9849880874447052 -1.932445223020325 -3.287994503484085
-4.057131034348339 -2.4975455796565336 -3.857102103326694
-4.894352002631736 -2.8754086701087296 -4.226344979547553
-4.2881663052537755 -3.9323151124048605 -2.686645568822705
-2.04860100547422 -2.463178645462806 -2.287001188694054
-2.705483169788839 -1.8743737858061036 -3.163905053584158
-4.95618080453758 -4.61640318633876 -2.991870335658891
-4.540855422869544 -2.3088430811971037 -4.4279721577897755
-2.683527517520253 -2.7870031911674027 -2.7354873610228037
-1.5218094608525474 -1.714421662845758 -2.4226075149545956
-3.611874986599055 -2.656561745948241 -3.3088668268712387
-5.796334374699889 -4.033647488329441 -4.2659015789612384
-5.565881499209822 -3.862465257730127 -4.295370031107442
-3.7050628817986544 -2.339534495444283 -3.3363066399147066
-4.089461324598433 -4.637096253977715 -2.2718895436768682
-4.014158649122262 -2.0630192846490765 -4.101909231095185
-5.52953694068176 -3.764858130773577 -4.272016115374264
-4.436751544081251 -4.070330924163439 -3.521907106358067
-3.495794019759863 -2.9641485505107004 -2.649549003166852
-5.207560199250103 -2.126666824494274 -4.716815718899691
-3.6687494272849017 -2.5000224999661107 -3.407742420155833
-5.288167967809151 -3.1789212024299642 -4.522387941171492
-4.801911487943219 -4.839966058110912 -3.261185690486186
-3.098491626711721 -3.253667523648129 -2.649289283072595
-4.217301328148497 -3.587862893985927 -2.9721548030562217
-3.812102717304272 -3.375264976272037 -2.9593568346838164
-3.132059484815846 -2.380523774793632 -3.088401855273241
-1.7895779123414568 -2.75787164790876 -2.2640509501114043
-4.172496468407985 -3.0792400217634235 -3.1339485389273496
-3.3624588743733215 -2.879784876061394 -2.725175073929793
-3.436397158876129 -2.8869734548573103 -3.0410145840702687
-3.9713642726585268 -3.6834403711690324 -3.0394449130510264
-4.428318927056086 -3.140375848271099 -3.7719527967205306
-3.1092846114334205 -2.258114197620063 -3.118211695786842
-2.9686628175962166 -2.2498590550947224 -2.6384563585204157
-2.0377428082676814 -1.6496477000284806 -2.62101667567034
-2.7008056527945477 -2.5986718692830886 -2.6008404519967474
-5.121484045039278 -4.471720863601517 -3.811323758939951
-3.885142537878341 -2.6694586039931205 -3.48653729975751
-3.999445088767345 -2.298980310468413 -3.673931477377929
-4.769565235184531 -3.020214601610197 -3.999500518136838
-2.418404104063976 -2.6342678808408353 -2.3885769471747285
-3.196236353636706 -1.7988518402924853 -3.773228935195162
-4.335259187898904 -2.9651965962910887 -3.3623355454333597
-3.5085917059556175 -2.7777671358481317 -2.900046424798583
-1.8551283620653158 -2.3721382454538014 -2.32164528125869
-2.5347043627527865 -1.729338093549116 -2.901604678405517
-2.463087839605815 -2.2400577823017356 -2.5811227386700826
-5.822928466829212 -2.8023026340399753 -3.893550113400387
-4.077399573074585 -3.6816634095457297 -3.2284121745740246
-4.510185628048196 -3.8249026803054513 -3.4483927229684763
-4.513353744400589 -3.2734585862965013 -3.546321002303686
-3.227344694312838 -2.343273168933897 -3.151602329713903
-4.470042866548355 -4.697004556169478 -3.5553320931069523
-3.54725523968741 -2.2692865411126686 -3.684442620460923
-5.089767280726182 -2.055147481202137 -5.043592838315518
-4.590387123062911 -2.470472863778121 -4.432822100500839
-3.113845052681639 -2.472509797980374 -2.7788749928589525
-3.7044163272992874 -3.368321277554977 -2.550197262635362
-3.7437698549360174 -4.428827055363471 -2.198473893080526
-1.9282609011685896 -1.4900594429730494 -2.6417058085523037
-4.609858780333514 -3.2484940905256527 -3.262985379337023
-4.2294509536192555 -3.1097121635455522 -3.454926377303469
-3.6082765398832812 -3.364940756360004 -2.92484707585834
-3.687717263580484 -3.5398055200081693 -3.1019860030678554
-4.774723863277699 -2.855756196856437 -4.206577420069635
-3.6873342581625903 -2.2337166920983798 -3.357537722247068
-3.5283323668231743 -3.0509015353273115 -2.9362473628138255
-4.571443953882309 -3.3388520370130066 -3.8564634175778107
-4.63215071452191 -3.371451324394445 -3.4137058161460043
-5.7123931028421255 -4.0067850559517995 -3.751337762758977
-5.909347481511792 -4.440100655399558 -3.5951743857172875
-2.0171456251309636 -3.0944398428668505 -2.225114024962077
-3.1177736206122995 -3.3918876942010314 -2.468611327827378
-3.050560223392724 -2.6104682745295165 -2.799995737444019
-4.342423476025319 -3.1082412054944792 -3.9425345784164274
-4.769485375055714 -4.5762947587203815 -2.597651922265751
-4.414273008804939 -1.9409407082886752 -4.653209422286003
-5.403314657979864 -3.7760303127164763 -4.217118685850527
-4.001513593116477 -2.86784757178281 -3.4924402290881367
-4.672835057491048 -5.025151148050229 -2.3188779286076904
-5.9580746245152065 -5.143182230625875 -4.022318741073984
-3.511188407441252 -2.813599174066038 -2.8801449685411344
-3.605381045457542 -2.1103517072686344 -3.858145370594251
-2.3901912066367315 -2.670972854976594 -2.491366617927727
-5.247961768485791 -3.1361507138681244 -4.167009812765788
-4.581005467155785 -3.2735865541261813 -3.7761613549993833
-3.3073798197356035 -3.551372321939261 -2.316309093971131
-2.617588753660251 -3.6273746551127393 -2.3146948139626327
-4.38352606465067 -3.232685451769361 -4.024002586924183
0.2745762711864406 0.22372881355932206 0.36610169491525424 0.3559322033898305 0.3762711864406779 0.11186440677966103 0.2949152542372882 0.20677966101694922 0.3491525423728814 0.37966101694915255 0.16610169491525423 0.39661016949152544 0.2915254237288135 0.2779661016949153 0.3254237288135593 0.2169491525423729 0.38983050847457623 0.288135593220339 0.3830508474576271 0.37966101694915255 0.24406779661016947 0.14915254237288136 0.2305084745762712 0.31186440677966104 0.3016949152542373 0.22372881355932203 0.18983050847457628 0.3966101694915255 0.3220338983050848 0.3389830508474576 0.24745762711864408 0.2677966101694915 0.311864406779661 0.311864406779661 0.3694915254237289 0.36610169491525424 0.30508474576271183 0.38983050847457623 0.22711864406779658 0.0949152542372882 0.12881355932203398 0.38983050847457623 0.2915254237288136 0.18644067796610164 0.3593220338983051 0.3016949152542373 0.12542372881355932 0.3220338983050848 0.17288135593220333 0.39661016949152544 0.3966101694915254 0.20677966101694922 0.3966101694915254 0.17966101694915254 0.19322033898305085 0.36610169491525424 0.3389830508474576 0.18983050847457628 0.3593220338983051 0.2677966101694915 0.30508474576271183 0.24406779661016947 0.2067796610169491 0.3728813559322034 0.33220338983050846 0.31864406779661014 0.3694915254237288 0.11525423728813561 0.27118644067796616 0.36610169491525424 0.3762711864406779 0.29491525423728815 0.3152542372881356 0.34576271186440677 0.3254237288135593 0.2440677966101695 0.22033898305084748 0.3254237288135593 0.25762711864406784 0.25762711864406784 0.30508474576271183 0.3966101694915255 0.3593220338983051 0.3016949152542373 0.1864406779661017 0.34576271186440677 0.3152542372881356 0.37627118644067803 0.1288135593220339 0.288135593220339 0.2745762711864407 0.3152542372881356 0.2406779661016949 0.23389830508474574 0.32542372881355935 0.23050847457627122 0.14915254237288134 0.2779661016949152 0.39661016949152544 0.1694915254237288
0.0100323937416751 0.009933380082764643 0.012043255121535064 0.010983578674167426 0.008834537649941113 0.008738296974327686 0.009481690925224946 0.00994753972061 0.008687478066613236 0.01186620704036715 0.0095705701905743 0.009533505027526179 0.010728520568808794 0.009046881839618963 0.009865381969439726 0.009730037222116664 0.010451377980874834 0.010761089628048686 0.008921851663818236 0.011305516417510549 0.00888668275873309 0.014011021905515684 0.013047614687370136 0.009131315016970313 0.009649077328976224 0.010094096571016162 0.012737085868086315 0.009667495941184316 0.008714983113674434 0.012389020165896004 0.00903810097608428 0.012220035093225627 0.010758167326485081 0.00863782659005876 0.008866821359904681 0.008631535944925928 0.009013067543614197 0.010038918136640332 0.008898812571021195 0.008701709060804518 0.00867658543875737 0.008749483025467724 0.009535855791979408 0.009129140757071445 0.009248998410085273 0.010597855878031784 0.009051619290104446 0.011657567855425733 0.009048323965029737 0.009458762009865949 0.010197263234587178 0.009330622169572644 0.010039043005465226 0.009135712073848144 0.008728723689308309 0.010129316855379893 0.009988028793294627 0.009490673071337998 0.012621428492773534 0.008893142656015582 0.009462403002904558 0.009383734967484651 0.009041460567202397 0.010583256649567387 0.009406842152534045 0.013008035654390139 0.010769876245170038 0.008953937567658382 0.008708270625521323 0.009357514490014308 0.010992175804476595 0.009324603657268326 0.00907421854929552 0.008578466471898038 0.008659717521432094 0.01052855127944477 0.00922859031930738 0.008615571148367574 0.009823118099317501 0.009420139233503553 0.012430591794326849 0.013501703736196516 0.009687329289371053 0.008705837780219716 0.008857674902497541 0.009708126799463113 0.010109610569882311 0.011292569219162997 0.012262792860102756 0.009022454233655676 0.01076096247421467 0.01695706065958326 0.008712710331371725 0.009712580267357827 0.00925928450819825 0.011308423788140653 0.009703039374295827 0.008810206923182975 0.009064632446210533 0.009907299106654515
-----
100
172294
0.1
-2.969172149124933 -2.6237435538813756 -2.753289970791039
-3.307453673388373 -2.5058375461530993 -3.0033254385999433
-3.317395811925272 -2.8664131870916285 -2.729037775409708
-3.2345283312906967 -3.156288374998071 -2.592171706985841
-3.5819898489472033 -2.1501462590102065 -3.5828322737329446
-2.9941192226378566 -2.647867294031022 -2.772364140994736
-4.227685049379854 -2.822392848482381 -3.703461245995824
-3.2102459849935063 -2.8967548237229788 -2.6208472520512434
-3.4845114646376563 -2.737285177686757 -3.1011021780246786
-3.4046506611769307 -2.5126726001421162 -3.171537130280651
-3.602320064929963 -2.3885145931474825 -3.348232047194649
-3.359113111600561 -2.9544713470216575 -2.735794494750139
-3.4892652673795355 -2.7250923969192202 -3.193933581829754
-3.2092650512956173 -2.934680619774306 -2.616980283050729
-2.884227938224109 -2.594615338234246 -2.789968708404967
-3.150207240007173 -2.5573437078074743 -2.8000890848745943
-3.3915507664772875 -2.941439923321581 -2.8485684733099346
-3.491625796406124 -2.7062693974439496 -3.251247239917876
-3.4441267563703963 -2.9011062371375926 -3.0926559007466765
-3.0537154122748293 -2.7230712824687746 -2.6869154863598843
-5.175288781128118 -2.2461572481474046 -4.030551839550436
-3.963969817237886 -2.504416400631073 -3.512057640524002
-2.869206619048289 -2.535004630833689 -2.7721411284477444
-3.962590739405713 -2.6200654075467287 -3.5730682522647443
-2.966694101107047 -2.2629334968515287 -3.023609125038342
-3.40427982245425 -2.6975046616264566 -3.03368405466721
-2.9281515108079352 -2.6355905003440974 -2.6186466056527964
-3.1055295002335086 -2.5695863327058137 -2.8898718217483395
-3.4099450143163654 -2.8816345643645187 -2.9808767211964273
-3.4220540546598532 -3.104310799615534 -2.723657038691399
-2.8773737283119676 -2.633109809344288 -2.6791555607457633
-3.303526124607881 -2.73468999321064 -3.058051169478536
-3.050093222653566 -2.626097839582999 -2.8351829645103286
-3.0005240973269154 -2.3858016853007205 -2.8064727598965327
-3.5321952367422194 -2.4734765922750683 -3.268345708168634
-3.3950079723980595 -2.750449316390486 -3.040708821884046
-2.994855274027783 -2.9061936264884634 -2.6075043090144416
-2.9169788143680884 -2.4514456961902455 -2.817015811036939
-2.976624408343135 -2.6546055341618797 -2.798576273267988
-3.2974755044911497 -2.4665357972988753 -3.032591185454159
-3.2793601285059606 -2.335898473064935 -3.073662038903058
-3.1536771859829003 -2.462241088737444 -3.006280166294729
-3.530223122869987 -3.208363721595814 -2.75250986457685
-2.9575362041198874 -2.8481145812776925 -2.5818370024344124
-3.530028544348976 -2.0592130674707487 -3.4219611200415527
-3.2554484671988613 -2.671325615465503 -2.899264807630056
-3.050213542726798 -2.926369583019922 -2.5688842957213867
-3.976175125224617 -2.958796157067626 -3.3423457367586926
-2.7498734354297962 -2.4693518359171076 -2.74203598478838
-3.2482475479351534 -2.700399285487491 -2.7733093656040895
-2.8693678891974597 -2.4263245053807223 -2.733674504144539
-3.312308578041627 -2.475148345045727 -3.131725801953378
-3.1020703422880427 -2.5343506387260977 -2.819327775637248
-3.2524713366359275 -2.8213834969746756 -2.664580297883855
-3.382449319242266 -2.607402813474126 -3.103911003847487
-3.7166458430308387 -2.7908311068778797 -3.264158479693455
-3.0123658315392245 -2.656405841460754 -2.709949714513765
-3.0858565221192737 -3.0125252623085004 -2.501864574073671
-2.8101821641206954 -2.577741955322677 -2.657114216955757
-3.4210966104848235 -2.8076939119894053 -3.113731759932975
-3.0045023250036857 -2.49088907217787 -2.9575246701761944
-3.1156501091284188 -2.913499568284836 -2.5895910789524765
-3.102914148674325 -2.7117723426032954 -2.752171034506708
-3.02145064545237 -2.301298793091537 -2.888011977687028
-3.4883504947403035 -2.0597619850342093 -3.434453356594101
-3.158039346693472 -2.561938446859727 -2.9352884730684337
-3.134091754085222 -2.682565979028424 -2.71400896333651
-3.378191976422851 -2.4948033076602556 -3.1195524388720046
-3.195288830991326 -2.403054825034127 -3.0538084129909966
-3.3905861570376086 -2.6565484971168463 -2.9418482547071587
-4.017690376345056 -2.614972442544383 -3.502457051862635
-3.2743255484506575 -2.4689423293113593 -3.1595128004091033
-3.0841548351222494 -3.0018088550350313 -2.555889988546417
-3.366405877640592 -2.8616949508167053 -2.8445847266039492
-3.1927541489711775 -2.178411499437713 -3.3846103133296044
-3.0666235022548713 -2.492023810228684 -2.916324696384374
-3.248151720904216 -2.6894920399519755 -2.995130361184582
-3.1063832717475752 -3.308623640097183 -2.4834538498828485
-3.1942185560713083 -2.623742723244185 -2.8542970684757316
-3.430401282935371 -2.6031214817641057 -3.068035579441986
-3.417819891064178 -2.485748707153292 -3.1508907249809246
-3.813750451017149 -2.4050324861575287 -3.4401276979861977
-2.89205497784467 -2.391717807103421 -2.768546420810035
-2.8895548333362204 -2.803547392843673 -2.485531259827698
-3.497815191341897 -3.0284852654343255 -2.8569717220381454
-3.031011391827235 -2.646728545752563 -2.723665101957153
-3.0006405846965354 -2.894542254273725 -2.63312544158506
-2.952159172981395 -2.503972291886793 -2.793069896652769
-3.490489318577962 -3.053309365308038 -2.656951848611926
-3.440882367946138 -2.39848113035065 -3.196358978307974
-2.969879415375664 -2.415757774571392 -2.7709567913676305
-3.008573294295706 -2.548352413809352 -2.7478436961330153
-4.331461526615781 -2.9288139271680373 -3.5992376560562027
-3.2873914651134175 -3.069318576607188 -2.5442466168588314
-3.5233991017087596 -2.8532807333504544 -2.938235947988665
-3.8267584111855513 -2.474735416543206 -3.510254365514002
-3.792845878527703 -2.9530376638591567 -3.191790558816431
-3.230225802120486 -2.56561106371377 -2.907079893267363
-2.8834638772081593 -2.2891316797074768 -2.904565808942933
-3.1538595536554834 -2.676297148681389 -2.7358033486719577
0.08813559322033898 0.0949152542372882 0.09491525423728814 0.09152542372881356 0.06101694915254241 0.09152542372881356 0.09152542372881356 0.06779661016949154 0.054237288135593226 0.09491525423728808 0.07796610169491525 0.07118644067796609 0.09152542372881356 0.08813559322033904 0.09830508474576272 0.08813559322033898 0.09152542372881356 0.08813559322033898 0.0847457627118644 0.0847457627118644 0.0847457627118644 0.09152542372881356 0.09152542372881356 0.0847457627118644 0.08813559322033898 0.08813559322033904 0.09152542372881356 0.0949152542372882 0.09830508474576272 0.0847457627118644 0.08135593220338977 0.0847457627118644 0.07796610169491525 0.0847457627118644 0.09830508474576272 0.08813559322033898 0.0542372881355932 0.08813559322033898 0.0711864406779661 0.07457627118644068 0.07457627118644068 0.09491525423728814 0.07457627118644072 0.09152542372881356 0.09152542372881356 0.0949152542372882 0.09491525423728814 0.09830508474576272 0.09830508474576272 0.08813559322033898 0.08135593220338988 0.09491525423728814 0.07796610169491536 0.09830508474576272 0.08135593220338988 0.07796610169491525 0.08813559322033898 0.09830508474576272 0.09830508474576272 0.09152542372881356 0.0847457627118644 0.09830508474576272 0.0711864406779661 0.0983050847457627 0.09491525423728814 0.09830508474576272 0.08135593220338988 0.09830508474576272 0.09830508474576272 0.09152542372881356 0.07118644067796609 0.0847457627118644 0.07457627118644072 0.09152542372881356 0.09152542372881356 0.0983050847457627 0.03389830508474577 0.09152542372881362 0.09152542372881356 0.0949152542372882 0.08813559322033898 0.08813559322033898 0.09152542372881356 0.09152542372881356 0.06440677966101693 0.07457627118644061 0.08474576271186442 0.08813559322033898 0.08813559322033898 0.09152542372881356 0.08135593220338977 0.08135593220338982 0.09830508474576272 0.08813559322033897 0.06440677966101693 0.09830508474576272 0.08813559322033898 0.0949152542372882 0.09830508474576272 0.08135593220338982
0.010540367232217547 0.009651149085185634 0.009809297034377268 0.010504737400480024 0.010527139722759125 0.01040069490966975 0.008409841189368496 0.010350961125674225 0.008920577956055236 0.009336888733790608 0.009407549223713995 0.00970036043735835 0.008854610889756597 0.01035886038982711 0.010673927276689784 0.010195813606277368 0.00932775933045649 0.008854556979774855 0.008838599474718985 0.010467378007753644 0.012111931241534158 0.008924301062017812 0.010856934469785022 0.008698353074233441 0.010898638151328877 0.009146937654608727 0.011080640871401108 0.010029061846987214 0.009047238261597418 0.009678889508967897 0.010967436332160517 0.009206995437999684 0.010158865045697534 0.010833299221745904 0.009246014978813654 0.009083460472717799 0.010790623156311727 0.010807903475650148 0.010358486102682925 0.009713323382471401 0.0100502656601573 0.00997449559080146 0.009514775524261953 0.010992498109464748 0.010826516097308636 0.009611122878983424 0.010846022132370405 0.008188848283926046 0.011378616100457309 0.009907584076639378 0.011204514457884975 0.00957158594862627 0.0102650615363793 0.010156965200533946 0.009229907506050876 0.008518420125860151 0.010544199977928501 0.011125276730743665 0.011290965970422073 0.008911426408251813 0.010262278769217528 0.01063272437727433 0.01017681214319718 0.010859764287987801 0.010882890204706218 0.009866670227877312 0.010284818083433386 0.009448095250698813 0.009999389634091563 0.009379161015783368 0.008646703176547539 0.009627144332450521 0.010852153581026277 0.009405538191282627 0.010783561984022671 0.01020226701908748 0.009426438458930195 0.011517940353537683 0.009872382648239945 0.009220846643407377 0.00939647754558726 0.009232079703876347 0.011141275669761861 0.011634517620942308 0.009173331238400364 0.010476992842102927 0.010674964465617663 0.01067629859804462 0.009860362603749959 0.009568643528307007 0.010908836704224158 0.010604590678231034 0.008197408474982435 0.010602042988726496 0.009028836796613244 0.009063622486627308 0.008378700063482276 0.009804075542267912 0.01115991811068653 0.010189971883298102
