3
100 100 100
1292 4100 150281
0.8 0.4 0.1
-----
100
1292
0.8
-1.9641996702815856 -1.5185835850331708 -3.277595197922884
-2.604611241318786 -0.2344391813318758 -5.001827691153558
-2.279771069964575 -1.2388811232341688 -3.384735328532559
-2.662722208692107 -0.68343909776946 -4.362375298654452
-1.3655620315061858 -0.6745888677415763 -3.2373171464799237
-2.0850504013632 -2.2577904602539314 -3.008331303183068
-5.649039919346899 -4.766741473887828 -3.2348097115311414
-2.0295207971889706 -5.447288009725454 -2.7221636671029183
-3.258320304293187 -1.1686400638323544 -4.5426406405169555
-3.27897731453417 -2.4479323123042844 -2.88022874667518
-3.5900104215132966 -2.6174262838138795 -3.9183803190564293
-0.9455848141644028 -5.380739252770853 -2.6945975106801128
-5.142007740434852 -5.286303266904978 -2.567060877516453
-4.26463537006443 -1.7195296626676173 -5.233199749342248
-2.252112243823974 -0.02018073357249328 -4.6309622954036564
-2.356694149196197 -3.295997154844046 -2.7137780988910265
-4.260540593558656 -4.917476916537419 -2.6091901276463485
-3.442360543255105 -5.658248627391323 -2.4270289127048135
-3.5358330509159344 -3.1855581404466533 -3.3196001340906074
-2.583326048925587 -0.5223438698667362 -4.527581978515563
-0.23178074908513224 -1.4163457809641296 -2.7195631187869687
-0.6489497123340868 -3.803657250215597 -2.7601998346827226
-2.2879611246154217 -5.068937898841566 -2.3465402829829753
-4.02233178598905 -3.929780590623822 -2.9042245265333615
-5.3713462245380965 -5.527426148583006 -2.6436507456066707
-1.4109676699804332 -0.12599865225814 -3.8784087004719248
-5.354042372446862 -3.2119857984908626 -4.037249298722244
-0.048899923286004565 -3.440596669771889 -2.3366149334333524
-2.1447909545050385 -5.899686736925274 -2.477195954644804
-3.6087027897829955 -2.4160471620746873 -4.178489502646027
-3.4927614792233572 -2.851709365928924 -2.7203568958997137
-5.691219063264428 -2.5616101405741327 -5.733422293252147
-4.015830827656705 -0.7727791063186427 -5.700157628657032
-3.6677046110439018 -5.880396463739853 -2.3541026695876215
-3.417392989578063 -1.4940897626832284 -4.175602750886482
-3.842239182432022 -1.6610634920550478 -4.656820866847577
-5.095737365884116 -5.43360358632817 -2.7744218394694204
-3.476612367273405 -3.0638956818990675 -2.838460532878931
-4.194815653444001 -3.5050661798355693 -3.1301188777443874
-2.947963097914521 -1.587421747114277 -3.8321411582637754
-0.266629891192002 -2.4728591350551214 -2.722015058158973
-3.164438696270623 -2.3493126245484923 -3.2037484998525803
-4.03134835918136 -3.2810289288887375 -3.0963287175660725
-3.496801155397175 -3.0016393238094152 -2.589700052014733
-5.823131730923098 -4.607102853466499 -3.834901066719793
-0.4385240410857758 -4.761351757862056 -2.374348018180901
-3.0049863170596294 -5.62353840201853 -2.673590296602569
-0.4392463390972736 -2.0837978672402415 -2.446096564015029
-0.41736771227622604 -0.8934337498654674 -2.5776538539158906
-4.277595930187308 -4.713880913392665 -2.8176025487903495
-4.744848306481051 -4.98723786173261 -2.8814830752802
-4.674381848207609 -4.658026963932002 -2.4857709677180875
-2.229917004521446 -0.9765475104882775 -3.604121889972711
-5.923393253277786 -2.6704770436601426 -5.9795982016709
-2.0407061076669852 -1.5712545034810521 -3.063858200914466
-3.2724104672356815 -1.006648460338326 -4.703652121774575
-1.438650534156885 -2.228782027847912 -2.5004221810376217
-0.1569588267351456 -2.4354575321194187 -2.740518910906747
-1.5838311030708159 -2.411436162869 -2.649619711015047
-4.0863919201110726 -1.611888872764374 -5.2540375562841035
-2.6071506733607435 -0.16323427878077723 -5.07184646189665
-3.3580356722058777 -3.4446779156547924 -3.077480680076134
-4.484440303010786 -4.348764573855997 -2.941015678255366
-2.4087977712838335 -1.90534217492924 -3.1633180945467756
-1.8438041230483684 -3.1292169255527984 -2.492871515427524
-3.4965663144357633 -2.3235232648888227 -3.140558812541338
-4.2101506820711565 -3.132865346066875 -3.583447171378363
-3.7808502705796463 -4.6120474169080925 -2.449422078728505
-5.761096138315504 -5.547893416481678 -3.2206553069992947
-3.7485338276271003 -1.9251160295639274 -4.517713049685973
-0.4937590140088792 -4.044327220295207 -2.427165220050368
-3.9557575652045265 -3.677674257046886 -3.1321885093849393
-2.458478269537206 -2.8883274588142087 -2.7723303682685043
-2.5929045284905747 -0.0719288653592951 -4.963943120841406
-4.725165434636768 -4.010709345211369 -3.721232653341346
-0.5459326572132328 -5.4188109461294545 -2.76516331049043
-2.9206634972733188 -4.808448793316462 -2.6700527390124056
-2.453196703465616 -3.994663632762246 -2.3873305729576337
-4.118061579047253 -5.717121518710697 -2.412329650891389
-1.4846938725099772 -3.2119993878196422 -2.7389189645249465
-2.72026239010227 -2.918707345212448 -2.4514252691278653
-0.5116647185133534 -2.3137268070035466 -2.4301347251339824
-3.321617843188687 -2.898924119256384 -2.575824884672388
-0.21366986640616759 -1.2157983550386762 -2.629234799087631
-4.046427235652514 -3.4331611730365146 -2.5124685019325694
-5.101401713014072 -3.9862640840769177 -4.33169001708195
-4.927041352182209 -2.0519796959028143 -5.408889498458035
-2.5935261098368088 -0.0015348130786811964 -5.098356058088687
-1.8374861460494474 -1.3915260916214063 -3.1485162500900006
-0.015718857014070053 -5.733716259700737 -2.6492912319739848
-0.8360098733176553 -0.8824796958444958 -2.8330364436757063
-2.988179724252747 -3.5280396498330067 -2.379119503868624
-4.737397378624378 -5.306800587302556 -2.4943579381761265
-2.1443725609112105 -0.4624892030744512 -4.1538743241922305
-4.306589353224569 -2.1015035895709215 -4.262054987214152
-4.091202251373973 -5.745130977595913 -2.6856883277276626
-2.6966921673671944 -0.3278520855956515 -4.91615727458824
-3.904443595804769 -1.8986013830747925 -4.640503476305204
-0.983328973826815 -3.9673703991993854 -2.387952696777282
-5.208973861803875 -3.9549703558126446 -4.242741494901123
0.556 0.536 0.768 0.796 0.608 0.6240000000000001 0.512 0.692 0.6839999999999999 0.768 0.6160000000000001 0.672 0.62 0.556 0.712 0.4 0.404 0.692 0.264 0.6839999999999999 0.644 0.74 0.796 0.232 0.796 0.452 0.408 0.784 0.624 0.7999999999999999 0.712 0.476 0.692 0.784 0.736 0.6799999999999999 0.45600000000000007 0.552 0.26 0.592 0.688 0.45599999999999996 0.516 0.692 0.752 0.768 0.612 0.688 0.656 0.508 0.6000000000000001 0.784 0.724 0.716 0.508 0.5720000000000001 0.648 0.732 0.392 0.78 0.544 0.18400000000000005 0.47600000000000003 0.356 0.616 0.768 0.64 0.6679999999999999 0.768 0.512 0.7 0.628 0.296 0.696 0.29200000000000004 0.76 0.48 0.76 0.696 0.684 0.732 0.688 0.704 0.416 0.7999999999999999 0.352 0.6 0.56 0.33599999999999997 0.544 0.46399999999999997 0.772 0.588 0.652 0.516 0.66 0.548 0.488 0.752 0.7000000000000001
0.010000000000000004 0.010000000000000004 0.010000000000000004 0.010000000000000004 0.010000000000000004 0.010000000000000004 0.010000000000000004 0.010000000000000004 0.010000000000000004 0.010000000000000004 0.010000000000000004 0.010000000000000004 0.010000000000000004 0.010000000000000004 0.010000000000000004 0.010000000000000004 0.010000000000000004 0.010000000000000004 0.010000000000000004 0.010000000000000004 0.010000000000000004 0.010000000000000004 0.010000000000000004 0.010000000000000004 0.010000000000000004 0.010000000000000004 0.010000000000000004 0.010000000000000004 0.010000000000000004 0.010000000000000004 0.010000000000000004 0.010000000000000004 0.010000000000000004 0.010000000000000004 0.010000000000000004 0.010000000000000004 0.010000000000000004 0.010000000000000004 0.010000000000000004 0.010000000000000004 0.010000000000000004 0.010000000000000004 0.010000000000000004 0.010000000000000004 0.010000000000000004 0.010000000000000004 0.010000000000000004 0.010000000000000004 0.010000000000000004 0.010000000000000004 0.010000000000000004 0.010000000000000004 0.010000000000000004 0.010000000000000004 0.010000000000000004 0.010000000000000004 0.010000000000000004 0.010000000000000004 0.010000000000000004 0.010000000000000004 0.010000000000000004 0.010000000000000004 0.010000000000000004 0.010000000000000004 0.010000000000000004 0.010000000000000004 0.010000000000000004 0.010000000000000004 0.010000000000000004 0.010000000000000004 0.010000000000000004 0.010000000000000004 0.010000000000000004 0.010000000000000004 0.010000000000000004 0.010000000000000004 0.010000000000000004 0.010000000000000004 0.010000000000000004 0.010000000000000004 0.010000000000000004 0.010000000000000004 0.010000000000000004 0.010000000000000004 0.010000000000000004 0.010000000000000004 0.010000000000000004 0.010000000000000004 0.010000000000000004 0.010000000000000004 0.010000000000000004 0.010000000000000004 0.010000000000000004 0.010000000000000004 0.010000000000000004 0.010000000000000004 0.010000000000000004 0.010000000000000004 0.010000000000000004 0.010000000000000004
-----
100
4100
0.4
-4.077610034970096 -3.219437430561191 -3.515691889571526
-5.890629770207779 -4.3012160001237865 -3.822958169408464
-3.0942056037118095 -1.7337542719896448 -3.853727698032518
-3.086033341442225 -3.099898562378471 -2.94897489825505
-5.936104841006384 -3.804249166712926 -4.837331774808044
-4.097915254049193 -2.801262370626976 -3.824577106851614
-2.4899333562014068 -3.2080845282283215 -2.7145092523622676
-3.324932124315033 -3.52662881551101 -2.9795615559061703
-4.159129895046551 -3.1138759950402646 -3.912598048893372
-3.639314625472103 -2.6095536198926057 -3.7882410676996647
-3.922840766202623 -3.945644721419735 -2.665176402741218
-4.509729294984679 -3.0898912315849683 -4.354445061187196
-5.755604370858931 -4.522719649193678 -4.223092104355527
-4.428877318568163 -2.492239683637934 -4.184357354678947
-1.7333244923212083 -2.0522861150580933 -2.752397722535284
-3.790479952233095 -1.8301046516166877 -4.423606807566973
-3.3425291293614188 -3.3103052381073454 -2.7697874843187056
-5.368931233039512 -3.225867181784216 -4.462333631482278
-3.3626544321723237 -2.416558591103782 -3.6185217183701135
-3.2824457783360894 -2.878281571815706 -3.346701842952709
-2.5769440123073473 -2.9094230860998693 -2.8151439452194404
-2.247292905925891 -2.5183224812481146 -2.8130658131203425
-4.086999257265607 -3.0539252486200943 -3.777856003463893
-2.862611723623097 -2.1695764877148185 -3.4352321466007862
-3.8469655078908973 -2.180212064075681 -4.3616084686376135
-4.906910058164881 -3.651328102844737 -4.196604774028585
-3.197196965826695 -3.0300840072638517 -3.004618365953604
-4.898566122946893 -5.3454953865388335 -2.764556684223997
-3.299094436225711 -3.942823738619185 -2.781836935069503
-3.085803781050853 -2.46471139143114 -3.3724303722552977
-2.923549154502627 -3.344875819675599 -2.9185804884007336
-4.033969559382673 -4.558478665450838 -2.78549873507742
-4.417232656412702 -2.6363944300068254 -4.467839116072982
-3.305729489409212 -4.599763128070906 -2.6414944775803297
-2.1824697648067666 -1.6028455517600078 -3.2727936352991436
-3.0160394790975373 -3.3959847171957795 -2.8223431966832275
-2.4896547689974833 -3.3483692159478546 -2.6589372160325104
-2.4074037298974904 -2.320328438123679 -2.9134064896697867
-3.7101657774232 -3.903824702387789 -2.8136323183563463
-2.9842734672778928 -3.294849080477205 -2.7700310836432047
-4.597232008936431 -4.6407241794139455 -2.7294656380916584
-4.121694409915725 -3.0747541565400605 -3.7218193048636348
-4.885746087446485 -3.3704699128923137 -4.2933302843165215
-4.2616656493134375 -4.142915671586007 -3.1185610877985295
-2.202046782304088 -1.427263492394462 -3.3611328365650808
-3.075819735641585 -1.4039657127527476 -4.1554283963912155
-3.5423217690130486 -3.8754269423937124 -2.937292190239602
-3.4997314583830983 -3.691041752502925 -2.9077608362333422
-2.124249040719114 -2.446606530487915 -2.723924622478093
-3.855992213110129 -2.0963526326193236 -4.210817839699144
-3.8043173432807516 -3.6050845884609304 -3.0257108207911103
-3.327086909344096 -2.2151544579416393 -3.688204621274055
-4.719309405428797 -4.831731362140865 -3.1925939955419365
-4.166333883449291 -3.521644232928994 -3.254133369529954
-3.445009584392873 -3.341816085113011 -3.209922720246693
-2.5791764868299047 -2.805073387888144 -2.6810580637470185
-2.396429965583457 -2.4344411160027866 -2.8728014831319024
-3.5206634594295396 -2.945994716283828 -3.2597542506882227
-3.7386152595288813 -2.9484760631918587 -3.46198653796013
-4.325446985992784 -3.8957709220802244 -3.35305194981834
-3.2115364138553177 -2.0658140559264435 -3.7065509459830253
-3.1903879824517065 -3.454732014109464 -2.7610449326884443
-4.243554205420897 -4.08108945877807 -2.9540694014088507
-3.334456966177835 -3.407678134617782 -2.7060874678987914
-3.9254831282065767 -2.995224156426102 -3.416828139233491
-3.8708302587490078 -3.3503926753817455 -3.4910111589619297
-2.1936536739965655 -2.5212395132632617 -2.6843017665417936
-4.078381746798886 -3.1493975289531333 -3.5423402690796486
-3.3748550504496007 -2.682978944876187 -3.5242139715245546
-3.9308984775818736 -3.7460020091654123 -2.8522019758484523
-2.8567341830962554 -2.6470207456642223 -3.070674885703236
-4.111508072973093 -4.080593536657538 -3.065531543497453
-3.786393907686687 -3.7561800907173475 -3.182157568098644
-4.706677195142654 -3.218682146708267 -4.49355518934833
-3.5892816202678657 -2.194780507058083 -4.2339647403518565
-2.2423244685547292 -2.0656658352045363 -3.0062018731939757
-3.840386070235532 -4.11379595744531 -2.961515177111204
-5.034924065099044 -4.159094823555934 -3.1233076889699305
-3.2300582971027767 -3.1762423840990976 -2.8793076978638354
-4.164510066750956 -3.9051858915804516 -3.1441806778003927
-4.638929062997007 -3.943209727925777 -3.476613729025499
-2.810260606020888 -3.5331689774746664 -2.7857456035983716
-3.457462035211622 -2.245016619460901 -3.60535210340773
-4.6922908302693696 -5.314161449634023 -2.641921987820645
-2.6943579599340546 -3.8347988839673213 -2.738045510994534
-3.7308702688399946 -2.9543058850970763 -3.5215112046017687
-3.2424914015020314 -3.0882576786939917 -2.9908675702797898
-3.7921027877262006 -2.3636904497682423 -3.996986385256966
-4.068665585605346 -5.378345794030659 -2.801045077836152
-5.180809188310959 -2.8559194169205817 -4.264794981332545
-3.508534381252284 -3.0616362248081423 -3.3398763326697702
-3.4532271969397255 -2.424162563869625 -3.508733133172243
-3.1976262822931507 -3.2151591241425512 -2.825257200655467
-5.255276391575747 -2.9608690282487986 -4.77083630299961
-3.8069096180501103 -3.0757659106904556 -3.267116996184832
-3.636097109110254 -3.2952515876314483 -3.31135434377068
-3.2087441411159197 -2.56464375762829 -3.420539892619524
-5.003082136185697 -4.401581743155168 -3.9949012912294517
-2.7966827940481407 -2.1122986924997087 -3.3893377447708697
-3.25319734415475 -2.812110423919115 -3.3686785333285414
0.33199999999999996 0.31199999999999994 0.192 0.24800000000000005 0.29600000000000004 0.336 0.352 0.33199999999999996 0.128 0.372 0.29600000000000004 0.272 0.268 0.204 0.30400000000000005 0.18399999999999994 0.18799999999999994 0.30800000000000005 0.16799999999999998 0.236 0.20400000000000001 0.332 0.14800000000000002 0.14400000000000002 0.37200000000000005 0.36 0.06800000000000006 0.24 0.22399999999999998 0.07999999999999999 0.256 0.29600000000000004 0.32800000000000007 0.36400000000000005 0.28 0.256 0.31599999999999995 0.128 0.196 0.16000000000000003 0.22799999999999998 0.10399999999999998 0.10799999999999998 0.36 0.348 0.31999999999999995 0.36400000000000005 0.28400000000000003 0.268 0.276 0.20400000000000007 0.25599999999999995 0.36 0.356 0.30400000000000005 0.33599999999999997 0.18800000000000006 0.11600000000000002 0.352 0.388 0.392 0.28800000000000003 0.396 0.264 0.352 0.268 0.30000000000000004 0.28 0.10400000000000001 0.34 0.12000000000000001 0.396 0.2480000000000001 0.29200000000000004 0.156 0.264 0.388 0.376 0.23600000000000002 0.324 0.31999999999999995 0.16800000000000004 0.30399999999999994 0.31599999999999995 0.37200000000000005 0.268 0.19999999999999998 0.19200000000000006 0.308 0.252 0.37600000000000006 0.292 0.21199999999999997 0.33999999999999997 0.332 0.36400000000000005 0.09600000000000002 0.33999999999999997 0.14 0.22399999999999998
0.009372756989391152 0.015368417448697064 0.00956615168779545 0.008734086079413814 0.02021138736070037 0.009746221819409283 0.009010117987501086 0.008786648834145792 0.009979465731050975 0.009297309982469245 0.009627447081320848 0.011611815841416325 0.016849981439038188 0.010921383828535778 0.010027217623763261 0.010848158706884969 0.008983444790218637 0.014382580561641765 0.009035504864125648 0.008734754227188756 0.008904826938187504 0.00918743833225209 0.009663191153166464 0.008960040975303236 0.010610810481437473 0.012327412014589284 0.008737179419528843 0.012637755196484239 0.009066580733689369 0.008813493306308885 0.008730962886243268 0.00997243440542469 0.011645587872622789 0.009764830295758111 0.009672855421019717 0.008822227649958138 0.009092971247721505 0.009132763383184946 0.009221941038717697 0.008877711221627022 0.010925919578028324 0.00962925065498359 0.01236933581829455 0.00972539634167391 0.009866197051130048 0.010260891233268786 0.009007951382135008 0.008941753053368393 0.009429773652057749 0.01031088558044772 0.009056682517295614 0.009167223254405096 0.011193234718964745 0.009380545778918434 0.008760216912520352 0.009136208510588528 0.009103943034396196 0.008822587647833812 0.009026579065868514 0.00974604874585112 0.009224269917035384 0.00893091041938776 0.009716662223535429 0.009064199532312363 0.009169240388913332 0.009164405548021903 0.009410678330364759 0.00939348557470009 0.008890830019594776 0.009328815794719605 0.008757257985520546 0.009513630538579405 0.009060139540564737 0.012590743995463498 0.010112446215045985 0.009312460447365084 0.009312198814396733 0.011191524530747524 0.008824857728893687 0.009477453768647183 0.010373239774060421 0.008880293684809864 0.009165766763672731 0.012293617678012764 0.00906262347010923 0.009055933999534594 0.008750459353105637 0.009771054381358125 0.011287938534375382 0.01293606084308668 0.008810930696965303 0.009019430746363044 0.008866386798181016 0.01518783429940053 0.009012272222496013 0.008879202282444371 0.008816334429488577 0.012851238751087877 0.008991021676634894 0.008743656911039096
-----
100
150281
0.1
-3.3718820648164103 -2.714982015813743 -3.197520818324847
-3.5515221065165514 -2.863273653357053 -3.4055053416140373
-3.1432182516511276 -2.6445785700067184 -3.1778444497082408
-3.7021016228585863 -2.691306797255586 -3.7624965233213077
-3.400975800671195 -2.666376195013798 -3.4507607233560234
-3.2597531024062216 -3.2596564384763975 -2.8722926606295807
-3.5663405957750394 -3.022184351351207 -3.1222231907166194
-3.3508866984121157 -2.724412837383053 -3.17469069883314
-3.0611468879711077 -3.144127634705998 -2.923127462154678
-3.3458668114181562 -3.373977648704412 -2.936778393793828
-3.733796806299858 -2.9547806649041464 -3.6799341681273305
-3.028786132212147 -3.167464928051933 -2.881082266605673
-3.791500847356832 -2.8567325339009417 -3.6487241010746123
-2.8828469764121745 -2.3748046006946057 -3.339241955135866
-3.0911901098912473 -3.0638412403575517 -2.901479175284705
-3.339024088154472 -3.174701689210816 -3.1299999205006985
-3.3236103894018685 -3.1269732536803385 -3.016435511685054
-2.890369028830307 -2.4292272878667984 -3.233357280856268
-3.3243151947420335 -2.861780879980933 -3.110891678324519
-3.677332889208938 -2.5788428200415994 -3.846996228392715
-2.914475868108007 -2.8320156821844895 -2.90896499188834
-2.952171854174973 -2.7622649322256416 -2.9811076155997425
-2.940051441834127 -2.59121531382163 -3.1726104720805997
-4.518112867890419 -3.4866436609625744 -3.9019088584171153
-3.1462384457652535 -2.573668428954206 -3.1985301761340006
-3.127046624092365 -3.2576135698333752 -2.9158537926829826
-3.361834079650519 -2.7518742720312916 -3.2397100916289197
-2.916555201226939 -2.637350186385258 -3.1955088605273714
-3.2908801393286833 -2.2197239080449247 -3.8810664335492073
-2.863297296866917 -2.7456694925719836 -2.985271713562023
-3.76750298733715 -2.614112434689988 -3.8872311788183835
-3.4838024797904725 -3.213863139889802 -2.84753381105911
-3.1212912761208624 -2.368306622561554 -3.3723824399507336
-3.1147130108822534 -2.7805962994146514 -3.162249335847196
-2.9173968550151375 -2.8248664894181506 -2.921189535213665
-2.882899649542384 -3.0703413359602107 -2.8825970417873665
-3.7227041951747024 -2.818101797188953 -3.5767667571665633
-2.768863828170371 -2.3059968309437737 -3.156970836638147
-3.245756509590241 -2.874933369271436 -2.964525592348603
-3.216805668643235 -2.931873493925207 -3.11691663479668
-3.0256994261521095 -2.5831450051520695 -3.1584184487394613
-3.1758621724471396 -3.3429425885662445 -2.822420795302484
-3.3334442363761836 -3.1960747005360854 -3.0285566817090785
-3.5531236966824693 -2.366821927193029 -3.759881878965929
-3.0209944672519633 -2.6677360610762153 -3.1901622931286737
-3.8352102337026563 -2.281519028807089 -3.893469999312497
-3.843632244807718 -2.6285611904075323 -3.8404719314323157
-3.1837163778198674 -2.936816217214799 -3.036863954804088
-3.1919904543472732 -2.9223213016298004 -2.9951045072589038
-3.1605892326691096 -2.2674515182853128 -3.6054955656382175
-2.9216008819973087 -2.7566408431443192 -2.8967484027703088
-3.305499507700339 -2.87829424826185 -3.3120784267976475
-3.352994425895101 -2.786041494642636 -3.293207531610382
-4.265686879110929 -3.3204100815970614 -3.9572388058247197
-3.099576254362786 -3.1053717012923023 -2.8942908825361338
-3.301376341970106 -3.230103885829223 -3.014806276676016
-3.04414115185358 -3.025846241590174 -2.93832442750082
-3.258378020618159 -2.7662807064409383 -3.1634917948332535
-3.270864610544851 -2.779998494144584 -3.302035148289871
-3.101755325170645 -2.967604407366263 -3.1029519282742437
-3.1357301525159302 -2.8448980720472337 -3.1354655705819914
-3.1089316958132853 -3.0167829732861344 -2.9612070519952702
-3.1743157821316705 -3.146185509616762 -2.914799899118166
-3.404347922047055 -2.7976757918141164 -3.4102508276558487
-2.7268359378139264 -2.6288753437512975 -2.9255051470044418
-3.28198997146876 -2.802924964793335 -3.2576797268903803
-3.291809922662999 -2.9817609256759394 -3.1028455165188373
-3.962405116091067 -2.9110245879215104 -3.840470491581568
-2.980645104005408 -2.609594084040805 -3.1319593561070516
-3.494633444311034 -2.9013165219556614 -3.3717682014162635
-3.731258336368195 -2.7153839295816056 -3.7762545809204697
-3.6573602330189665 -2.416598335292863 -3.7022655316610877
-3.5305210425094695 -2.9035760086129407 -3.5250226065862855
-3.343447126978219 -3.3134843714154307 -2.8899553928792834
-3.2415613116685216 -2.862714671596577 -3.0325856686481973
-3.1545768072907 -3.159210985239257 -2.8862368102584686
-3.248310834171312 -3.2272313337736094 -2.882852325412934
-3.7268341794813873 -2.7705015748620103 -3.7239593823616217
-3.6543255047025873 -2.7329883980015985 -3.6296681995582487
-2.946434950807766 -2.633929930161759 -3.146435088398933
-3.4497647620477125 -2.5466690020508427 -3.5863012895123125
-3.1177488834955818 -2.426334775317123 -3.437552140968254
-3.166054166640179 -2.511557886595538 -3.2934580857743336
-3.5658425912567675 -3.758899400206164 -2.8913612778699544
-3.2494326599794947 -2.620068650483375 -3.3804438435454953
-3.7341136808736755 -3.2634019114634247 -3.1596218556131115
-3.128273993181679 -2.489002943041594 -3.3395884044651196
-3.5845512805165987 -2.526876710525935 -3.4594667771016914
-3.6041645880622584 -2.862567017227467 -3.3732710941316006
-3.5401620874914177 -2.483945097110498 -3.7859464840472437
-3.497327426683335 -3.0535587421950248 -3.1541575330064777
-4.514773514415183 -2.8460338155456943 -4.102178627708263
-3.489259154018496 -2.4187612412469557 -3.6522882185200602
-4.951165516085859 -3.752601426275222 -4.045299891403561
-3.3974441946540916 -2.3572318855969985 -3.6677453108210574
-3.1936803284789606 -3.525799884898166 -2.829285078696246
-3.4604594313930073 -2.576886861922902 -3.4903754016196973
-4.385656770182536 -3.1331883262835323 -3.948057729739179
-3.2890911916512655 -3.181719308030104 -2.942021581301657
-3.45619218096909 -2.5408617868675907 -3.7906154911699543
0.07599999999999998 0.07600000000000007 0.09600000000000003 0.09600000000000003 0.06400000000000006 0.07200000000000001 0.09200000000000003 0.051999999999999935 0.07200000000000001 0.09200000000000003 0.068 0.09999999999999999 0.07199999999999998 0.08799999999999997 0.07199999999999995 0.09600000000000009 0.07200000000000001 0.06800000000000006 0.09200000000000008 0.052000000000000046 0.09200000000000008 0.09600000000000009 0.08799999999999997 0.09999999999999998 0.09600000000000009 0.08400000000000007 0.08400000000000002 0.084 0.096 0.09200000000000003 0.08800000000000002 0.07999999999999996 0.09200000000000003 0.09200000000000003 0.09199999999999997 0.08800000000000002 0.084 0.06800000000000006 0.08800000000000008 0.092 0.084 0.09999999999999998 0.07999999999999996 0.096 0.092 0.096 0.076 0.05999999999999994 0.07999999999999996 0.08400000000000007 0.08399999999999999 0.08800000000000008 0.09600000000000003 0.088 0.07599999999999996 0.08400000000000007 0.08000000000000002 0.08800000000000008 0.08800000000000002 0.09599999999999997 0.08800000000000002 0.06400000000000006 0.09200000000000003 0.04800000000000004 0.08399999999999996 0.08799999999999997 0.09600000000000003 0.096 0.055999999999999994 0.08800000000000008 0.09600000000000009 0.09599999999999997 0.09200000000000008 0.09599999999999997 0.08800000000000008 0.07600000000000007 0.06399999999999995 0.072 0.09199999999999997 0.08000000000000007 0.08399999999999996 0.09200000000000001 0.09999999999999998 0.09999999999999998 0.09600000000000002 0.08800000000000008 0.08399999999999996 0.09600000000000003 0.07200000000000001 0.08 0.09600000000000003 0.092 0.09600000000000009 0.08800000000000008 0.09200000000000001 0.09999999999999998 0.09200000000000001 0.07600000000000001 0.08399999999999999 0.09999999999999998
0.009389965382545407 0.009025254318157079 0.0097975999353689 0.010001645122903097 0.009467306136721023 0.00972615971958617 0.008996181943001396 0.00941098721036915 0.009866647457504105 0.009450316977102712 0.009389556447619648 0.010079605254146431 0.009413834719725104 0.011120257396723638 0.009915061333116216 0.009003198591686263 0.009232116832855533 0.010899355934118869 0.009284121356773483 0.010586934317622943 0.010523940929468045 0.010310839208814766 0.01033517201039719 0.011003926278312532 0.009948582845263728 0.009769289139905235 0.009283137773344172 0.01026661386877013 0.012470030856298416 0.010557739445266417 0.010664394532905075 0.00969749593826669 0.010592163991183687 0.009590451717647087 0.010482727850442571 0.010468837911244432 0.009298928657222975 0.011830498290781711 0.009695863300132081 0.009293816039913156 0.010179818426233877 0.010077596991139418 0.009178268363582097 0.010937011603812866 0.009954309343850103 0.011854154221442524 0.010441152469333534 0.009482383624347005 0.009594823386044744 0.011312157583087502 0.010694199774706143 0.009128454581399896 0.009208152391436663 0.010696887721846373 0.009904641486298734 0.00924057290973074 0.009903810427973189 0.009418958177161109 0.009299112611464313 0.00945939791130297 0.009490790403944988 0.00971928459427834 0.009694832330922642 0.009193663502953524 0.011460080588487267 0.009256918321923527 0.009182163390216718 0.010018713668457606 0.010244527450476824 0.008978800482379526 0.010002227751526838 0.010548383223487202 0.009135889768706966 0.009584306838452065 0.009522242455094213 0.009824033596044822 0.00969804315637809 0.00973378839778974 0.009542957969935043 0.01024539572171753 0.009933080271022144 0.010458575788914298 0.0100348655390028 0.00995691837078976 0.009660540070959735 0.008870551848823287 0.010165165798758749 0.009762922761580174 0.00900608358907265 0.010659632623286869 0.00892499755904298 0.012139273757456636 0.010447093399552706 0.013282957991403636 0.010781948715566396 0.010196761402450263 0.009681262211307948 0.010793409027405368 0.009453869588591597 0.010606625092417497
