3
100 100 100
1260 4399 152144
0.8 0.4 0.1
-----
100
1260
0.8
-3.7923735429895076 -3.2859231940538813 -4.060906237913066
-5.526242556079632 -4.157174477443055 -4.531604737617702
-4.514423380761027 -4.567377745284073 -3.4943909334314482
-1.7699010430076623 -5.915629523440081 -2.967225430602289
-2.148829337922183 -5.643088443589196 -2.9231493089571825
-3.5401953310894423 -0.843345166704669 -5.409883373089199
-3.0267062167070296 -2.9590780579539677 -3.2542440792752885
-0.5039057679457244 -3.3422028472855416 -2.644734490657952
-2.842609297414264 -2.421846181244242 -2.8484391152616224
-4.137991847127348 -3.1564419437398734 -3.5856837166229227
-3.815918072189353 -5.1357408711956865 -2.6327264751831962
-0.0556952193652398 -1.6449195061214175 -2.86363989635328
-4.724151772144779 -5.372674930122738 -2.796372885321051
-2.9670256729123197 -2.7999947232359643 -2.9615677142069425
-4.412604329203976 -3.727666903797414 -4.327503847318921
-5.292058982444704 -2.006343255073107 -5.831148465691273
-5.138691585283738 -3.98777809191351 -3.900372871845626
-4.259365707810176 -3.188777936258985 -3.3130435430331153
-1.9531610621319953 -3.479631641892412 -2.617097887761856
-5.244067193409629 -5.0624200034839575 -2.906227716022012
-4.985544682280894 -3.083930655831349 -4.691454199527692
-0.08654013151201934 -4.298505805457891 -2.850589863554648
-2.9885180302762433 -5.888002979571363 -2.9967376058589026
-1.1107003824690507 -2.313345988219902 -2.757496187139873
-3.1700692617663315 -2.5630563501922166 -3.898001814447656
-1.6840536327475588 -1.900792284078312 -3.113732777342632
-0.037085630363211664 -5.469328947604632 -2.78026446117337
-4.497478593646054 -4.540440198588293 -3.068108622024806
-4.668870951234989 -2.965307526418834 -4.666240307471696
-4.312225602206865 -5.952898160931298 -2.693193431615002
-5.336849810113928 -3.5661912645465343 -4.433008522324574
-4.99154404289279 -2.6809987472351073 -4.441638553796671
-4.743150934348478 -5.0247464856996675 -3.231529693271157
-0.4008471640647926 -0.4780561316581693 -2.8320302989925827
-3.1780907992822627 -5.781903621734694 -2.686135951933656
-1.1046784686906088 -5.88694556823665 -2.7920532835206773
-2.38579433039964 -0.13536397766362818 -4.906505878948332
-5.433878390146132 -4.416726481457491 -3.936843588213759
-4.202277961923057 -1.2167390634061288 -5.9226882009982935
-4.3783808413309595 -1.7620946013054803 -5.3932185181450585
-4.724004169142015 -2.6570330740367245 -4.7214212578657815
-2.5071073062742046 -2.3586297598689066 -2.8675724839280536
-4.414228865050951 -5.933077024461135 -2.9844946193491455
-1.2598376125286874 -4.482858541520542 -2.862939203638305
-3.8513522758795267 -3.1028226907572845 -3.57245765492113
-5.019116804181577 -3.8922136969611776 -4.036511365518437
-0.6861044688079829 -2.0751792829896374 -3.015206639226471
-4.772158192778136 -4.957920996676067 -3.3879438377175886
-0.703243059334909 -0.4092536506648745 -3.198993967867001
-0.09689108224179321 -2.800743467310796 -2.8774238299626234
-5.445941321682193 -2.6430193546246796 -5.7300781276220345
-5.870366918337583 -3.825753469102551 -4.755064130867947
-2.693271395237942 -2.5887374642085974 -3.113000948364841
-2.7635419886267383 -1.8403123733680449 -3.8864626884773608
-5.092790218290675 -3.972112069892226 -3.3552129922926945
-4.907844294349984 -4.471553768346965 -2.617355550640015
-1.9457443191200054 -2.2024143147332027 -3.08788216758711
-3.394448556102831 -3.618712990024743 -3.3808704209803158
-4.636729796158654 -2.684861920645057 -4.667082627166707
-0.1627183845836644 -2.6562348718605957 -3.013862509556015
-3.5631752094821487 -2.7862191245303083 -3.308935478004241
-1.2821276025131372 -5.695265693673068 -2.6448792418439777
-2.8153102657214166 -1.9661293554277846 -3.764621702139143
-4.129325616420576 -1.9235299918354496 -4.908799160372002
-2.82609623281211 -3.8905202421772955 -2.859049627918978
-5.266655547128391 -3.1949260975283935 -4.8488137359288395
-1.4254629152992147 -2.8511689857853892 -2.8008102178396443
-4.466296730174236 -4.480001267315132 -3.1476040874870086
-0.11182700656013989 -3.4834599127103223 -2.854474791104259
-3.119777159029128 -3.8291438801299975 -2.8315080810193876
-3.342933753991838 -4.767482561108375 -3.130615955270336
-0.0019690254259101536 -3.226757927894305 -2.83972931314542
-3.4513640879955494 -2.453078573474976 -3.1563786740506723
-3.2789419153129065 -2.7183430731844256 -3.255807495658996
-3.8829303229834795 -2.263218544977744 -3.783501185326177
-1.5891016020723114 -1.763408147319998 -3.2173285431836467
-1.856766724642009 -4.171180749031004 -2.931516237891762
-3.800308226946113 -2.034752793864062 -4.544634311137458
-0.2503779221467948 -5.896157513768731 -2.828305788427593
-2.50710897001951 -0.20453358454747672 -5.109729529340207
-0.3732736821399012 -0.4669177367913022 -2.9019155830674612
-1.9848507655812906 -2.1761309765357013 -3.0594423401489883
-2.789981569668172 -5.946024140791638 -2.676778979120673
-4.456762590172115 -5.068629669216357 -2.822182810876567
-5.367884982812267 -3.715207144316293 -4.471570474508314
-2.9492416547100615 -1.824478265479101 -3.62446156494968
-1.4874190444601538 -5.582221486572383 -2.615246502317018
-1.510784390897264 -5.027640280338836 -2.7913328925599634
-3.4534365816500565 -0.20101781563522625 -5.90646315506017
-1.4027369895076198 -0.6401949364452939 -3.8088273431691504
-2.660860502359817 -0.8486014874720009 -4.830592405689837
-4.06464168573633 -3.7662493334070244 -3.738112310193537
-0.7670102295586787 -1.0455358500837555 -2.9813265080430966
-4.185031630325432 -4.997197663504171 -2.9525149036551612
-5.615677726352873 -4.077849129495174 -4.302013805045009
-4.874971009238186 -4.823781609486219 -3.6777899277609185
-3.1312962231796164 -3.4699769735165695 -3.0700339879436465
-4.70782429695492 -3.5454332763557335 -3.239978314885848
-1.3746139287835906 -5.7804277817069964 -3.022131455244089
-0.4211525680522552 -1.342251614636723 -2.671735248588874
0.4305084745762712 0.23728813559322035 0.47457627118644063 0.6745762711864407 0.5694915254237288 0.6576271186440679 0.3593220338983051 0.7220338983050848 0.7932203389830509 0.6813559322033899 0.7389830508474577 0.49830508474576274 0.5016949152542373 0.5627118644067797 0.6542372881355933 0.688135593220339 0.42711864406779665 0.5084745762711864 0.7559322033898305 0.7932203389830509 0.5694915254237288 0.5016949152542374 0.7186440677966102 0.5864406779661018 0.5796610169491525 0.46440677966101696 0.5220338983050847 0.45423728813559316 0.22372881355932203 0.6677966101694915 0.7559322033898305 0.7694915254237289 0.6372881355932203 0.7932203389830509 0.6711864406779662 0.4949152542372881 0.7322033898305085 0.6983050847457627 0.6508474576271186 0.5830508474576271 0.7016949152542373 0.7220338983050848 0.688135593220339 0.5152542372881357 0.38983050847457623 0.6813559322033899 0.7423728813559322 0.47796610169491527 0.5966101694915253 0.5254237288135594 0.6169491525423729 0.688135593220339 0.2508474576271187 0.5016949152542374 0.6881355932203389 0.7559322033898305 0.36271186440677966 0.7118644067796611 0.6847457627118645 0.752542372881356 0.46101694915254243 0.711864406779661 0.2983050847457627 0.6915254237288135 0.4 0.6000000000000001 0.4949152542372881 0.4915254237288136 0.49830508474576274 0.45084745762711864 0.7186440677966102 0.4711864406779661 0.7661016949152543 0.4 0.6644067796610169 0.6847457627118644 0.5898305084745763 0.44067796610169496 0.4610169491525423 0.5288135593220339 0.6915254237288135 0.3864406779661017 0.6779661016949152 0.46440677966101696 0.5491525423728814 0.7593220338983051 0.7491525423728813 0.4949152542372881 0.7423728813559323 0.688135593220339 0.7694915254237288 0.7423728813559323 0.47457627118644063 0.6305084745762712 0.6542372881355932 0.7728813559322034 0.4101694915254237 0.4576271186440678 0.7694915254237288 0.7423728813559323
0.010000000000000004 0.010000000000000004 0.010000000000000004 0.010000000000000004 0.010000000000000004 0.010000000000000004 0.010000000000000004 0.010000000000000004 0.010000000000000004 0.010000000000000004 0.010000000000000004 0.010000000000000004 0.010000000000000004 0.010000000000000004 0.010000000000000004 0.010000000000000004 0.010000000000000004 0.010000000000000004 0.010000000000000004 0.010000000000000004 0.010000000000000004 0.010000000000000004 0.010000000000000004 0.010000000000000004 0.010000000000000004 0.010000000000000004 0.010000000000000004 0.010000000000000004 0.010000000000000004 0.010000000000000004 0.010000000000000004 0.010000000000000004 0.010000000000000004 0.010000000000000004 0.010000000000000004 0.010000000000000004 0.010000000000000004 0.010000000000000004 0.010000000000000004 0.010000000000000004 0.010000000000000004 0.010000000000000004 0.010000000000000004 0.010000000000000004 0.010000000000000004 0.010000000000000004 0.010000000000000004 0.010000000000000004 0.010000000000000004 0.010000000000000004 0.010000000000000004 0.010000000000000004 0.010000000000000004 0.010000000000000004 0.010000000000000004 0.010000000000000004 0.010000000000000004 0.010000000000000004 0.010000000000000004 0.010000000000000004 0.010000000000000004 0.010000000000000004 0.010000000000000004 0.010000000000000004 0.010000000000000004 0.010000000000000004 0.010000000000000004 0.010000000000000004 0.010000000000000004 0.010000000000000004 0.010000000000000004 0.010000000000000004 0.010000000000000004 0.010000000000000004 0.010000000000000004 0.010000000000000004 0.010000000000000004 0.010000000000000004 0.010000000000000004 0.010000000000000004 0.010000000000000004 0.010000000000000004 0.010000000000000004 0.010000000000000004 0.010000000000000004 0.010000000000000004 0.010000000000000004 0.010000000000000004 0.010000000000000004 0.010000000000000004 0.010000000000000004 0.010000000000000004 0.010000000000000004 0.010000000000000004 0.010000000000000004 0.010000000000000004 0.010000000000000004 0.010000000000000004 0.010000000000000004 0.010000000000000004
-----
100
4399
0.4
-3.68039855182808 -2.8469555445099157 -3.510927477428265
-4.206791856359332 -3.265226047811646 -4.091157532860777
-2.5854112976618016 -2.4979649677011415 -3.1280933011563414
-4.353954186409123 -4.883732909509011 -3.042482313228793
-3.7034178371052073 -2.4590389595225783 -4.14830399354741
-2.14794976417747 -2.1165184085966633 -3.1215059298677623
-1.871356916282698 -1.7955622885618556 -3.2215401800728567
-2.9690665386024735 -2.2118480060258086 -3.6487432006244083
-5.338601012159657 -4.208872018540585 -4.286521153528661
-3.9119249981889936 -3.5134039427693233 -3.153523182411047
-3.9880738683947516 -3.166821509964672 -3.7703091309747188
-4.318695662806233 -3.940913780915981 -3.1263674348962818
-4.734242198690695 -3.448748211597499 -4.373578562509743
-2.9558197113749776 -2.8758829396220102 -3.10360914989031
-3.6164163266966343 -3.0749619167845235 -3.2211900511093052
-3.2630866599318322 -1.8421158731031817 -4.254668429965894
-4.024179560857458 -3.0675697137196996 -3.68441219543353
-3.7592806748437853 -2.2041597911992477 -4.550978801306957
-3.1204165770281813 -4.0424863248659895 -2.909691874094609
-3.2948046069990777 -2.4040164301627187 -3.6278428095704505
-5.078659194911642 -3.593984070674413 -4.42769751992575
-4.901994870241516 -2.810098501135562 -4.534175502812418
-5.467005458701198 -3.8936588494347584 -4.58185998058667
-4.4502827254424595 -3.8493085774130975 -3.417978299649829
-5.671558659209853 -4.691895294098473 -4.214707400104102
-3.1193564478857745 -1.9832210347271904 -3.9338834991051597
-4.052017426879743 -4.400709118366929 -3.055672844757474
-4.796413766650106 -3.6119784304708835 -4.345855588528543
-2.910324741587901 -1.9948105214184115 -3.6710081811429185
-3.0108150231315784 -3.0102648777142926 -3.255970611923546
-5.635808206918371 -4.175681889486036 -4.5540534895364
-4.313630707189532 -4.416441910215008 -3.256082103768463
-3.540652343931239 -2.579179606042268 -3.8196254436955894
-3.9886036710315813 -2.9368089873532903 -4.158449195050366
-4.568745632287828 -3.316704862715655 -4.241212838900181
-3.900573688250363 -4.465653101441898 -3.131244156703763
-3.9659653382929774 -4.766780811176782 -3.1518964687167883
-4.426795986382317 -3.7031774289422454 -4.079024393386412
-3.991939518316299 -3.6364319966221785 -3.4610752867980743
-2.871439035087646 -1.9939851047755106 -3.6945553072933244
-4.973049576857265 -4.1951570091222425 -3.4205787765606366
-4.973042820135383 -3.4974323707616293 -4.53057372351791
-3.3173688265632766 -3.7331163015373257 -3.122500494377731
-5.933363623835399 -4.582987106216049 -4.400060321760238
-3.3719292613919074 -1.8340292911235967 -4.398682778369406
-3.730080685954761 -3.6291063679176294 -3.0323896573907274
-4.610613496344279 -4.293576864791218 -3.310158636467691
-4.803161639784992 -2.8261325934417956 -4.798880172846655
-5.417796504976203 -4.198170423795055 -4.5002258327578595
-3.3925129381889434 -3.587322720388055 -3.0264379486296864
-3.199056626667602 -2.4971097223102707 -3.7014315820474186
-3.917236243507604 -3.8173049767266307 -3.3103311421883292
-2.1318620197807023 -2.47054116930562 -3.039247865735547
-4.026423200724108 -2.454997681792735 -4.397906411133071
-2.541065405721658 -2.5667694568981125 -3.153812802097103
-3.604154843409431 -2.739891163785714 -3.919072598199995
-4.303002853863287 -2.776573621441052 -4.015657346115438
-5.751695377974846 -3.802038175752987 -4.475041412371649
-1.7038993310972952 -1.3059577327979195 -3.377578502382704
-2.8384783172982484 -1.7626360518387743 -3.973671274722883
-5.312190279702465 -3.8183279294048096 -4.600837613624671
-3.176293451876967 -2.7051794135142924 -3.535842240921564
-3.2847410873240945 -2.602690006441404 -3.6953951995322383
-4.38838561751149 -2.829876352941977 -4.089368856313116
-3.8392984987518517 -2.9145188318409345 -4.036951037238753
-4.262802382334799 -3.5285738830870215 -3.7200690828438656
-3.245218595799999 -1.9363895980149421 -4.110685676781774
-3.061146680917114 -1.7224274378495847 -4.208154792064472
-4.450137753454612 -4.278382190466786 -3.3378799450045986
-3.112116551461841 -2.032704454493507 -3.8943044132239
-3.693930411565459 -3.9086560172611 -3.0446098430229283
-3.6862565857166913 -2.908315564105977 -4.056954029397287
-5.064609439348317 -4.73854792131366 -3.8836323865728195
-5.729987606851018 -3.5252852836855766 -5.110630623624472
-5.363612869719121 -3.4293452752301805 -4.8350374057780865
-3.0850436594215562 -3.1528571248569865 -3.1408945847878615
-4.168306841241911 -3.6622673014772174 -3.445895167951907
-3.3680872822401824 -2.1474296694253368 -4.083918694379053
-2.055588488293408 -1.9129010000212885 -3.18029524813926
-4.330462210745362 -3.6674458097385103 -3.4315204865656805
-1.9582722006360362 -2.726578360983881 -2.9345388997489263
-2.3155796463359843 -2.841734661854578 -2.9830188189831937
-4.125801364613894 -3.4477781003371786 -3.5857501698891885
-3.7445739732793646 -3.034417450250759 -3.659434332611078
-2.58564518489158 -3.4843148982629675 -2.8978822465701235
-2.02300589433145 -1.8639392153491618 -3.1516718849176932
-3.070380153426404 -2.8672650307273213 -3.162248475350545
-2.685729127161004 -1.7648233512606541 -3.833359752958438
-2.59742286790304 -3.2877942454471367 -2.9550873423163697
-4.978770457949728 -4.474409888894516 -4.0244345292440205
-3.825239010471563 -3.5188233555638493 -3.066421854685364
-3.525960866849442 -3.9031176608440115 -3.0723094590365196
-1.7129910154089232 -1.666520460286522 -3.170617933679893
-3.3923606569143088 -2.8480602057044444 -3.287991000163313
-3.633331689367889 -2.164970110662915 -4.338790839552966
-3.4242618068312423 -2.8375550772556775 -3.3090503563025626
-2.001431462206063 -1.5552133092126235 -3.4396796219685446
-5.3473387618335595 -3.9265678267316533 -4.425086093824416
-3.226242956963447 -3.580143348246866 -2.89983044857654
-3.145238450170917 -4.130583899558623 -2.8971973121902823
0.3355932203389831 0.2033898305084746 0.30508474576271183 0.38644067796610176 0.3864406779661017 0.29491525423728815 0.36271186440677966 0.3016949152542373 0.2677966101694915 0.34237288135593225 0.25423728813559326 0.311864406779661 0.24067796610169495 0.15254237288135597 0.24745762711864405 0.3254237288135593 0.37627118644067803 0.39322033898305087 0.3355932203389831 0.3389830508474576 0.3491525423728814 0.16271186440677965 0.23050847457627122 0.2745762711864407 0.2474576271186441 0.3525423728813559 0.3796610169491525 0.12542372881355934 0.34237288135593225 0.2915254237288136 0.17288135593220338 0.3966101694915254 0.32881355932203393 0.1932203389830508 0.18305084745762712 0.311864406779661 0.18983050847457628 0.38983050847457623 0.24067796610169492 0.39322033898305087 0.33559322033898303 0.17288135593220344 0.36610169491525424 0.2915254237288135 0.376271186440678 0.37966101694915255 0.3830508474576271 0.3830508474576271 0.3050847457627119 0.18305084745762712 0.2508474576271187 0.23050847457627122 0.34915254237288135 0.3152542372881356 0.2508474576271187 0.21355932203389838 0.16610169491525428 0.3762711864406779 0.3864406779661017 0.3694915254237288 0.26440677966101694 0.2067796610169491 0.2542372881355932 0.38983050847457634 0.3322033898305085 0.29491525423728815 0.3254237288135593 0.3830508474576272 0.39661016949152544 0.39322033898305087 0.3220338983050848 0.32881355932203393 0.3525423728813559 0.39661016949152544 0.3864406779661017 0.10508474576271187 0.21355932203389827 0.3864406779661017 0.33220338983050857 0.29152542372881357 0.35593220338983056 0.38305084745762713 0.3423728813559322 0.10508474576271187 0.3627118644067797 0.3864406779661017 0.21016949152542375 0.36271186440677966 0.29491525423728815 0.36610169491525424 0.247457627118644 0.15593220338983052 0.3491525423728814 0.38983050847457623 0.3593220338983051 0.3186440677966102 0.3491525423728814 0.27118644067796616 0.3491525423728814 0.3491525423728814
0.008831588093535759 0.009349203655052768 0.009314679755261686 0.009930567549359174 0.00981730814724872 0.010050004657504245 0.010760653255875607 0.009517748911098585 0.011599364328350169 0.008789928338007852 0.00884480406214788 0.009139938928297498 0.010422364271604463 0.00890035081488491 0.008775119578807411 0.010996979961166 0.00886928303718977 0.01117980842009866 0.00879987271295013 0.009231740031984646 0.011075994365549546 0.011272708495988434 0.01260214258260723 0.009005203282678611 0.013022349293900904 0.010153110196515774 0.009139807126327332 0.010452941171254941 0.009896861618408 0.008650791669141511 0.01327977024349055 0.009175654733020408 0.009185142968470318 0.009508419554756568 0.009915251232629945 0.00897500958972662 0.009279903995939285 0.009485774422869592 0.008604340406217919 0.009922690060497804 0.009845874414345606 0.011231507612393148 0.00850918153681443 0.014338699073144008 0.011363583125952197 0.00881121403592661 0.009406643069972844 0.012105213649161891 0.012539581952925514 0.008672298963474058 0.009153773040747945 0.008601342301158348 0.009636827489737975 0.010469469923790142 0.009214957209529103 0.009155124690768424 0.009570196994231036 0.01283513344416133 0.01210061932935386 0.01072400565768268 0.012276587195479593 0.008854360536729415 0.009032979034708675 0.00969761549281298 0.009251445787292303 0.008876759023411954 0.01051172424830532 0.011195478400644934 0.009182055046398805 0.010014732962755563 0.008743960318413187 0.009262934541383017 0.010870834128053727 0.01599099333834656 0.01320072612641059 0.008653286819416713 0.008729813690150547 0.010095932430814636 0.010417315648538565 0.00887824007210394 0.009618498040318443 0.009224716118012717 0.008734217756119473 0.008740540729408377 0.00889114876582985 0.01056314985724621 0.00884771023209285 0.010572702402433446 0.008866874881671946 0.010608362471582668 0.008853278171108942 0.008628185694596967 0.011226227591823304 0.00881735091366139 0.010614837668643684 0.008822179750437713 0.011156417525982038 0.011765931623389913 0.008851035875867726 0.008848436051913008
-----
100
152144
0.1
-3.340154227970296 -2.7238587319322103 -3.3722999187984732
-3.0090051551746644 -2.552306793638082 -3.4454999041333796
-4.409720795861454 -3.592052016164876 -4.1125386299737565
-4.20722029921295 -3.3586250433700604 -4.030632599105086
-3.946779716879486 -3.1561387767051916 -3.715709102306224
-4.3032866230913225 -3.1406415550927953 -4.340328748536693
-4.324987232648292 -3.4027719540985006 -4.091202384493711
-3.712452662334062 -3.0947288961337525 -3.6343655720474644
-4.036985965338294 -3.095750909288194 -3.834250842348724
-5.447475233632555 -4.312026654886518 -4.366529366315633
-3.8664636577989167 -3.104578147742947 -3.856553013798881
-3.6935337458365294 -2.3902640022059525 -4.269988317732999
-3.1566606959164414 -3.2497128292116346 -3.1886687728213743
-5.888194142253581 -4.914587438925423 -4.297948811052259
-5.724816214582475 -4.489114167687879 -4.393065556876352
-3.4076303105544765 -2.680763701191251 -3.6265555672104393
-3.5021194691995703 -3.1614142325659826 -3.4398876508552085
-4.329171302682331 -3.387620296294773 -3.9061970167340463
-4.632403505229575 -3.5072387803161553 -4.313688474806913
-3.5062978534544063 -3.0266052732410884 -3.399003407790838
-3.459969704345616 -3.2916311831643714 -3.263114632776365
-5.941231051997063 -4.727760020196581 -4.405449244211956
-3.5082887102229026 -2.9631011268730765 -3.4799273165643982
-4.013873593176993 -3.0141572299793724 -3.8012018815741144
-5.024952940915935 -2.901003729316082 -4.372348554507939
-3.463797648265525 -3.3805089563886477 -3.2240482480668566
-3.520088927152253 -3.1046930262590986 -3.3155323654494326
-3.2885921475646516 -2.8225081300733468 -3.5050503481441426
-4.102622963018071 -3.0898665088167423 -3.9188688703175942
-3.8607570079829183 -2.7746373454182764 -3.927466539076661
-4.455384519235405 -4.0889779290688 -3.874003404158186
-5.877828908414798 -4.706687035281159 -4.376905383388647
-3.011807968097015 -2.8646199196369713 -3.256887920208979
-3.4788681709755727 -3.02616506771128 -3.4101044321959355
-3.545409054435294 -2.8477092612696504 -3.569904634336944
-3.839867795725668 -2.9458737466432083 -3.801202843122913
-3.118934951970939 -3.035956727591029 -3.200085972786929
-5.916887704143605 -4.744532827254725 -4.361748830497026
-3.8843201101834968 -3.0005977890914837 -3.819559071734149
-4.121674172728381 -3.320410124278516 -4.023615359064659
-3.478647077771495 -2.8876144955185614 -3.459633231562257
-3.739818842695633 -3.093195645181619 -3.552076903513645
-3.462845806132448 -2.591936665216063 -3.6376951984828505
-3.5039811062921187 -2.9953751091274716 -3.559502684084228
-4.304516366089594 -3.211965772847277 -3.9927642829135133
-5.275085851794087 -4.077402254748204 -4.402445926308529
-3.639676290843919 -2.8173362803508306 -4.015005719659667
-4.270322879773692 -3.2619397968259873 -3.9840447405705914
-3.3794987250423816 -3.1243810857069776 -3.194078595314387
-5.193211695837797 -4.365593883427218 -4.003071466942342
-2.897046323340456 -2.8616926725048906 -3.175434865312799
-4.33971272626021 -3.3275825873333504 -4.11767682237738
-3.6396285617962922 -3.23745360991068 -3.492790957812244
-4.293098944228834 -3.599277605493951 -3.9447397609096737
-3.8421360280141075 -3.1295274802953026 -3.825076827441245
-4.325025271559966 -2.8822260726447912 -4.26376858286783
-3.3991944037307658 -2.860362239473098 -3.354612660883696
-5.625269410944257 -4.485069077076843 -4.3709392057339285
-4.346536173324351 -2.940901600092013 -4.276117411535825
-4.9259643265337285 -3.798477493278588 -4.351991829005389
-3.589425019986125 -2.8577561433585603 -3.5514339423917067
-3.4546815697080255 -3.093925889778091 -3.4236941873617877
-3.3020077147240943 -3.0508127744757605 -3.3184364865438347
-3.129464746385954 -3.210214262373642 -3.138825314550383
-4.917876122288547 -3.704565694424837 -4.404329572867954
-5.875832983543835 -4.744278323836343 -4.380535120413125
-3.2453647290480836 -3.148798493886747 -3.355248963899466
-4.212189855871902 -2.99173012434584 -3.981663908232809
-3.4951413137018825 -3.0628007984580004 -3.385435650719736
-3.29386583292576 -3.0034983183327366 -3.37995361525645
-4.333436040244569 -3.5287281764140577 -4.158254332839096
-3.829235697782015 -3.0377417256327885 -3.780156662311776
-3.4298363725335466 -3.3556803336792167 -3.378589275184677
-4.091083164241763 -3.0017052445304575 -3.5348285708333633
-3.2169822080038712 -3.1416832381686115 -3.179566492169161
-4.459900500359078 -3.318308796690034 -3.9717135644792094
-3.780105216285332 -3.4267142236464827 -3.5975226715994704
-3.2300127594366588 -2.499336834759964 -3.6705834827240915
-3.9967281943273223 -3.1370047545424415 -3.6995314226202263
-5.819248082023039 -3.0988038596995575 -4.333128279887769
-4.0890172339542366 -3.0770529609605806 -4.097962006995772
-5.13401717949739 -4.031815168361289 -4.134827856335707
-4.141833662131407 -3.464355034167604 -4.061904981898349
-3.8821013635122243 -3.7506710665001974 -3.353709708775691
-3.651023284397746 -3.295906610883402 -3.349153568643905
-3.6991188655666734 -3.4634691592069276 -3.513123834901305
-4.352526280649441 -3.4715470993822715 -3.936527044816664
-3.621204519560136 -3.1759488142724734 -3.5225701881969225
-4.47673896253147 -3.0497296223195747 -3.9965590515991236
-5.959688534902572 -4.7244751293634755 -4.414942879438372
-3.3351192568082486 -3.1051127820460547 -3.1872228183389155
-3.5876958851212155 -3.023243170406094 -3.622621777741419
-3.181758538246111 -2.6384982771667636 -3.3606267370975678
-4.839511454613656 -3.12450099794134 -4.348211712170304
-3.4786015824582295 -2.903959462593207 -3.469854294915328
-3.5872756617860575 -3.138689731047119 -3.538279648180322
-4.605763324949879 -3.606138085962716 -4.248458551536555
-3.9116194729666516 -3.083646310436584 -3.795655479034915
-3.316233650300412 -2.877692034776411 -3.4349529329177138
-4.5832370240395734 -2.8600794708077446 -4.278038629889549
0.07796610169491525 0.09152542372881356 0.07796610169491527 0.08135593220338985 0.09152542372881356 0.09830508474576266 0.05423728813559321 0.07118644067796609 0.08813559322033904 0.08813559322033904 0.08813559322033893 0.09491525423728808 0.09152542372881356 0.0847457627118644 0.0847457627118644 0.07796610169491525 0.08135593220338977 0.09491525423728814 0.0847457627118644 0.08813559322033898 0.09491525423728814 0.09830508474576272 0.07457627118644067 0.09152542372881356 0.0847457627118644 0.09152542372881356 0.09152542372881356 0.09830508474576272 0.06779661016949154 0.09491525423728808 0.06779661016949157 0.07796610169491526 0.08474576271186451 0.061016949152542355 0.0711864406779662 0.09491525423728814 0.08813559322033893 0.09152542372881356 0.09830508474576272 0.05423728813559325 0.09491525423728808 0.09491525423728814 0.09152542372881356 0.07118644067796612 0.09152542372881356 0.09491525423728814 0.09830508474576272 0.09152542372881356 0.08135593220338984 0.0847457627118644 0.08135593220338982 0.03728813559322034 0.07457627118644072 0.09491525423728808 0.07118644067796609 0.09152542372881356 0.09491525423728808 0.08135593220338982 0.09830508474576272 0.06779661016949153 0.09152542372881356 0.08474576271186446 0.06440677966101693 0.08813559322033904 0.08813559322033898 0.0847457627118644 0.0949152542372882 0.06440677966101695 0.08135593220338977 0.07457627118644072 0.0711864406779662 0.08135593220338988 0.08813559322033904 0.07457627118644072 0.06440677966101699 0.06779661016949157 0.08813559322033901 0.0779661016949153 0.06440677966101704 0.0949152542372882 0.08813559322033904 0.08813559322033893 0.07457627118644072 0.06779661016949151 0.07118644067796609 0.0983050847457626 0.06779661016949153 0.07457627118644072 0.09830508474576272 0.09152542372881356 0.0711864406779662 0.07118644067796609 0.08135593220338982 0.07796610169491526 0.09830508474576272 0.0847457627118644 0.0847457627118644 0.08813559322033893 0.06440677966101695 0.0949152542372882
0.009631982832093182 0.010063695600628598 0.009125424913990654 0.008855189859359899 0.008657639076278477 0.009755979127999756 0.008970735145750485 0.008741120520044674 0.008684612882242806 0.012190311669672932 0.008701706434633574 0.011012404587156563 0.010367812931694394 0.01782964732966429 0.013968291365021247 0.009201570517159443 0.00911799655620156 0.008768085561712182 0.009608727199573914 0.00921958482433213 0.009712601592703892 0.01667232042885648 0.009065998729976444 0.00872248530593043 0.011138725987124346 0.009933742105952898 0.009443433179223188 0.009284220563397129 0.008750693378831102 0.009039097476455305 0.009842344582103053 0.016057496366630165 0.010280001589517359 0.009206905649875897 0.008992544216247263 0.008753505937069691 0.010291318944759098 0.016543904769901866 0.008719814597727214 0.008846012024825661 0.009168332686592992 0.00882472080541664 0.009298239321880236 0.008937931013513865 0.008833848637080666 0.011202692147625821 0.009252338385071977 0.008797367363616809 0.010012242093468593 0.01152101732942403 0.01086015351724908 0.009012196389083228 0.008954349641145264 0.008910012418197197 0.008683340310681733 0.009782396081412915 0.009500990931780544 0.013508715519199207 0.009738506767191839 0.010109127713163978 0.008992637987402274 0.009181771495909954 0.009603971824412085 0.010623474475714063 0.010178638425058773 0.016356226336875567 0.009585712542923291 0.008934214567443944 0.009251415983112467 0.00944380048212849 0.009176657882177072 0.008693603190130777 0.009434935956480353 0.009073844543111179 0.010255878263013314 0.008882674858930097 0.008863299688742313 0.009631617629118414 0.00868127433244824 0.013730259719000389 0.009040307620403682 0.01037820372911943 0.008980980532136694 0.009786044656130009 0.009315241635129059 0.009048797375301523 0.008820782769538607 0.008900836596713773 0.009107416000938336 0.016788420018799096 0.010081600029686864 0.008821270252938444 0.00991609088818265 0.01015238871622185 0.00913592434063923 0.008893252490226492 0.009464566203943772 0.008669245779970766 0.009343634356616145 0.010100880388114884
