3
100 100 100
254 2588 187076
0.8 0.4 0.1
-----
100
254
0.8
-2.7601436043863528 -1.5199637890544864 -1.1321577291339988
-1.2014968413261453 -5.971383380283784 -1.8384010863075986
-0.0878592001594809 -5.8309640530611055 -0.9584376238670789
-4.121336363012604 -4.441066933576028 -2.0055813262178384
-4.209203971119155 -5.145682127567907 -0.402021500207729
-4.44160876572059 -3.9935137918149852 -2.293217932457534
-2.70799182377412 -2.029374770337421 -2.1252986694647644
-1.0930935984955044 -4.807370271742736 -2.1681399899285356
-4.524012031884974 -2.079872581503048 -3.4573796217719166
-3.9688060129827476 -1.2942146541026283 -3.1893085388761673
-1.5924095743391833 -3.857819352785858 -2.159834979867575
-2.607851702286029 -0.07074723975478747 -4.6019768405806385
-2.7616925980341906 -3.160952347687381 -1.5076035228537439
-3.655367247446585 -0.023239889330913144 -4.787242203058218
-2.266247546657969 -1.3705943342522175 -0.6159951827497814
-0.9178232878699619 -0.7911793246423988 -2.4194524675040627
-1.083785756359135 -5.2715595001576165 -2.122204314284962
-3.6622128437998813 -0.4272837848016824 -3.997782875658909
-1.1353701267989607 -0.1931256106098349 -1.7463108261870683
-2.917820425164798 -2.7949486268567925 -1.143213161432839
-0.47063100545101655 -4.059199413316769 -2.1751486417627826
-2.3817136025267764 -4.763228972299589 -0.5808712009844701
-3.7288369637018004 -5.230902172504483 -0.24671631158600604
-4.612730593065043 -4.3507231015128145 -2.28908132480256
-4.600896948824971 -3.342835711814565 -1.8181723802211023
-0.9232440466101632 -2.199473552208973 -1.5746020104480163
-0.08950463483877336 -0.44732010261397015 -1.6882191737183838
-4.571405386815613 -4.449920781383464 -2.0123857237374247
-4.203882453293909 -5.253668615665184 -1.1599965812751698
-3.4583785517613683 -5.546245951959518 -1.1127760427173623
-3.731375644884387 -2.8227338616023596 -1.7975745569125188
-3.4518451038864866 -0.5553184913432396 -4.2846883996182985
-3.5191791662898977 -0.8983303373565752 -4.029047596430713
-1.6305898815312414 -5.5322416765004885 -1.231682601758889
-1.7786497940087829 -3.9032228335871895 -0.5522996207988982
-4.8384020529140335 -5.727147111274282 -1.563529409974599
-5.060024679787922 -0.32791100954765895 -5.816472415075715
-2.5709149807624225 -0.8165948915814791 -2.9812455647840372
-2.4987572343521816 -1.2030612766141928 -3.3078643585287764
-1.1701513136717399 -4.253343652326216 -0.4741933509285534
-2.3144172829800627 -5.0175682874957435 -0.7148317464861549
-1.5153383056264458 -1.671947205285619 -0.286105582022417
-4.292103235744648 -3.0842792301781476 -3.521522694618196
-0.870978160012033 -0.5279024713595515 -2.204462023966123
-3.549170525754575 -2.448873322210063 -2.565098853601939
-2.8413759305130952 -4.206900860506454 -2.2409765162037987
-2.3251994286166644 -4.702677224609451 -0.5194467320016978
-3.46611024499941 -2.091539441400982 -1.8972894846569694
-3.905379607586184 -5.045749309374324 -0.861960136312593
-3.00184969213188 -2.417473251668635 -2.1779078785464905
-3.077442529975557 -3.2061281432911195 -0.44692831003447964
-3.325307249001092 -0.4639783023183348 -3.2255244122521116
-5.957627948027001 -2.277220551724635 -4.335921000537063
-5.7329301252944385 -5.980637901048874 -1.5995059172215313
-2.907137475671565 -4.745285444535085 -0.8904665250792911
-3.2380867459541443 -4.480785962403486 -1.5617382010167375
-3.2870742265012485 -0.8738227408863182 -2.5751942144631705
-2.6084810053816776 -1.0968425299164721 -3.5511301890991964
-5.679414587471376 -2.44407108831757 -4.028552310464807
-1.2847475974243663 -3.996713174467757 -0.9994512369030248
-5.55623174741762 -1.9969598552788765 -4.564549608281062
-3.363476040052168 -0.29688927985517743 -3.6296102683623817
-3.852688840526716 -2.8634686614938056 -3.329927241322875
-2.79981948895729 -3.975956387473261 -1.1274401543192187
-2.9253279873100024 -5.732982511747279 -2.1487899172391756
-5.076035113913649 -5.528779043708985 -1.3716911847156803
-1.5157410482115834 -1.084832037460016 -2.7737096824526772
-3.0148789683451613 -1.027708816589973 -3.685262882534051
-3.2470628731695528 -0.9815444165636009 -3.874659825676114
-3.269999756794047 -3.5745213743165993 -1.5835008391005587
-3.105159737562359 -0.8904820128349558 -2.3313991017240934
-5.994735212976183 -1.9854177024561581 -5.377302888443092
-2.8650509114951053 -4.06958707106863 -0.5872200096594673
-1.613343005711343 -3.3578245370897206 -0.7859829547321606
-3.5101040334404208 -1.5440187419086602 -3.909678095041504
-3.586901713623154 -0.611377946372011 -2.8336677561673285
-4.229810858453284 -3.862399582718653 -1.894807320460071
-2.0371471650676662 -1.097084867949082 -3.1435828620938846
-1.5383993596044725 -4.401820336944237 -0.10556756157496316
-0.7663791967871312 -4.032820268356895 -0.46213929141412
-1.833357512851995 -3.9434992672272355 -0.14180594869205
-5.046782815580223 -3.530149774719768 -3.6696084157527835
-4.883041607121915 -4.981477894381096 -0.5405322034211588
-0.8982334298618966 -0.4614600636119981 -1.4327280280887047
-3.1113459618245414 -4.690831181733783 -1.3872469337384352
-3.3634217790159187 -3.3732315042479866 -0.4062930864340908
-0.1741999357913535 -1.5597515545602914 -2.177982808829033
-1.231889342950094 -3.819252169405668 -1.6889147203900237
-4.116867290873341 -5.989283491886238 -1.3036388728662622
-3.340706362241036 -5.32640726618806 -1.537763737940665
-5.032502775174184 -2.8451539257166205 -3.3315776378191044
-4.669668455734735 -3.686833475067417 -3.0704226238164565
-1.2543485159927084 -0.43747867163622534 -1.7127749087901858
-5.18080038443746 -5.064901081085517 -2.333273905468993
-3.58159072775528 -1.0316497613293478 -2.6621897094652596
-3.8583944376002646 -2.30461926024537 -2.2644481868412143
-3.0338155401075904 -2.0169445350872444 -3.1189985678865924
-3.505501686203539 -5.689879288133537 -1.7535281229080368
-1.1038929919602571 -2.3120802994429175 -0.5115634754344809
-0.4760369837327971 -2.596408650198839 -0.34406536882884
0.772 0.556 0.7 0.472 0.764 0.544 0.38 0.796 0.36800000000000005 0.696 0.784 0.708 0.52 0.696 0.78 0.652 0.764 0.72 0.712 0.6759999999999999 0.796 0.748 0.78 0.528 0.744 0.484 0.496 0.43200000000000005 0.6639999999999999 0.6679999999999999 0.6399999999999999 0.5800000000000001 0.41600000000000004 0.632 0.748 0.48 0.712 0.556 0.5559999999999999 0.756 0.732 0.792 0.23199999999999998 0.412 0.432 0.672 0.76 0.7240000000000001 0.712 0.2839999999999999 0.776 0.76 0.42000000000000004 0.612 0.712 0.492 0.756 0.572 0.764 0.696 0.636 0.728 0.20800000000000002 0.6679999999999999 0.788 0.604 0.724 0.396 0.39199999999999996 0.49999999999999994 0.732 0.644 0.74 0.72 0.392 0.796 0.42799999999999994 0.696 0.788 0.76 0.796 0.236 0.768 0.692 0.5800000000000001 0.78 0.788 0.424 0.604 0.504 0.5920000000000001 0.252 0.688 0.684 0.756 0.7000000000000001 0.40399999999999997 0.432 0.756 0.776
0.010000000000000004 0.010000000000000004 0.010000000000000004 0.010000000000000004 0.010000000000000004 0.010000000000000004 0.010000000000000004 0.010000000000000004 0.010000000000000004 0.010000000000000004 0.010000000000000004 0.010000000000000004 0.010000000000000004 0.010000000000000004 0.010000000000000004 0.010000000000000004 0.010000000000000004 0.010000000000000004 0.010000000000000004 0.010000000000000004 0.010000000000000004 0.010000000000000004 0.010000000000000004 0.010000000000000004 0.010000000000000004 0.010000000000000004 0.010000000000000004 0.010000000000000004 0.010000000000000004 0.010000000000000004 0.010000000000000004 0.010000000000000004 0.010000000000000004 0.010000000000000004 0.010000000000000004 0.010000000000000004 0.010000000000000004 0.010000000000000004 0.010000000000000004 0.010000000000000004 0.010000000000000004 0.010000000000000004 0.010000000000000004 0.010000000000000004 0.010000000000000004 0.010000000000000004 0.010000000000000004 0.010000000000000004 0.010000000000000004 0.010000000000000004 0.010000000000000004 0.010000000000000004 0.010000000000000004 0.010000000000000004 0.010000000000000004 0.010000000000000004 0.010000000000000004 0.010000000000000004 0.010000000000000004 0.010000000000000004 0.010000000000000004 0.010000000000000004 0.010000000000000004 0.010000000000000004 0.010000000000000004 0.010000000000000004 0.010000000000000004 0.010000000000000004 0.010000000000000004 0.010000000000000004 0.010000000000000004 0.010000000000000004 0.010000000000000004 0.010000000000000004 0.010000000000000004 0.010000000000000004 0.010000000000000004 0.010000000000000004 0.010000000000000004 0.010000000000000004 0.010000000000000004 0.010000000000000004 0.010000000000000004 0.010000000000000004 0.010000000000000004 0.010000000000000004 0.010000000000000004 0.010000000000000004 0.010000000000000004 0.010000000000000004 0.010000000000000004 0.010000000000000004 0.010000000000000004 0.010000000000000004 0.010000000000000004 0.010000000000000004 0.010000000000000004 0.010000000000000004 0.010000000000000004 0.010000000000000004
-----
100
2588
0.4
-1.8347362403879592 -0.9436630001362047 -2.5465378842615767
-4.514343451885376 -4.06284898597887 -2.7339013856741863
-4.906334532145726 -3.3105708845708945 -3.9928553603471055
-3.7055290199162707 -2.7285459789121553 -3.2339390300910806
-4.543523084491946 -3.417523377495094 -3.4555311197811034
-4.657643548415108 -3.977660590908361 -2.592745592255165
-3.9448881477678 -3.2437477015578233 -3.034353140786874
-2.662311625185132 -2.976923914095573 -1.8459943866514137
-3.3533581129357737 -2.0199367830755257 -2.925649366828277
-2.222646790736423 -2.820582325046839 -1.8753700601519165
-4.774313546975282 -2.633469806189412 -4.206339865553503
-5.006346336759314 -2.0326790829840937 -4.122365764527696
-4.056071062658553 -3.155012423717631 -3.3991115407233967
-4.480150905809886 -2.2176622857453654 -3.8027614160953727
-3.781456182945712 -4.695827657959685 -1.8072939733066755
-3.3695233352614586 -2.7483804925883004 -2.309112614114337
-3.112191341812733 -2.2219210325827317 -2.700331724836688
-3.583021495458203 -4.1330396095532205 -1.8327068795567334
-5.376990542980571 -3.058720746598116 -4.043425697392621
-1.747783325407597 -2.1682460767881264 -1.851986159901708
-5.668575166437639 -4.231583470849626 -3.816067089951077
-3.45034192162439 -3.7072593736998836 -1.965604976466809
-1.7265147396926526 -1.69284205656263 -1.9437554452285855
-3.592108525523083 -1.8595812636113562 -3.653826646190624
-4.191066573018449 -3.5986796031427257 -2.8812415065291423
-3.2986593045542767 -2.377353044835947 -2.588486227081995
-3.4764499833466505 -1.816346348731471 -3.515635550251343
-2.7886166831534887 -1.7879679209177564 -2.863967247963796
-2.4292469873636993 -2.4269388154901925 -2.1256520109165584
-3.289224171751123 -1.3486118314730362 -3.4673513085685492
-3.0656336778944926 -2.110086592374673 -2.8113340925069052
-3.192415754770656 -3.1758671176191338 -2.135383299144296
-4.297590289524554 -2.9460229385480883 -3.64035166584453
-3.0772405032763572 -2.031954872985288 -2.8845554743599076
-1.6566717406610376 -1.118090671298014 -2.2396707805909584
-3.8112863267530486 -1.9115598519742887 -3.734265568175225
-5.858511756289389 -4.681276444672029 -3.8557108698320315
-3.5824449487495347 -2.016545611550673 -3.3794668919365334
-3.1024201014344706 -2.4020297773566126 -2.1437647365969887
-2.454893516319228 -2.40439196314248 -2.123591132323674
-4.471323636606335 -3.296185451679338 -3.530391657081421
-2.8551322377170054 -2.04837093199853 -2.2956853771107717
-3.432317583077835 -5.3095449147829 -1.7833426154834178
-2.5531385611643422 -2.8869000756926417 -2.0179864599590984
-2.3052365372045234 -1.8882599984426411 -2.029554719370748
-3.729276879219524 -3.4454208582955115 -2.1966941409027076
-3.090011298937906 -4.1742576111219645 -1.7937603577373316
-3.958761645779078 -2.880125104669947 -2.526504051060063
-3.1047352351690822 -3.0383761444166817 -1.9359056588471348
-2.576599891969454 -1.8923139977578485 -2.497950316996779
-3.5230378693226814 -2.5308804955912945 -2.7109714911459903
-3.0128721141492925 -2.0644294495708833 -3.130918224171662
-5.630685924455948 -3.602911399483957 -4.257304795172619
-2.287728211347589 -2.5891217724777222 -1.9697938897543479
-3.227577130734484 -1.2127068915261678 -3.721610810777588
-3.173003114271604 -2.767925713947794 -2.3036846503529285
-2.99098564289186 -2.5282192419576344 -2.434926480195173
-4.190961646385686 -3.316126537976354 -3.231279564749358
-4.354384668325652 -2.87196345406346 -3.5523238288724945
-4.6296101859258325 -5.434635679515611 -1.8447486713238097
-5.184813242435779 -2.9112157128437586 -3.6656218630355317
-2.3817331551376544 -2.828795247340267 -1.8260710758730039
-3.7535019488522123 -2.8390554407210313 -3.25474950669566
-3.617316057366361 -3.6451511375330083 -2.2923736923219913
-3.9512373038277033 -3.9389815622130646 -2.8436691816031856
-3.8298330299292433 -3.493364272006806 -2.20905372667782
-5.511184524784758 -3.665466207774977 -3.296776595279092
-4.419629664135596 -4.274496869237704 -2.1677017743982896
-1.9464258440086992 -1.5246126406258478 -2.2254998369892665
-2.118595788702412 -2.8824062751294988 -1.7971144183126473
-4.199489069492546 -3.0627184272982193 -2.8993395895310794
-3.6717153472455832 -3.252330398009162 -2.7099127952694446
-2.535970345532485 -1.5014057683071549 -2.7610116897676598
-5.295531116233756 -3.7002409650178802 -4.138830346806855
-4.905717398226688 -2.4046711091490867 -4.288445594866854
-2.7812728111373346 -2.394161550193607 -2.169251340424938
-5.904602074581729 -5.795554695376737 -2.517669902065088
-2.786147217981374 -2.4053401218572192 -2.5003765358838406
-3.328524695084795 -3.009337284111435 -2.119245157114742
-2.0779067975775334 -0.9687045943321485 -2.6764064924414495
-5.757589480883033 -5.273937785178706 -2.369998153719704
-1.3651457212669378 -1.676145405695395 -1.8653514341000355
-3.0509222440443136 -2.6674839034755853 -2.3690407206760864
-3.375778054538604 -2.9636741026070457 -2.207975180241375
-2.8440159409474886 -1.9567775069410143 -2.3420052535597073
-2.7407997468727645 -2.764812602353123 -1.8254247130679198
-3.613416245412305 -2.6072184737873405 -2.9394312261920033
-4.72708531104875 -3.2874731967652524 -3.5035285564469847
-3.049998759961988 -1.7281028829536669 -2.913211682867807
-3.0779857134852175 -2.293890004635029 -2.765457282597807
-4.0959241700428475 -4.040600570884683 -2.224004506659588
-4.208603483809519 -1.3726724848332763 -3.8690796116505077
-5.140542097708752 -2.86893888050751 -4.077799889025348
-2.0379347620787662 -1.0840396120765141 -2.5850027102325197
-3.023677498044511 -2.7094271450777754 -2.5186161165994934
-5.851559917059072 -4.933043136384953 -3.755387054003297
-3.321331796775794 -1.9873739681950287 -3.1317932475986003
-1.445933815700018 -1.684129439377983 -1.9295179507459204
-2.899825230585922 -2.305257674030236 -2.3180170005241276
-3.9491902811037467 -1.4694719675009147 -4.105362431472618
0.376 0.328 0.156 0.30000000000000004 0.23200000000000004 0.344 0.18000000000000002 0.348 0.30399999999999994 0.34800000000000003 0.28 0.232 0.12 0.39599999999999996 0.368 0.236 0.10799999999999998 0.352 0.276 0.368 0.196 0.336 0.364 0.284 0.32799999999999996 0.292 0.268 0.284 0.28400000000000003 0.264 0.15600000000000003 0.27599999999999997 0.156 0.368 0.392 0.244 0.30400000000000005 0.28 0.2240000000000001 0.23200000000000004 0.34 0.364 0.376 0.308 0.3400000000000001 0.29600000000000004 0.372 0.33199999999999996 0.29600000000000004 0.24800000000000003 0.284 0.36800000000000005 0.324 0.3 0.388 0.16799999999999993 0.184 0.236 0.284 0.364 0.384 0.368 0.268 0.29200000000000004 0.348 0.28400000000000003 0.27599999999999997 0.31599999999999995 0.29999999999999993 0.376 0.336 0.17600000000000005 0.31600000000000006 0.312 0.38 0.248 0.352 0.25599999999999995 0.23199999999999998 0.384 0.352 0.38 0.172 0.2320000000000001 0.33599999999999997 0.372 0.12000000000000005 0.37600000000000006 0.268 0.18 0.388 0.376 0.368 0.38 0.25199999999999995 0.19199999999999995 0.268 0.39599999999999996 0.244 0.372
0.01017060308627379 0.009841458658607133 0.013866023240043717 0.009243915296713466 0.011119204880646747 0.009856488980076114 0.009134236646068437 0.007431580533991855 0.008753703465834255 0.007648059149760931 0.013850788555982735 0.014150199280384669 0.010046713433001087 0.011677483159716352 0.008291445926504916 0.007825892761223575 0.008295149370574816 0.007770006983216112 0.015542000723697786 0.008397168048966914 0.017989065087241445 0.007606771676579847 0.008888720474992952 0.010335981589935924 0.009281476427673713 0.00815976132137552 0.009972556605718651 0.00878134965740453 0.0078101868490831035 0.010195254323793052 0.008479804011715433 0.007555579118425205 0.010958191525887279 0.008621054279555493 0.009886158755828402 0.010668863560644299 0.021037096765544713 0.009623046879690431 0.007795480466306116 0.007810492145408363 0.011116088507885152 0.008056788444073372 0.008758822118402607 0.007537227084046607 0.00821840351236341 0.007906692055345138 0.007552609816874877 0.008448835316056448 0.007469384130782279 0.00835917592131027 0.00833732337586464 0.008989724793332148 0.01886084793440657 0.00773085860775219 0.010944436778505602 0.007735046659101889 0.007881665777097835 0.0098762752497255 0.010772555140477683 0.010644322129183535 0.01325835050590912 0.007550214534039007 0.00933019810217067 0.007918600768968661 0.00911765935936574 0.008013118508721656 0.013985236008464791 0.00907149231659194 0.00894864755139324 0.007675858986171342 0.009190917132348533 0.008360610527175651 0.009003232261544371 0.01664903389716434 0.014488913072658835 0.007767090242128438 0.01859405287918157 0.007996950834165085 0.007628768577594945 0.009967587536244776 0.015486342747480637 0.009427285685182906 0.0077858047266703215 0.00770831053837235 0.008153983934212768 0.007492073137335035 0.008670969407632153 0.011580009475052182 0.00887438741044318 0.00833120578940061 0.008480134261834896 0.011930100391979665 0.01458080014377077 0.009729589873529319 0.007904761023601282 0.02130915011783264 0.009065569713803045 0.009296362911170928 0.00789835873347089 0.012212169318544089
-----
100
187076
0.1
-3.643684060400404 -2.620223179168822 -2.811626901473797
-3.3715752502584584 -2.855353727852873 -2.706009607103934
-3.3752335747632194 -2.5336835529685295 -2.7852150775436844
-4.124334220551467 -2.9947626307679696 -3.2507127668716365
-5.563348035937121 -3.7648818392937575 -3.7508205582694956
-3.3477447172204187 -2.1617471356243882 -2.9916949909323947
-3.4215401930175746 -2.9226479375802423 -2.510245258988247
-4.28235588035485 -3.054134028505089 -3.40122234137092
-3.2391991230108235 -2.600830078560498 -2.488230146666965
-3.0618111764889533 -2.7155932247304233 -2.298876394302277
-3.115907496643987 -2.3321390719104493 -2.64125936526088
-3.2692061628889046 -2.5902724490895355 -2.667333340651529
-4.2190657592101175 -2.5631653953626343 -3.380921965653041
-3.690402933891924 -2.556762950677039 -2.9830881627302346
-3.1718334479920705 -2.5292354549313276 -2.6908456842746724
-4.130067618682258 -2.7905796157824656 -3.316488875828759
-3.174925636802702 -2.466593484325799 -2.48379064395708
-3.4315075867594875 -2.687970319006355 -2.6175121571288558
-4.101135151274792 -3.1383034905934255 -3.131642900389432
-3.5695761857294483 -2.728483559681544 -2.9095270979884944
-5.831360901901066 -4.6163176607120455 -3.6585352982101678
-2.9963259571194145 -2.516475568238326 -2.4936732021277157
-3.7489668473850957 -2.886551772813821 -2.9852250703934855
-3.4695214413240953 -2.4495311439684255 -2.793816179480295
-5.112776573077513 -3.9563798124976195 -3.6853071161068005
-3.262768115397192 -2.041175923435321 -3.0064496949533996
-3.108215737900542 -2.4043451044841686 -2.694735789440511
-3.723689508038982 -2.69857663482111 -2.9316339196776013
-3.413750678208019 -2.521077450037568 -2.890815573388415
-3.0495406679788513 -2.763620204657161 -2.5116834486987907
-3.2058915960844603 -2.852343683001411 -2.4425861325270897
-3.2324841184269166 -2.591337074202234 -2.491728994129712
-3.236368574911316 -2.7524349372820107 -2.6180322328001626
-3.4629096733483022 -2.9027665489973686 -2.7812021875210275
-3.8520583964320663 -2.8463402018055826 -3.056110954341201
-3.3174341327126253 -2.3794584755589048 -2.8787478353107003
-3.16439705113717 -2.6198841767747467 -2.4670847506152382
-4.407344922172263 -2.7663490858473336 -3.5210716984496258
-4.119813846566559 -3.31987015350357 -2.8848616373670386
-4.0365766280477455 -2.89326706205891 -3.019509986382714
-3.871306310568646 -2.4137928634970285 -3.1309599635787335
-3.245894218244966 -2.717883792486195 -2.4850571326283912
-3.9800629353475223 -2.7089181403020675 -3.1467356637331867
-4.769004769183713 -3.01556109622246 -3.5652815746972775
-2.9568015859442554 -2.5479138872580145 -2.4763184190790515
-3.9578409325355945 -2.6541670781330287 -3.2940360659932084
-4.31192228390845 -2.5619929251862166 -3.2503713320925827
-3.096877364311409 -2.536774360022174 -2.503873344639377
-3.6464803144667814 -2.4427710197583044 -3.108990556592354
-3.463300694280905 -2.6512742834421537 -2.7832572465566137
-3.680659022987486 -2.550514063195799 -2.9427977008699484
-3.1677446120659223 -2.5120040227230733 -2.68646011295158
-4.35292026159408 -2.7017629866283834 -3.306470639815031
-3.47044072016638 -2.8273327992469803 -2.7436385212395673
-3.244167442555908 -2.509465302490833 -2.6677515545044885
-3.447792862149357 -2.4732939301638055 -2.8159245429179034
-3.0341329953324507 -2.4724034134095794 -2.4832439123126537
-3.4267303071209794 -2.679867233403913 -2.82403195173111
-4.528881631406546 -3.186277003311877 -3.5719962882881013
-3.4347934227889545 -2.2786960820344246 -2.963268225695688
-4.03793311403816 -2.5766193058677107 -3.2738790083113436
-4.149899609279872 -2.5160636966734327 -3.47864412658328
-3.7488894198875515 -2.641222679749138 -3.0769886775917943
-3.4614162230367174 -2.6525830206416665 -2.7482933584992413
-3.6813675280581615 -2.800915810676053 -2.921489541660363
-3.6588937223601743 -2.6322367693264894 -2.759267421184852
-3.591971810071372 -2.693819520565145 -2.755282902064077
-3.296201256123547 -2.6484529067990574 -2.6278296436084245
-3.7473216367185813 -2.6080220099224345 -3.0237039207678524
-3.658321363323426 -2.688043087912891 -3.0407906077966205
-4.175628998878548 -3.055402611499149 -3.2611316874757583
-3.401733979520047 -2.745356030615021 -2.6297340877312694
-2.9804009955715483 -2.6247042926288167 -2.3740650355453523
-3.048279646643208 -2.3977001723347056 -2.6269860424724047
-3.418712889393327 -2.605577562811133 -2.7798590929921727
-4.566056650344615 -2.731456597801396 -3.5624725542298252
-3.285602217392639 -2.9564821707895623 -2.344677659361614
-3.2215768055955434 -2.584989555103871 -2.687084087178575
-3.6066081510590453 -2.510980701988957 -2.7412306295577173
-3.7023066365131028 -2.9974752802493403 -2.8332263700576457
-3.7226802330830537 -2.6579741051303905 -3.0117188169285045
-4.624008621064753 -2.81563972385976 -3.4633978888531223
-3.673205123474948 -2.2473508274051266 -3.108740823162469
-3.9139152645414366 -3.112551525248823 -3.1837054187662255
-2.927614102447863 -2.6637698549029434 -2.2992047194210934
-3.748556667086355 -2.8741135314072306 -3.220596001760227
-3.4596426649899916 -2.4592888085894353 -2.769075315520104
-3.133845044252616 -2.408029504950199 -2.592240116476886
-3.361345867570707 -2.6260831749255873 -2.7489899044742123
-3.5302792632586066 -2.762495292656708 -3.0020453707701655
-4.300180066154079 -3.1099752960556533 -3.3109990703816905
-3.3924485210695687 -2.722881019483192 -2.7134721825753796
-3.0175162265657716 -2.4552756304950716 -2.488022307920032
-3.0981807485618327 -2.7117645747843357 -2.3756632329747016
-3.154896545897072 -2.64510191688049 -2.471827535749722
-3.280660048120872 -2.7024645277593304 -2.5055925353392876
-3.617009332600415 -2.813589927075193 -2.926426872310437
-3.4447104654143303 -2.609910494721578 -2.780171895643712
-3.380989256324189 -2.8560593855350795 -2.5968472329341274
-3.4471945211885986 -2.483601583662819 -2.8346285621468175
0.07200000000000001 0.08000000000000002 0.064 0.09599999999999997 0.09200000000000003 0.09599999999999997 0.08400000000000002 0.08400000000000002 0.08799999999999997 0.09600000000000009 0.08000000000000002 0.08400000000000002 0.092 0.08800000000000002 0.096 0.09200000000000001 0.08800000000000008 0.055999999999999994 0.08399999999999999 0.088 0.096 0.09999999999999999 0.096 0.052 0.088 0.096 0.09999999999999998 0.088 0.07200000000000001 0.07599999999999996 0.09999999999999998 0.09200000000000008 0.09599999999999997 0.096 0.07999999999999996 0.08400000000000002 0.09199999999999997 0.088 0.08000000000000007 0.07999999999999999 0.09599999999999997 0.06800000000000006 0.07600000000000001 0.09199999999999997 0.08799999999999997 0.064 0.08799999999999997 0.08400000000000007 0.09999999999999999 0.09600000000000009 0.09600000000000003 0.06 0.09600000000000003 0.09599999999999997 0.064 0.07200000000000006 0.07199999999999995 0.08000000000000007 0.08800000000000002 0.092 0.08799999999999997 0.06799999999999999 0.08800000000000008 0.07600000000000001 0.08799999999999998 0.08800000000000008 0.08399999999999999 0.09999999999999999 0.09200000000000003 0.07200000000000006 0.09999999999999998 0.07200000000000001 0.09600000000000009 0.08800000000000002 0.076 0.09200000000000003 0.096 0.09599999999999999 0.06000000000000005 0.08000000000000007 0.09999999999999998 0.08800000000000002 0.084 0.09599999999999997 0.096 0.09199999999999997 0.08399999999999996 0.068 0.08800000000000002 0.07600000000000001 0.08000000000000007 0.08799999999999997 0.08000000000000007 0.09599999999999997 0.096 0.08400000000000002 0.08399999999999996 0.09599999999999997 0.07200000000000001 0.064
0.009598772340171324 0.009770427882055063 0.009707087094249289 0.009662512955901825 0.01270188323656327 0.010135764243884588 0.010041179595946179 0.009858892106855824 0.010077501116785166 0.01065470394803929 0.010099897028451146 0.009822630464343738 0.010003225236096385 0.009588926318640134 0.00989806319826133 0.009728686185617301 0.01016889149507445 0.009791585200455165 0.00966852454965901 0.009557006139766207 0.01575373054296761 0.010287045509773378 0.009531829873311392 0.009721135728928711 0.011931816105217092 0.010427606980812848 0.010015677978259996 0.009528875407119058 0.009679421462826009 0.010235864638316267 0.010249227685734124 0.010076298829992681 0.009906047936204608 0.00969289461713789 0.009523103563349539 0.009833306769905402 0.01016072665503774 0.010145586631343163 0.009929702708555468 0.009561145110836463 0.009794910015688477 0.010081255882528579 0.009591741184496827 0.01043994385873893 0.01035731802461667 0.009741458791181132 0.009975037798994732 0.010163439878394557 0.009744560607012148 0.009634312233511003 0.009591202304698449 0.009909882305932052 0.009902305524380471 0.00967355733830421 0.009863699744235727 0.009700226755700349 0.010276993493628268 0.009634601404452572 0.01024957855474477 0.009903489029148733 0.009786532517656708 0.010181280537092132 0.00957144915423878 0.009655248943713295 0.009528409224446805 0.009637166529370274 0.009619309988235293 0.009837117860721781 0.009566371851801616 0.00956090569923163 0.009698446799654772 0.009788991309929442 0.010525623817827205 0.010126113183377151 0.009663690549887347 0.01038188587519746 0.010513921334494674 0.009844365079891922 0.00971266129292044 0.009629748260326657 0.009543733399098512 0.010239640354872204 0.009986094969653327 0.00970060871835937 0.010785859357868792 0.009687128792306054 0.009729122402606306 0.010072891801623034 0.009704066448705721 0.009604799358302416 0.009791186884424225 0.00970832628565713 0.010293539874143118 0.010419284848944952 0.010159030914109097 0.010022313759408374 0.00954834881166283 0.009651533218002434 0.009878221406945322 0.009688308780456676
