3
100 100 100
252 629 45374
0.8 0.4 0.1
-----
100
252
0.8
-2.9226584314354147 -5.295375539371071 -0.18031970854763735
-5.572440896679647 -1.2534269588173164 -4.0500315887623834
-5.943855334525283 -4.083504200716918 -1.3007156755165408
-5.62780548702017 -5.062090984744232 -2.192533716446679
-1.3751042072611277 -2.6060951218576927 -0.9627212272947752
-4.322198438833028 -0.0716975728339273 -0.902779791936565
-4.741242479751222 -0.6420665701394963 -1.4164184618792985
-5.553354737834283 -0.9560408986664655 -3.090028554673397
-1.6870137934867895 -1.0523065602694555 -0.3042214577202831
-3.7053036120156495 -0.5644045587865225 -2.771313318758097
-5.456556514059538 -2.963208164417177 -4.24801512487541
-5.034627076454941 -0.14032072187571565 -3.030333818781141
-5.224491887986039 -4.58203096134643 -3.311786688471417
-2.9830963841988507 -0.889339312388211 -1.0225874961227124
-3.5998165233072257 -1.0092136219518704 -2.548498377874703
-5.019527446826041 -1.6735332391996582 -0.018438575774793797
-0.898650729666647 -1.8057618917069647 -0.09506660812782464
-2.494504921279711 -2.731160537164429 -0.4195764662836723
-4.97291331349523 -3.518072587920588 -0.16274166889582453
-5.069019917402466 -0.8187392507772859 -0.9561577440020184
-5.193779465073507 -2.0428677359972114 -0.8978650056031281
-2.8504220459474 -1.1122630990446867 -2.4952496500462233
-3.804727014119255 -3.633728224354872 -2.41533450102859
-2.9558190018683677 -4.307558379401394 -1.0106083681365323
-4.829182095701798 -3.080538972896065 -3.5040950730343976
-5.888920357617498 -4.666075003774223 -0.7871940856891522
-4.4586016419833285 -2.749867461536803 -1.5125761783874
-1.9236015078322763 -3.2808528431821244 -0.744169042767103
-4.267390616331409 -0.6019224141613453 -0.42005762926344836
-4.469258619755564 -1.6268066785569264 -1.4375516473864085
-4.704360815688652 -4.555650668084874 -1.3497096909212534
-5.410820385851462 -3.4644455568821435 -2.9923974154112325
-4.122240394999169 -3.2308904388880504 -0.07839150905946113
-4.263786053586012 -2.08509709120505 -0.47365312749716804
-5.092613882006632 -1.6483627345822 -0.20348887115571213
-5.983364502452991 -5.55780839130297 -1.212513209146862
-1.194586989730304 -0.6818811713271025 -0.24108366642734858
-4.7289729770614795 -0.1157210524276584 -2.090903481428802
-5.496830528506763 -0.6529424749711916 -0.21597953654893853
-5.841045917595204 -4.886792996440438 -2.250589619208203
-4.038307835562977 -2.6373828679147135 -0.9728340940530789
-4.600037289441724 -4.111934225606182 -1.073105440915036
-3.8981442118070317 -4.5882019887888 -0.7580311671421178
-4.417772477029207 -3.0567875781858085 -3.1448767658072376
-1.5594070032455276 -1.9988139327417596 -0.16381648574096808
-3.8895620831028945 -3.2340092020407463 -1.7484343673584135
-5.487905466183902 -3.3984174607506548 -2.520261087886081
-4.225340781712925 -5.334845329279274 -0.9149737001787424
-5.44283947745607 -0.06578483949718095 -4.584606334485441
-3.1493927841959706 -1.7971566249963882 -0.9207734088264168
-4.911437420324614 -4.396615424422377 -1.2601758566315677
-5.282410946446024 -3.108996740364793 -3.433046594904824
-1.9518711729840872 -0.3333763922491517 -0.9962736588468797
-5.8521877457304985 -0.05017827208738801 -5.6926264424010355
-4.285830104188921 -0.8035998177684176 -3.017789819808956
-3.4489801736085846 -0.09469258226708632 -2.823959792521803
-5.584314217667115 -4.515876355556866 -2.847561900084361
-3.263915835322145 -2.703257235839903 -0.15092223316183695
-1.975007972092012 -5.226520283693423 -0.6806247742457554
-2.047561689059321 -1.3797087519015392 -2.026058181777166
-2.6629299156666724 -0.5168431396223969 -1.8335374922958874
-5.567077006742348 -0.3357585754865662 -3.668901384432971
-4.903357330794782 -2.1320187559829584 -1.5725099084750038
-3.3472176731586956 -3.05787507994779 -0.8337138272651767
-0.5098268901353489 -1.1194189248549602 -0.7653443609311115
-2.344853524251763 -2.1655599703957313 -0.7929507438974985
-5.901625682280688 -3.007959682581691 -3.1320979050853603
-4.012084616915917 -2.6132618639901186 -0.9873131155490231
-5.320951751764937 -4.1392275060568 -3.613324129943679
-0.026983615913477976 -1.5432154585286568 -0.3139131937849813
-2.106849068989718 -4.899704508985424 -0.5643369715109934
-4.367363216460018 -2.375604428638326 -2.6429985541317196
-5.527804571311497 -2.712543381133895 -3.4310863658304758
-5.580569908913638 -4.708448228869747 -1.1476367333315984
-0.9905375344636846 -4.515140590410809 -0.8732414098768126
-2.9220835354236296 -3.3358736295274647 -0.30837880127579
-3.774123971918965 -1.2880902468098512 -3.479748490771273
-1.6159826245888613 -2.209048938030707 -1.0214358447809264
-5.082917496451969 -5.128625300127437 -2.5423673047468216
-5.57948474337177 -1.389080350242848 -0.008764188010141893
-3.4959350219094625 -4.201862505557935 -0.9330220947154082
-5.0650063275811235 -0.25484349783443605 -0.20241084000899257
-4.995120070175098 -0.47404294364518584 -2.316667153623444
-0.4844824846665805 -2.5608168441427424 -0.12398441223467316
-5.05050888544441 -1.2114971871134141 -4.169934035332618
-5.471407377579856 -2.654197723878491 -2.3816441205884895
-4.795696368051298 -0.4030436641630235 -0.376767686393217
-2.2395955919506876 -2.9086595418655947 -1.3241609824491478
-5.922851951027292 -3.185196459594299 -3.303617987512694
-4.791774574859917 -4.9396117507218555 -0.24762984474244298
-2.779740756395037 -4.443608941499347 -1.1990947215769463
-0.934653591830501 -1.2114361351150684 -1.04245129996686
-2.4465253895431855 -3.459362509845575 -0.5821366862303776
-5.906596034523915 -0.3413534255597286 -2.5138458403150614
-5.033799746584371 -2.7899520677907 -1.3227809791514282
-4.183381874558108 -3.9021180605193093 -1.2491795678138082
-4.49391114993489 -2.6454706908112318 -0.8451333266899459
-5.9739525153338136 -4.1109603299457955 -1.8887178281012673
-5.144129893372517 -2.5988947438590624 -3.9816407501780944
-3.5817740277807326 -4.867356286822017 -0.5151392861325679
0.5559999999999999 0.604 0.472 0.44799999999999995 0.768 0.472 0.46799999999999997 0.472 0.24 0.20399999999999996 0.792 0.472 0.136 0.42799999999999994 0.22399999999999998 0.472 0.484 0.424 0.46799999999999997 0.472 0.472 0.512 0.768 0.78 0.41200000000000003 0.472 0.4119999999999999 0.748 0.472 0.45199999999999996 0.78 0.19999999999999996 0.28800000000000003 0.45199999999999996 0.472 0.788 0.24 0.472 0.472 0.44399999999999995 0.40800000000000003 0.46799999999999997 0.72 0.516 0.424 0.472 0.46399999999999997 0.784 0.472 0.32399999999999995 0.46799999999999997 0.16000000000000003 0.31600000000000006 0.696 0.19199999999999995 0.30000000000000004 0.384 0.26 0.732 0.724 0.264 0.472 0.46399999999999997 0.324 0.712 0.3559999999999999 0.372 0.4159999999999999 0.44799999999999995 0.616 0.708 0.272 0.248 0.46799999999999997 0.788 0.472 0.692 0.724 0.6519999999999999 0.472 0.784 0.472 0.472 0.54 0.26 0.46399999999999997 0.472 0.76 0.384 0.44799999999999995 0.796 0.728 0.66 0.472 0.472 0.37600000000000006 0.472 0.472 0.388 0.688
0.010000000000000004 0.010000000000000004 0.010000000000000004 0.010000000000000004 0.010000000000000004 0.010000000000000004 0.010000000000000004 0.010000000000000004 0.010000000000000004 0.010000000000000004 0.010000000000000004 0.010000000000000004 0.010000000000000004 0.010000000000000004 0.010000000000000004 0.010000000000000004 0.010000000000000004 0.010000000000000004 0.010000000000000004 0.010000000000000004 0.010000000000000004 0.010000000000000004 0.010000000000000004 0.010000000000000004 0.010000000000000004 0.010000000000000004 0.010000000000000004 0.010000000000000004 0.010000000000000004 0.010000000000000004 0.010000000000000004 0.010000000000000004 0.010000000000000004 0.010000000000000004 0.010000000000000004 0.010000000000000004 0.010000000000000004 0.010000000000000004 0.010000000000000004 0.010000000000000004 0.010000000000000004 0.010000000000000004 0.010000000000000004 0.010000000000000004 0.010000000000000004 0.010000000000000004 0.010000000000000004 0.010000000000000004 0.010000000000000004 0.010000000000000004 0.010000000000000004 0.010000000000000004 0.010000000000000004 0.010000000000000004 0.010000000000000004 0.010000000000000004 0.010000000000000004 0.010000000000000004 0.010000000000000004 0.010000000000000004 0.010000000000000004 0.010000000000000004 0.010000000000000004 0.010000000000000004 0.010000000000000004 0.010000000000000004 0.010000000000000004 0.010000000000000004 0.010000000000000004 0.010000000000000004 0.010000000000000004 0.010000000000000004 0.010000000000000004 0.010000000000000004 0.010000000000000004 0.010000000000000004 0.010000000000000004 0.010000000000000004 0.010000000000000004 0.010000000000000004 0.010000000000000004 0.010000000000000004 0.010000000000000004 0.010000000000000004 0.010000000000000004 0.010000000000000004 0.010000000000000004 0.010000000000000004 0.010000000000000004 0.010000000000000004 0.010000000000000004 0.010000000000000004 0.010000000000000004 0.010000000000000004 0.010000000000000004 0.010000000000000004 0.010000000000000004 0.010000000000000004 0.010000000000000004 0.010000000000000004
-----
100
629
0.4
-3.558654958952941 -2.0892654070717356 -1.2546253513224406
-2.82479477627272 -1.2698704624219148 -0.8755982886234265
-4.295754587492199 -2.804326184626221 -0.6962389456649118
-3.3512449959862343 -2.4494547340138504 -1.9867083877995235
-2.32072332627822 -1.8566118386972312 -0.06568257299561142
-5.969514048000178 -5.85750376268275 -2.4440804329407673
-4.981347607546906 -5.0567718223958416 -2.848144435900526
-5.922071340356123 -5.292433751217843 -3.2446953189874
-5.068558781615363 -4.023519335023607 -0.9075910751601575
-2.7626299523369466 -2.2358455669060753 -1.3807026571356684
-3.768728347129496 -3.713056565135467 -0.3753474661487439
-2.7066304165802375 -0.5042323763580117 -1.7462801290021008
-4.30731634525995 -2.421179570391489 -2.4542434019722092
-4.729815331496924 -0.3436024887174237 -3.034172190994946
-3.8021723334955455 -1.25534737823065 -2.147427677482401
-5.151498868119572 -4.3901506151227245 -3.1803762863001825
-4.915342218096936 -3.6077129293117705 -2.9818191853059135
-5.35261194880215 -0.6035267781404139 -3.343683519380417
-3.790574584261769 -2.405734275363483 -1.14911456901357
-5.019519705124919 -0.1285021574845051 -4.5492117865819175
-2.856746672150874 -1.5216186713293698 -0.79403714480121
-4.265005951152395 -2.5131570977968702 -1.4223615724625678
-4.118628372048187 -1.6912909422306006 -2.5304119352977983
-3.2668282001940043 -1.8515953147832511 -1.9260055092049597
-4.518545541984284 -3.0771600205693375 -2.4584636415990335
-4.450118573012661 -0.17224242556744218 -3.404981330788542
-3.3624767323902525 -2.6775895540834767 -0.31462433319507677
-3.272902836427086 -1.6100760154428708 -1.7709083268003785
-2.1676905545073817 -0.89453261757407 -1.6698546733313866
-3.9516777681083814 -2.2446156511494273 -3.1293495786877465
-4.133645012245582 -0.39793373362633355 -3.4241744212856564
-2.019433810338359 -1.909915916222427 -0.055650232792825605
-2.4843700707386347 -0.4740307847198443 -0.9216525583641981
-5.3096495822811685 -1.8497047897841024 -3.925893435181618
-3.8179092672086896 -2.8921329284767707 -1.9026804432940594
-5.605474661551903 -3.792735572388854 -3.660546881784432
-4.462707290433868 -3.759490673019486 -2.1596009943054932
-3.1974060534165414 -1.02167892183166 -1.4969835293177085
-4.4779470455278405 -1.6689745567489616 -3.286199328576319
-5.269663375464052 -4.487018044632543 -3.2397891079994925
-4.2377629351964465 -1.1219784111904536 -3.1073212007668833
-5.319665035199847 -3.1375681230196304 -3.7066719978533316
-2.529485642034958 -1.835832206886997 -1.0138156477356093
-3.1331704859764606 -1.9950111439467757 -0.12923188799702423
-3.1672769852973515 -0.9956228115606567 -2.4230988089037693
-4.542952929762712 -3.268462099698293 -2.2446463033138055
-3.0877627547947526 -1.4590284493664176 -1.5061106513100493
-4.873831362429585 -1.7939079910465519 -2.493593669423533
-2.4226491863084854 -0.8649429398194103 -1.496404335957302
-3.167878504795853 -0.7575447293750805 -2.6206388807014975
-4.879675224986577 -3.6731103959326608 -1.8808623502988433
-5.52478185046168 -4.247566836733573 -3.2760431029626624
-3.7579056312694323 -1.9609517505767826 -0.7158565247037513
-3.621051426947023 -1.9820350755721718 -1.5849470877422531
-1.4301172371924809 -0.6797804743580935 -1.025110665838244
-2.101561081460278 -0.1130199314884277 -1.5250582701228843
-4.835628308258142 -3.179434033883405 -2.1611404694139
-3.056748219050133 -1.9172390852029841 -1.8999703023580023
-2.3826411073730664 -1.6288438288320795 -0.6767466836477631
-3.518712343515416 -0.7121058046124267 -3.2440723545480057
-4.3596422707216 -3.1124502225087296 -2.6297056985808553
-3.8321466446037187 -2.666731845276218 -0.6874522868995254
-5.040422865735412 -0.7149800870307561 -4.069236777671193
-4.460699845525242 -1.3683735158212835 -3.5573476741736334
-4.859000520925589 -3.73850324786208 -1.8724540129017528
-4.4337909446061206 -2.9285112415388275 -2.9069694641790482
-3.2095209570223324 -2.798605936037575 -0.042224176063816454
-3.1349272114972573 -0.875114040880354 -2.166191719624486
-3.5247870380943542 -1.521625584381995 -1.9618038380951053
-4.860873357354311 -3.332208574662273 -2.9408783992233145
-2.7545501279550795 -1.5257674459965886 -0.5178529895808048
-4.313846220883589 -3.8565082942272357 -0.26382045342258464
-3.1487206605354876 -2.512118681494407 -0.37142939026121313
-4.789741137778649 -3.5266983831304604 -2.910668844895467
-1.3260564527441658 -0.5920754606874741 -0.7034466299206157
-3.7062967045842754 -1.7117425701887992 -1.7930588895680293
-4.279589795577054 -1.8726186689436588 -3.3430773302258245
-1.691724946306637 -0.3872856313901921 -0.16315698666528297
-1.5213172707271587 -1.1025334981158734 -0.8672599862187235
-3.422588213465886 -1.1161117870561916 -1.6179801437653578
-4.8272236464388625 -2.2281556849604294 -3.57123205195935
-3.3880383449617333 -0.7547817464222022 -2.2327482199312
-4.347571138832177 -3.2666875497136707 -1.0086095007903289
-4.179055876195704 -3.013811662065083 -0.3961489925202526
-3.2818284476041 -2.7286386345491223 -0.15785248181965916
-4.380498209428894 -3.9451009574835973 -0.21637332518602692
-3.5532849778717166 -0.32481701693456566 -2.105324449033229
-5.752213273358485 -4.787940462648455 -0.9520073347005186
-4.142287210312773 -3.2158255209654136 -1.3319945248066076
-2.530652558626178 -0.42433797893096403 -1.9152720268892471
-4.280728506446815 -1.102520615251113 -2.7837152513327745
-4.875625379984009 -1.927570110681232 -3.301637379133379
-2.8187892816514557 -1.0631608690162486 -0.9187972565587721
-4.1426704066046405 -4.516238867702814 -0.3901572495799197
-3.0468873941570536 -0.6042276091838078 -2.750178017282349
-2.1454742004649257 -2.1988953625794854 -0.004983327792635439
-4.684840589650678 -0.032893974972596496 -4.169303496541132
-5.169626466692402 -0.9793708919169679 -3.694821457252134
-4.103056637078929 -2.8738628502031345 -2.239020478841832
-2.261691047746158 -1.286155868178042 -1.0561963465836919
0.356 0.388 0.376 0.20799999999999996 0.24 0.22799999999999998 0.368 0.14400000000000002 0.20399999999999996 0.29200000000000004 0.21199999999999997 0.20399999999999996 0.28 0.372 0.29999999999999993 0.272 0.17199999999999993 0.384 0.364 0.392 0.33999999999999997 0.364 0.19199999999999995 0.132 0.264 0.344 0.236 0.32399999999999995 0.32799999999999996 0.364 0.26 0.23199999999999998 0.388 0.21999999999999997 0.11599999999999999 0.38399999999999995 0.17599999999999993 0.364 0.21199999999999997 0.15600000000000003 0.18400000000000005 0.21999999999999997 0.18000000000000005 0.388 0.16400000000000003 0.14400000000000002 0.29999999999999993 0.396 0.18399999999999994 0.33199999999999996 0.352 0.30799999999999994 0.388 0.344 0.372 0.24 0.384 0.132 0.20399999999999996 0.3 0.17199999999999993 0.264 0.392 0.33599999999999997 0.384 0.10799999999999998 0.264 0.18799999999999994 0.28400000000000003 0.2919999999999999 0.33199999999999996 0.364 0.21999999999999997 0.11199999999999999 0.20399999999999996 0.31999999999999995 0.26799999999999996 0.368 0.376 0.356 0.19999999999999996 0.268 0.256 0.32399999999999995 0.248 0.256 0.396 0.18799999999999994 0.19599999999999995 0.20399999999999996 0.38 0.10799999999999998 0.388 0.24 0.39599999999999996 0.252 0.392 0.392 0.21199999999999997 0.18000000000000005
0.007351940994653486 0.00867632194015723 0.0074376678527517635 0.00791707336618475 0.009934632063498774 0.016898209063833422 0.012682168012116246 0.017045576049724075 0.008551381617783214 0.008100784134091307 0.008429157233737593 0.010487974937342865 0.00799219075667344 0.01153369146921701 0.00838384257722077 0.011989244119132953 0.00978365375446147 0.01230088814651992 0.007190602740624538 0.020059221069480396 0.00841629086540565 0.0071109067554648445 0.008426110605814559 0.00808267628496841 0.008136740606798901 0.013297774346801346 0.008090329088043345 0.008068262511856059 0.010734698423764859 0.009777325943239332 0.012939743764560911 0.010494553543159653 0.010635139314913078 0.012753096770004154 0.007535160899509827 0.013293090311973402 0.008236331931624536 0.008586017460719733 0.010147859871907675 0.012590278958927737 0.010281092663045768 0.012130772505369614 0.008522850622821182 0.008704279162093752 0.009910055530423156 0.007928869186387858 0.008195576804187444 0.00833147653773754 0.010016441301099362 0.01083118515860227 0.007972887933609854 0.012426982736224959 0.007545193791084992 0.0074460856765873 0.012866261932996904 0.012866128605831872 0.007852319197633333 0.008267378266751198 0.009061890868301918 0.012376994901977256 0.00849176621031152 0.00742875531685292 0.014832090580915495 0.011381257514116224 0.008018590753010667 0.00900063927245476 0.008751635833411577 0.009640225157686323 0.008101811534497742 0.009368215148325568 0.008790339094436496 0.008793348675559979 0.008140818689426923 0.009464634012457278 0.013590204583172703 0.007673662923337184 0.010307229174555723 0.013997154295214346 0.011606390224451944 0.00831319659381677 0.010876657493357852 0.009622767461954293 0.0073892728105472896 0.007860490046023332 0.008434000263317702 0.009032864325091585 0.010155820960154011 0.011043528671458186 0.007281491108241807 0.011329695183541846 0.009456763876496096 0.010047338857974002 0.008941729634403735 0.009579700213246906 0.011816299326603413 0.010233441085703331 0.017701498956980193 0.012589462680058743 0.007796266181325403 0.009485611734077457
-----
100
45374
0.1
-5.332762495574633 -2.902547713662286 -3.459714752338826
-3.403891289965155 -2.1612848456134213 -2.1537698191808037
-4.265433856681624 -2.3526886662231385 -2.878377543360475
-3.5732417931520226 -2.3447034813366185 -2.3570940527317474
-5.017617027081152 -2.1836795406781286 -3.275595197408176
-5.410739400312661 -3.548525692668096 -3.232809375243142
-4.508940901071229 -2.764384540548675 -2.7414435099451926
-4.825981699677049 -3.091621838203077 -3.2097549882296645
-3.8140097442778575 -2.3570243092927115 -2.385476448749378
-3.75143127486337 -2.3257863045406273 -2.5466862655979545
-4.7000704497425625 -2.487367099531504 -3.053741030534934
-3.3848289182080866 -2.7004031648493845 -1.8188785958967477
-4.316614541563062 -2.0826735033044033 -2.6533463975483667
-4.50969474315776 -2.4371161268444945 -2.967458296167868
-3.7533078929799046 -1.9399589848367174 -2.671534374214781
-4.049231125697977 -2.0470120211722227 -2.7363978621953158
-3.788024353039567 -2.111040966048939 -2.5226624046065265
-3.9487413896314347 -2.7755573704056693 -2.5185520963990036
-4.394891917186525 -2.7820006109334354 -2.7490654436178694
-4.322114577469883 -2.059382540223484 -2.8257694417143595
-5.910334907781352 -4.895498569756735 -3.4500152283330605
-5.252537479058868 -4.131422686558329 -3.3649836154908908
-4.978789605002697 -2.85659481367296 -3.0322185950077323
-5.399502283444582 -3.5153124555973223 -3.590106487297868
-4.489986087413746 -2.002680314044828 -2.9343722774546577
-3.937404314974739 -3.0759605770624106 -2.867995855584359
-4.7023494752852075 -2.668253313221032 -3.213087441265924
-4.954657315363349 -3.2453307205638535 -3.160541192593728
-4.181897748268694 -3.4025853793514176 -2.587326880155701
-5.778556877660961 -4.024298397879608 -3.5091372868590414
-5.25949003422998 -3.062271939081565 -3.065794445874604
-4.354433360712376 -2.588626700988324 -2.598247858219544
-3.632855640289477 -2.073851342189061 -2.21256879732195
-5.146276597573314 -1.7240081074715063 -3.161493728343102
-4.288997576963834 -2.311525260731422 -3.2570126691788213
-3.6252533798134605 -2.62356078875576 -2.1334537939558684
-5.481864446396574 -4.550484357459837 -3.036353215757078
-4.870724934087221 -2.5065863704718248 -3.1350892825762657
-4.858649593410248 -3.332340297395979 -2.70096033022987
-4.806280001503974 -3.9509652460083053 -2.8741700013809135
-3.727427096423892 -2.3469058795954894 -2.354496352542025
-4.296420323679843 -1.753103100728163 -3.1945999483754393
-3.789375242656028 -1.834219811094713 -3.080206766996665
-4.489307369218919 -2.484159889358083 -2.9391462575324834
-3.8715911243738184 -2.5593553030195326 -2.2225441088311357
-4.535720373546979 -1.8799062928166863 -3.222010212435424
-5.9383018044476765 -5.098168081612417 -3.3399177251188408
-3.3568817051047253 -1.879356311253556 -2.208264634348035
-4.41270178187811 -2.540899929487364 -2.8982174456869654
-5.581787811408299 -3.084622547128679 -3.259700949583392
-4.210765164063058 -2.322789405909926 -2.6026733285765773
-3.978054923742877 -2.326799199017702 -2.6953913921123362
-4.777413745318062 -3.071304235588228 -3.256403502796716
-5.615784386922603 -5.060765109611581 -3.236051090809075
-3.583496562816358 -2.457363920970245 -2.0561374736918325
-4.887315602863981 -2.6532935870522825 -3.2526417589687737
-4.184090713655351 -2.7647701226738146 -2.714654597086671
-5.0229853041137735 -3.814524703651745 -3.4664138660660173
-3.931149957206988 -2.4609160370183525 -2.5531593680292453
-3.71496656028426 -2.242283936940081 -2.373982786131637
-4.2456505746902815 -3.0165390733865918 -2.9421568934571707
-3.746867172072286 -2.023458093408354 -2.515763870513263
-5.127181956230123 -3.0179902988768097 -3.1799019730906273
-4.499619389773578 -3.084254026148826 -3.181827337771394
-4.463966814007685 -2.503616417890417 -2.6835272205122127
-4.990731910329966 -4.321380601351415 -3.3339651355089384
-4.258511477898191 -2.8243228407268863 -2.436476547493202
-5.315142226427473 -3.803816901141464 -3.151904504917544
-3.8671369731296235 -2.416024526729559 -2.4597082336301392
-3.1930147047970934 -1.9176915965935482 -1.8342931524646704
-5.836240028054816 -2.3004458106533683 -3.4494557562812953
-5.535522997423117 -1.7353290138892479 -3.811968436652808
-4.380702870119099 -3.372653872700953 -2.821277161322164
-4.047109109428654 -2.739447891641057 -2.5051730106365313
-4.939257028313536 -2.2429528527774436 -3.510712024147696
-5.718104017725121 -3.5116000800599987 -3.21268402035426
-4.8477842541116045 -3.2863509192254035 -3.5302179445304347
-4.238417910088678 -2.3462502097902256 -2.744835056178059
-5.018480154020872 -3.122239085574511 -3.3539434206195957
-4.737814685152754 -2.6067570374649645 -3.0062577603524665
-4.3709185576115885 -2.813288383799089 -2.677528299432732
-5.555535265149704 -4.627515243466652 -3.3473555693635673
-3.626934000449492 -2.3789159611633908 -2.1627926246513516
-3.0467473386693795 -2.0881397433622615 -1.8501658760713746
-4.35297080891092 -1.7953713812125016 -3.014943024707806
-4.6588043850153715 -2.42426275223296 -2.864010231530697
-5.371864383122265 -3.732294283116827 -2.9518185203666634
-4.873097491516602 -3.281252443164081 -3.1948779429712237
-5.302557133566325 -3.7122114123413037 -3.509488011381845
-4.49902824263288 -3.381115002186952 -3.130731207793317
-3.887584354876724 -1.8621072719872906 -2.557220656735081
-5.477948407741009 -3.670369363227004 -3.1926254490795687
-5.1790590612399985 -3.0519822689905864 -3.506759806419911
-4.309909683791721 -2.285847813176817 -3.1431440870321716
-4.329605808266362 -1.7392511023932822 -3.07615864430712
-3.606060814869397 -2.604809360625939 -2.264588678326328
-4.316542329278901 -2.7733177683618164 -3.1036041171532442
-5.1053260673885275 -3.655565678453872 -2.9989359483698044
-3.7739094095012033 -2.7047831167031084 -2.346943711601358
-4.822883744778807 -2.733467967271581 -2.923399776340082
0.07999999999999996 0.07600000000000007 0.07199999999999995 0.08000000000000007 0.08399999999999996 0.08399999999999996 0.05599999999999994 0.09599999999999997 0.05600000000000005 0.06800000000000006 0.08799999999999997 0.09599999999999997 0.08400000000000007 0.07199999999999995 0.09999999999999998 0.08799999999999997 0.09199999999999997 0.09600000000000009 0.08400000000000007 0.06800000000000006 0.06800000000000006 0.09999999999999998 0.06800000000000006 0.09999999999999998 0.06400000000000006 0.09600000000000009 0.09199999999999997 0.09600000000000009 0.07600000000000007 0.09600000000000009 0.09599999999999997 0.09199999999999997 0.09599999999999997 0.09999999999999998 0.09199999999999997 0.09200000000000008 0.09599999999999997 0.08799999999999997 0.09999999999999998 0.09599999999999997 0.08399999999999996 0.08399999999999996 0.09999999999999998 0.09599999999999997 0.08399999999999996 0.09999999999999998 0.09999999999999998 0.09199999999999997 0.06400000000000006 0.08799999999999997 0.08399999999999996 0.07600000000000007 0.08799999999999997 0.06400000000000006 0.07599999999999996 0.09599999999999997 0.08799999999999997 0.07999999999999996 0.09599999999999997 0.06399999999999995 0.09600000000000009 0.08799999999999997 0.06400000000000006 0.09199999999999997 0.09599999999999997 0.07199999999999995 0.07999999999999996 0.09999999999999998 0.06799999999999995 0.08799999999999997 0.09199999999999997 0.08399999999999996 0.05999999999999994 0.09199999999999997 0.07999999999999996 0.07999999999999996 0.09199999999999997 0.09999999999999998 0.08799999999999997 0.09199999999999997 0.06000000000000005 0.09999999999999998 0.08399999999999996 0.09599999999999997 0.09199999999999997 0.05599999999999994 0.09599999999999997 0.08000000000000007 0.07199999999999995 0.08799999999999997 0.09999999999999998 0.09999999999999998 0.08399999999999996 0.07200000000000006 0.07600000000000007 0.09599999999999997 0.08800000000000008 0.09199999999999997 0.08399999999999996 0.09999999999999998
0.011559114424754791 0.007974778958286324 0.00851596145523832 0.008157173120661615 0.009839453852834532 0.012182457842104555 0.008849936819159672 0.010215438762667702 0.00805454876917663 0.00820606052647683 0.00914330026422189 0.008441582848597329 0.008178105498403823 0.008810172390828944 0.008104151239213353 0.008148145692915248 0.008009512615180162 0.008581501376905989 0.008813075906588365 0.008323999236239825 0.01883599717070206 0.01343999879760814 0.00985803646054452 0.013078460361240107 0.0085455399467729 0.009586385954636225 0.009560681237127312 0.010521621337105887 0.009652519827262455 0.015407518029045029 0.010765042751885633 0.008461047353133461 0.007814015295610379 0.010016489462222276 0.009110281697588459 0.008263112579451724 0.01445210632164839 0.009511606066223848 0.009910985928645451 0.011328370200572665 0.00805733300213518 0.008746772860410512 0.008681069344670058 0.0087958368450244 0.008126830198872993 0.008949578907533689 0.019523363151750586 0.007894918457867623 0.00874769284723162 0.012222708779328802 0.00819811881222923 0.008277763551218799 0.010230460825002539 0.01750657795909893 0.008056595937906431 0.009853229073472887 0.00871805175734744 0.012544394809915788 0.00825638240424785 0.007994618774542484 0.00939548680406145 0.007974494106698309 0.010563331821784667 0.009941494529455102 0.00853021316812073 0.013612203040416564 0.008556153348016484 0.012232110145124467 0.008148707230404739 0.007850554888769621 0.01347159841469928 0.012751471439767055 0.009829783374713016 0.008490915384860116 0.010167409072010887 0.013280972225760022 0.011378531819168126 0.00835142345956378 0.010842357113172385 0.009220205277250907 0.008767980887217587 0.015784963824291284 0.008008204778303074 0.008121877499807546 0.008510166900345376 0.008829001447526193 0.011907029803569296 0.01053920124112731 0.01294734327692258 0.010391022446350616 0.007925634206381411 0.012530878099394635 0.011453502157620405 0.0088749998147988 0.00857810632706057 0.008344472828122555 0.009307682249299516 0.011208442923824943 0.008422063174520808 0.009347422770407109
