3
100 100 100
671 2954 98428
0.8 0.4 0.1
-----
100
671
0.8
-5.7103658817707394 -4.170295056726648 -4.397371606509516
-4.617626316092503 -4.163619988651949 -2.733828663137862
-5.320436091383989 -3.7483338075389545 -3.455461380099204
-0.3523360891906062 -5.799115008097232 -2.0327058104739533
-0.7719513659379125 -4.6945509586281595 -1.976750934098586
-0.2530074080609648 -2.31512136635433 -2.1572928504609554
-5.003075582800754 -4.977972971640994 -3.737516082674518
-1.5794963724746678 -5.022484632615064 -2.5125741167076097
-2.330949385597815 -2.9768611108194714 -2.734366206183074
-0.86138120198643 -1.929344008374855 -2.17146678725163
-4.620805354462748 -2.9988334915829578 -4.252907133036636
-3.7075301826216847 -3.6134118577765983 -2.7389542263462534
-3.1767978531071543 -0.6936870359188365 -4.302225292807233
-1.982340173450715 -4.182649260353006 -2.273704432206917
-3.295634452133451 -2.5395362971657325 -2.161570506140884
-3.4710070461717994 -3.3880194437632847 -2.736290909370527
-5.6491614468598 -4.949859051271217 -3.6162101774008515
-3.9584352136442003 -2.2678207011155758 -4.069443518680532
-1.3926745796961555 -4.297622738904783 -2.4027883596642745
-1.6698713002467054 -5.074548154924003 -1.9180374031166378
-5.105428186685912 -3.104468592155957 -3.8265846398076935
-1.4908408711407315 -1.1828651556531575 -2.856241764451208
-1.233444891940458 -4.834689190295851 -2.389856468315672
-0.5951656064615278 -0.8391681069549612 -2.514984831580028
-4.674204967641609 -1.542688916650528 -5.494434366174543
-0.7831049198332112 -4.082210927520812 -2.485017301513272
-4.499533869568154 -4.01604986623466 -3.027152009166102
-4.5381918830490084 -4.234600449650158 -2.24719614210693
-5.2847767315507275 -3.2544387457243196 -4.346234014196522
-3.2984814577328447 -3.16146201430743 -2.335961758403132
-4.487809757060516 -5.188225951603041 -1.9135873939062158
-0.4399633497623494 -5.213248651085582 -2.579336416528047
-3.3354643621103977 -2.9518684096922896 -3.439974347010547
-2.724392740150854 -5.28172417458145 -2.0270058223450933
-3.778853968939915 -4.43517151374672 -2.562118394093701
-1.5520006223613851 -2.2488941900241017 -2.351312099905719
-3.478817401444302 -3.177622723540751 -3.1336612110602537
-4.824593595921631 -0.8881679497639468 -5.978572988677255
-1.1808329425650843 -2.306255714755651 -2.5628842077296614
-5.603027395923191 -4.888711116164462 -2.8134016996866786
-3.45230375406949 -1.1007321081277297 -4.773439155783878
-3.4269367422985 -4.715374438340486 -2.7719149631001714
-3.1451339290055778 -0.2681132213719053 -5.203193092265679
-3.5076599565530837 -5.668209529256908 -2.30201247086641
-3.80653385612092 -3.337944461338846 -3.548726579249034
-2.281397198780768 -0.019483817463228803 -4.706101130683987
-0.14233795957866135 -4.4278109605530505 -2.2925562268016293
-5.963804107085991 -3.484665632549908 -4.603593066331639
-0.23334826527401908 -1.2057497616496686 -2.6552739640918106
-1.7436253111340445 -3.0212437529935685 -2.194647819295247
-3.1979422642512136 -4.694583426015616 -2.239226995383446
-2.3522576897113074 -1.8891686027325205 -2.917809285094757
-2.43809991230831 -5.785824640288131 -2.3720868215995963
-3.8796207846560766 -5.180915506329692 -1.9352390680919846
-3.571278262693732 -3.627296341537087 -3.351573500059518
-0.3758024187853728 -2.6717751709199535 -2.0543612873355115
-1.1210831677717454 -4.992145148553956 -2.3537574529563137
-0.07856772698066639 -3.8205172168713615 -2.1346035277628546
-4.154044081252004 -3.7552665307369097 -2.815133731182623
-1.4084462713583985 -5.613870650830598 -2.5686502575931347
-3.881360518252125 -3.034585873086332 -3.472585393347599
-3.4126516885479283 -4.093493764409354 -2.133183415659849
-2.8855366962048574 -0.49378982853838593 -4.798979380434661
-4.566510467046342 -3.9345526167998974 -3.452470877556165
-4.557481958392721 -4.321861997679269 -1.9386595654755947
-3.323238688084366 -3.21247926335852 -2.6911870205558346
-3.3847666326936077 -0.771898732384467 -4.719794685359602
-3.9040706145377735 -4.3700214675194715 -2.360173216689786
-2.6305033750936433 -2.9905895368062816 -2.2687326071071343
-5.744775695625405 -5.735668591448112 -2.266121295058068
-1.1219744195990966 -5.340907260904551 -2.3365458606818206
-4.3280060538584575 -2.33411448410844 -4.196517666011115
-1.3430147164965947 -2.615667105967432 -2.0664619286188493
-0.2180722585821071 -3.655389202287653 -2.314532171596415
-3.492520228037963 -4.912646173415515 -2.070208248667181
-5.025493277221548 -5.1687006212301 -2.6602479760314903
-2.5595268669592506 -1.601404643630552 -3.589646691806471
-3.920159122265528 -3.5906566672004097 -2.885687734020372
-2.3172268458690577 -4.182002230005878 -2.006356741225615
-4.088500251001652 -4.040293398436645 -2.403408586816601
-3.4475641484294344 -2.3549179661529664 -2.797913233497939
-2.918597841774616 -5.784050724745963 -2.130928884280985
-4.562998394853567 -4.04462902019214 -3.190664724673024
-3.915251014816681 -3.2839704733277415 -3.2160449818346013
-3.288027553223222 -3.160735369474062 -2.6401938945082994
-5.0798988646288255 -4.9052385244628915 -2.8235151130189484
-1.9223321042530177 -3.3681767411072077 -2.5023752040848657
-2.605713617024504 -3.1249901990396376 -2.2544203907197082
-2.0999729198551247 -2.2820147060202713 -2.633376388395626
-3.575315868968318 -3.6890867432607264 -2.9472158576562912
-2.320855929502944 -3.4253017533048418 -2.487144669072177
-5.468404957834885 -3.061215026005938 -4.809850224205334
-5.901162542625999 -3.6009233776218568 -4.6247534582503445
-5.91618253269451 -3.4130605665404214 -5.026519863436887
-2.768743927389191 -4.24155781127898 -1.903988470470349
-2.569051912292287 -0.46190694233940377 -4.51377975334054
-0.44443075100276186 -0.08062602629372062 -2.588276803627551
-2.9995665882721516 -2.072096196723853 -2.370857430296052
-4.160158910635728 -5.404822071315465 -2.3639688976249973
-4.267272691113508 -4.587604196924275 -2.0392488973883403
0.33559322033898303 0.5186440677966102 0.38983050847457623 0.6983050847457627 0.7457627118644068 0.6271186440677966 0.3491525423728814 0.6576271186440678 0.6338983050847458 0.6237288135593221 0.36610169491525424 0.20677966101694917 0.7898305084745764 0.511864406779661 0.7864406779661017 0.3050847457627119 0.6305084745762711 0.3898305084745763 0.4983050847457627 0.7728813559322034 0.6508474576271187 0.38983050847457623 0.49491525423728816 0.4576271186440678 0.49491525423728816 0.6406779661016949 0.5966101694915255 0.7593220338983051 0.24745762711864405 0.4813559322033899 0.7898305084745764 0.7627118644067797 0.6542372881355932 0.7050847457627119 0.6881355932203389 0.4915254237288135 0.6474576271186441 0.7491525423728813 0.6542372881355932 0.6237288135593221 0.49491525423728816 0.752542372881356 0.5118644067796609 0.48813559322033906 0.6677966101694915 0.5932203389830508 0.5050847457627119 0.688135593220339 0.7966101694915254 0.5864406779661017 0.5593220338983051 0.3254237288135593 0.4576271186440678 0.7694915254237288 0.6745762711864407 0.688135593220339 0.45084745762711864 0.6508474576271187 0.6169491525423728 0.752542372881356 0.4067796610169492 0.6542372881355932 0.5186440677966102 0.3728813559322034 0.7661016949152543 0.3254237288135593 0.6711864406779662 0.42711864406779665 0.5491525423728814 0.7491525423728814 0.4576271186440678 0.4508474576271187 0.6915254237288135 0.47796610169491527 0.6813559322033897 0.4576271186440678 0.6779661016949152 0.3593220338983051 0.728813559322034 0.5694915254237289 0.7050847457627119 0.640677966101695 0.4101694915254238 0.22033898305084754 0.11864406779661019 0.7796610169491526 0.5796610169491526 0.5593220338983051 0.3559322033898305 0.42711864406779665 0.41355932203389834 0.43728813559322033 0.5254237288135594 0.7355932203389831 0.7966101694915254 0.5559322033898305 0.6610169491525424 0.7525423728813558 0.4610169491525424 0.7050847457627119
0.010000000000000004 0.010000000000000004 0.010000000000000004 0.010000000000000004 0.010000000000000004 0.010000000000000004 0.010000000000000004 0.010000000000000004 0.010000000000000004 0.010000000000000004 0.010000000000000004 0.010000000000000004 0.010000000000000004 0.010000000000000004 0.010000000000000004 0.010000000000000004 0.010000000000000004 0.010000000000000004 0.010000000000000004 0.010000000000000004 0.010000000000000004 0.010000000000000004 0.010000000000000004 0.010000000000000004 0.010000000000000004 0.010000000000000004 0.010000000000000004 0.010000000000000004 0.010000000000000004 0.010000000000000004 0.010000000000000004 0.010000000000000004 0.010000000000000004 0.010000000000000004 0.010000000000000004 0.010000000000000004 0.010000000000000004 0.010000000000000004 0.010000000000000004 0.010000000000000004 0.010000000000000004 0.010000000000000004 0.010000000000000004 0.010000000000000004 0.010000000000000004 0.010000000000000004 0.010000000000000004 0.010000000000000004 0.010000000000000004 0.010000000000000004 0.010000000000000004 0.010000000000000004 0.010000000000000004 0.010000000000000004 0.010000000000000004 0.010000000000000004 0.010000000000000004 0.010000000000000004 0.010000000000000004 0.010000000000000004 0.010000000000000004 0.010000000000000004 0.010000000000000004 0.010000000000000004 0.010000000000000004 0.010000000000000004 0.010000000000000004 0.010000000000000004 0.010000000000000004 0.010000000000000004 0.010000000000000004 0.010000000000000004 0.010000000000000004 0.010000000000000004 0.010000000000000004 0.010000000000000004 0.010000000000000004 0.010000000000000004 0.010000000000000004 0.010000000000000004 0.010000000000000004 0.010000000000000004 0.010000000000000004 0.010000000000000004 0.010000000000000004 0.010000000000000004 0.010000000000000004 0.010000000000000004 0.010000000000000004 0.010000000000000004 0.010000000000000004 0.010000000000000004 0.010000000000000004 0.010000000000000004 0.010000000000000004 0.010000000000000004 0.010000000000000004 0.010000000000000004 0.010000000000000004 0.010000000000000004
-----
100
2954
0.4
-3.8748756534818303 -4.27830443733332 -2.64558249983796
-3.8894273725278907 -4.0934132151853335 -2.6630421704237444
-5.0035142547036 -4.429482230590287 -3.4347982427835353
-4.996119640142752 -4.015891080310848 -3.8882329925612034
-3.374742136077578 -2.266062239266345 -3.3119125408049808
-5.075872508405723 -4.219681303758017 -4.130303086741211
-3.6047366594979238 -2.988988777654551 -3.160860924120435
-4.067687431198434 -3.5610734003274795 -3.4110695126374813
-3.4252247910781763 -2.79759404919745 -3.26204902889162
-3.1932557312276693 -3.572379104587478 -2.4272795574809862
-3.2825260393660667 -3.2669278082367503 -2.988664622444061
-3.2085686463809266 -2.855015257285202 -2.8916684157228083
-4.235668564259418 -3.1151540564382763 -3.8659844482111856
-4.1512077280968915 -2.7259750131740965 -3.849264991792225
-4.318240522593818 -3.940317641157543 -2.417867774180827
-3.655218618403326 -2.971243149588882 -3.262659773435396
-3.7515970110348285 -3.2996511910817823 -2.899086131336185
-2.3792715152166255 -1.8298825783298391 -2.8219757075761627
-4.156151467335683 -2.4967149581809807 -4.084017971160721
-3.3460668804358185 -2.7525042724176156 -2.8008931472043037
-3.919765144584426 -3.3412054275748124 -2.933889565030428
-2.2785281098960786 -0.9510980997147009 -3.7242389113117427
-3.7174146238179766 -2.866096318294867 -3.2749046855203487
-4.042004257155736 -2.9598506619935145 -3.6451477061071773
-3.2826637227555264 -2.2640433614342674 -3.243001734251326
-5.1095925768842205 -3.6160583478790933 -4.2516973200379855
-5.383383787926611 -2.5530853863200185 -4.073934282720856
-4.399341603520214 -3.7928000880748614 -3.022339094781513
-3.4938185875676244 -3.3607826837493473 -2.9121777178094588
-3.788910206743866 -4.157394860885662 -2.6076083421388065
-3.3715103863207014 -4.403967434132818 -2.3944132769634687
-3.5683276495154552 -3.0212138427275104 -2.815651733466529
-3.3196785522729626 -3.922604543976362 -2.4182566706938973
-3.9890961438390464 -2.436330361037299 -4.233688401765405
-4.4275201789483285 -3.943939036706827 -2.8954164793335986
-3.550759258832287 -2.4305053478668146 -3.552479030309021
-3.976429349625505 -3.795891297473675 -2.9063175063470266
-5.862010192699889 -4.213554491953245 -4.259971416266726
-2.404717407159048 -1.5297159166287364 -3.1744848286785436
-5.115763908043403 -4.295461835546029 -4.128085085197039
-3.131498896697464 -1.902841519737722 -3.6569079261567303
-5.602019455327122 -3.8883356354080156 -4.456860822464167
-3.6778153164437124 -3.4419101587239003 -2.6231513337439094
-4.31632001828983 -3.407014472873452 -3.604049905723943
-2.4573015040638837 -3.305848409554222 -2.4634609127989195
-4.059305123989269 -3.4442348595471732 -2.8836931115148197
-3.9822153456667673 -2.657596369780239 -3.784779532609045
-3.093321519296578 -2.5319837546533406 -3.3114425991156873
-4.122767191710761 -3.9892396568961974 -3.52465897807397
-4.190568993790872 -4.1420111034293345 -3.2963030256855665
-3.373326552558681 -4.309042775014397 -2.4223868967592876
-1.7326115370379764 -0.931768093656707 -3.2205272669063074
-3.133045575580418 -1.6334107362954384 -3.8106178410931206
-4.602001703109327 -3.5858793536272353 -3.990218625702308
-3.7271518900349756 -3.853151750913236 -2.5553922957109014
-3.9178324417178207 -3.6222644497683616 -2.848237602788198
-2.9402557125868385 -2.087566781803293 -3.361172787050861
-4.20486800609356 -2.1613243039991175 -4.3822934139393634
-3.499782424636661 -3.081026388781803 -3.2253485475530566
-1.8940363762262225 -1.8862994535025792 -2.6958871874451757
-4.103935919733139 -3.979788717980522 -2.4213765397774574
-5.314785988706128 -4.665982057913377 -2.790234674445238
-4.7248042152751735 -3.1695242054637554 -3.9880473618422556
-4.947532614046729 -3.1302455615586298 -4.00518486862106
-1.5461309448146165 -1.6136161223108432 -2.626596212968626
-3.3570420703465573 -3.4671806875267346 -2.730932627498578
-3.5566956402750134 -3.187219635505274 -2.8429866241549115
-3.7784015331107685 -2.13073168662368 -3.8515111493329184
-1.5421067697071273 -1.368281375308177 -2.7673936818027474
-4.258824411072953 -3.6609674533594543 -3.2029359592260365
-4.660918310479927 -3.642394929267674 -3.989731957067856
-4.356482403854841 -4.130066554637114 -2.6816357723604463
-5.062934759299072 -4.983039007984043 -2.9185305236790486
-4.630027232738903 -3.502863091820881 -3.846653158615063
-4.089394268416132 -3.2682421774502113 -3.359950231742527
-3.2439654084297045 -3.3632931051883252 -2.8676645934646596
-4.19791132214652 -3.1348290701722905 -3.6798041479245165
-3.438765784065616 -2.9202559054130166 -3.2882277163942457
-3.0102467934600936 -3.427041885214564 -2.605136680476271
-3.207292216390149 -2.590916312187457 -2.7785091349758115
-2.0799256909055504 -3.57666476069325 -2.414565897452185
-5.36617458523696 -3.6970648714417083 -4.332243196477789
-2.1288797101737913 -2.471637907132442 -2.6120051821034784
-2.635755897609348 -1.9212005590619907 -3.0295814155866028
-3.1530285731189154 -3.232248751846735 -2.742067422404319
-3.067545117698609 -2.1304614231882995 -3.441550162852578
-2.9893142869851848 -2.744318274661364 -3.076838138699153
-3.441708235532916 -3.3787193466891807 -2.5661867196447217
-4.343745727151625 -3.372799903769998 -3.2549708559235384
-3.461582381827334 -2.235610400172411 -3.4916912148914747
-3.9080333547622805 -2.9146890741162377 -3.7545462634785993
-4.091300620188937 -2.643111774625594 -4.003581997403561
-5.245049816930087 -3.7315853325898067 -4.264054665983986
-3.9678683798409655 -3.0724903740497918 -3.320138736700161
-3.225248701308525 -2.6245472901248075 -3.013974270612224
-4.7186844939420745 -4.192676933192335 -3.552033542261076
-2.5183597519035867 -3.472356094255306 -2.4065900403651375
-3.4828796599984146 -4.236086227821958 -2.3862395841584223
-3.9665105598232615 -2.8130891942672824 -3.4326736476198043
-5.393042686900765 -4.102211761482956 -3.8199316948967574
0.2847457627118644 0.3050847457627119 0.37966101694915255 0.3830508474576272 0.35593220338983056 0.3152542372881356 0.25084745762711863 0.26101694915254237 0.09830508474576272 0.34237288135593225 0.3220338983050847 0.15254237288135597 0.37966101694915255 0.25423728813559315 0.3593220338983051 0.1593220338983051 0.3288135593220339 0.3728813559322034 0.38983050847457623 0.21355932203389827 0.3152542372881356 0.3932203389830508 0.07457627118644072 0.10508474576271187 0.25423728813559326 0.13220338983050844 0.21355932203389832 0.2915254237288135 0.11186440677966103 0.17288135593220338 0.39661016949152544 0.39322033898305087 0.3525423728813559 0.3559322033898305 0.3728813559322034 0.12542372881355934 0.26101694915254237 0.264406779661017 0.3254237288135593 0.3627118644067796 0.3186440677966102 0.3220338983050847 0.28474576271186447 0.21355932203389838 0.3152542372881356 0.33559322033898303 0.31864406779661014 0.39322033898305087 0.39661016949152544 0.3966101694915255 0.32881355932203393 0.38644067796610165 0.23389830508474574 0.2983050847457627 0.2711864406779661 0.3830508474576271 0.1322033898305085 0.3627118644067796 0.3152542372881356 0.33898305084745767 0.3491525423728813 0.3728813559322034 0.1084745762711865 0.38983050847457623 0.3694915254237288 0.3389830508474576 0.1322033898305085 0.39322033898305087 0.33898305084745767 0.3932203389830508 0.3728813559322034 0.3864406779661017 0.3728813559322034 0.22372881355932206 0.2271186440677967 0.32542372881355935 0.2169491525423729 0.2542372881355932 0.37966101694915255 0.2406779661016949 0.37966101694915255 0.16610169491525423 0.3694915254237288 0.21355932203389827 0.2644067796610169 0.23728813559322035 0.32881355932203393 0.18983050847457628 0.23728813559322032 0.288135593220339 0.2745762711864407 0.12542372881355934 0.11186440677966102 0.3355932203389831 0.1559322033898305 0.3593220338983051 0.36610169491525424 0.3830508474576272 0.18305084745762712 0.3830508474576272
0.008184655975957961 0.008135649708100936 0.010411153347762669 0.011345444252381659 0.00991657302894914 0.012760987603904315 0.008677557150670805 0.008900653840156944 0.008969344121575365 0.008031571692047348 0.008191001481222327 0.008541139011716476 0.01036642509917231 0.01064031341027347 0.008774114021298546 0.008837297988347785 0.008291553978083338 0.010792884563644618 0.011735111955621597 0.008710247764898859 0.008386218855162152 0.015659408619109253 0.00900319084647031 0.009756786794679765 0.009814593923477522 0.012909372530546637 0.013804839161362726 0.008686879774245586 0.008130109683370516 0.00809601008368815 0.008124646884603336 0.008447334929647058 0.007971641321413323 0.012325650947047151 0.008656918321665078 0.010054938195549699 0.008217069913952586 0.015672768854565408 0.01195775127264841 0.012942377348164745 0.011404100176420701 0.01552028422156886 0.008172801349058229 0.009557053941992959 0.008245809224830872 0.00841953885271776 0.01043660686647594 0.009408963425480867 0.009212423017548233 0.008850792804934345 0.008053994156023227 0.015461220404241045 0.012566962324984535 0.010990496176296667 0.008068547993899335 0.008203333511357762 0.010380237608323718 0.013593066075375068 0.008627682934608494 0.011029122139582239 0.008501283357278408 0.010762058598216752 0.011259262194359066 0.011707081525659227 0.012415691036127748 0.007984546375456094 0.008270596980112578 0.011457819582177084 0.013349907382127834 0.008719713456831703 0.011065023870041345 0.008599905926288405 0.010628835557111964 0.010528539268344437 0.008970641057057806 0.008050632231355432 0.009799382102193778 0.008863802734398232 0.00797989690742609 0.008933410079910787 0.00835254932866829 0.01393770246378064 0.009444401438394588 0.010491106593615525 0.008108143806726434 0.010402272914871743 0.008804150706533587 0.008125376008376357 0.008997993024733409 0.01028790323055581 0.010008216490576554 0.011195693184570674 0.013306055271243 0.008985909437987926 0.008934613551449217 0.010001141568917214 0.00815301390413065 0.008101229230449066 0.009452179210958674 0.01202709294810912
-----
100
98428
0.1
-5.849756156090624 -4.650039375176852 -4.1472092428702245
-3.638795536003134 -2.275937502379406 -3.6804036954034705
-3.108615516314626 -2.9163924305397733 -2.7521833807789324
-4.075438446202452 -3.222185741910626 -3.37555677189428
-4.112329774812035 -2.8539146471819237 -3.5498589838514603
-3.355912024842027 -2.9990643546017726 -2.824192794831255
-3.8686861428653536 -2.544030762282107 -3.6578321079576783
-3.7818371366397576 -2.670736661385937 -3.53948708650493
-3.0614306882841755 -2.6041947798311558 -2.863196876782057
-3.0622851397628503 -2.6726854072916106 -2.8937584122829394
-3.473649207534976 -2.7148654719947642 -3.2289987975741576
-3.594187679629069 -2.7512531637823865 -3.1461250468185553
-4.528755209776314 -3.06373079325675 -4.039453633046803
-3.1890519796284265 -2.7184578633066647 -2.9879608732276703
-3.3367707301040017 -2.770916982484946 -3.0133180470010994
-3.3847354209617917 -2.693298609308818 -3.3298554078756113
-5.4750167773006035 -4.137148161345694 -4.178395334953749
-3.418983151567595 -2.7838314752570024 -3.0816192449848407
-3.729360792189795 -2.787979406182985 -3.4515350216965555
-3.645898494504535 -3.0216242866486005 -2.990414575535917
-3.4581520804795893 -2.9956268222826736 -3.0304613884389298
-4.670945386337735 -3.4248396748772816 -3.8178106655597763
-3.2395879381519497 -2.718706841257798 -2.968953800076263
-4.430511957306915 -3.1144299646426123 -3.8539888507953637
-4.432690272190528 -3.503023639531554 -3.723275649902302
-4.487477455088089 -3.2518664476179335 -3.638029071513305
-3.3686886630561865 -3.0848745325919715 -2.755609797985918
-3.732380371693959 -2.6586325318513175 -3.289055694038033
-3.353723132293441 -2.7077550894462536 -2.9923665212540085
-3.4180369401377924 -2.6091169547336515 -3.224558398256784
-3.802665923708611 -2.9358814546765224 -3.3197139003229688
-4.205028929465624 -2.883869288538407 -3.927141225784898
-3.5651553826598583 -2.8280720629320526 -3.5512403393631016
-3.0369210441555365 -3.1356976640169134 -2.7485390392217557
-4.5284383205328815 -3.0136789947561633 -3.861645570919489
-3.6652075747639206 -2.8632192307582573 -3.234728918816861
-3.4475996993347255 -2.9213774360832043 -2.9468424324596723
-4.761041520462931 -3.6325065683594984 -4.121513505865153
-3.511557238688055 -3.083983756574869 -2.895582550733625
-4.846401912874648 -2.4893275204459866 -3.9220269463717443
-3.1196602981537973 -3.0405675321099883 -2.785211259704938
-4.1322249138212355 -2.484864862392672 -3.7212100344816696
-3.9156811476124083 -2.9261709798769515 -3.37062762664302
-3.1734909727848772 -2.8583180861987785 -2.983146521286844
-3.4107102688307287 -2.6084099731796697 -3.336435676275571
-3.0972435695717366 -2.4955781562375368 -3.13048836889015
-3.1610547108723512 -2.1638739376639045 -3.5065581846440397
-3.942492725740369 -3.399377655578406 -3.4590228555120226
-3.3694032179885642 -2.9245463578474515 -2.9333093283067333
-3.4010690773196295 -2.886685570982902 -3.0793468845878
-3.188621699982823 -2.784884881322605 -2.9365477457718328
-4.537247338351684 -2.969432202449736 -4.018970002045137
-3.2065402294180507 -3.1842438640088586 -2.70812114084593
-3.057112700844537 -2.5931713009644026 -3.008665476536815
-3.579671646150393 -3.130682885088906 -2.8885633860861053
-3.483508300075058 -2.9039536729609834 -2.995521715540191
-4.130170167072866 -3.0860800365396126 -3.5266069096542387
-3.5460605771218026 -2.4904908592360306 -3.3013676617699574
-4.102498799503887 -2.606914084740808 -3.5878720046293875
-5.596597443535826 -4.317479681096277 -4.172636930671761
-3.7580295158490182 -2.5549953163705856 -3.573342593069152
-4.551863336840776 -2.935143821723843 -3.8060349337616284
-3.455111187609186 -2.4834503572420563 -3.5413017902244777
-3.0455683175364547 -2.768020859178031 -2.9433671957457106
-3.4348828529858073 -2.639780777711036 -3.1965293720682557
-3.426113958081917 -2.732167802474713 -3.269073411452435
-4.983636681050244 -3.0895866495967894 -3.826957016861527
-3.422690039739346 -2.9555913973503882 -3.0027566370078542
-3.4678800413839603 -2.8409641676615998 -3.1620547698125407
-3.252171192468308 -2.800954092440518 -3.0280871566952925
-3.999965022476878 -2.719367606706034 -3.6800137925757532
-3.892990976591359 -2.598446742667401 -3.7289192229785613
-3.629129906850987 -2.6678432306398934 -3.131442119891777
-5.059893883274917 -3.3183616434992693 -4.144439840902608
-4.3828356051608095 -3.04549572449547 -3.6375963132791638
-3.1960479550560934 -3.1063368641430853 -2.853109920659896
-4.090729857999852 -2.9333136954899457 -3.665512612770574
-3.827273970399656 -2.917543670901316 -3.189831824276185
-3.2574419718137584 -2.524010831658002 -3.1111036425312073
-3.5463306551603044 -2.930850941596052 -3.0289540559744466
-3.5376162901361745 -2.6363471509207894 -3.1756273908100825
-3.284064857982193 -2.746863033923736 -3.0064033946616955
-3.2432090269024996 -3.0490720067943817 -2.706870171120112
-3.829323509229275 -3.1236577159741516 -3.2694953416456856
-3.939372407875015 -2.5717942555213567 -3.663459816193246
-3.9998910734994104 -2.9546025057160596 -3.655962432418601
-3.1963284116836177 -3.0468240904421884 -2.8574964374101937
-3.3463155512177107 -1.9523727755491413 -3.652985530667264
-3.0739164487588093 -2.4413706451494344 -2.993937310928383
-3.352854881306632 -2.8199242105177325 -3.1537776396911688
-3.499635979683563 -3.226127357011319 -2.7920855649253147
-3.8518903083460208 -2.7531685632901453 -3.659784486739778
-3.3953424366860863 -2.710581071505151 -3.1352025925936244
-3.553081323862958 -2.3045560738559754 -3.66886091793985
-4.501281437307377 -2.661346576329182 -3.803159736056483
-4.425976983894346 -3.439426126692263 -3.7774393063574796
-3.2353567999195696 -2.661074122346014 -3.0899262785135115
-3.457076550115873 -3.1661584508813645 -2.964949083163375
-5.253583443073392 -2.8615256684097674 -4.269347556405665
-4.115299509486295 -2.616752086627348 -3.5591350915363784
0.09491525423728814 0.09491525423728808 0.09830508474576272 0.0847457627118644 0.07457627118644061 0.07457627118644061 0.08135593220338982 0.0949152542372882 0.09830508474576272 0.09830508474576272 0.0847457627118644 0.06440677966101704 0.09152542372881356 0.09830508474576272 0.09152542372881356 0.06779661016949157 0.09152542372881356 0.06101694915254241 0.0847457627118644 0.0847457627118644 0.08135593220338982 0.0847457627118644 0.09830508474576272 0.08813559322033898 0.09830508474576272 0.09152542372881356 0.08813559322033904 0.0847457627118644 0.09152542372881356 0.06779661016949157 0.09491525423728814 0.08135593220338982 0.07118644067796609 0.0847457627118644 0.08135593220338988 0.08474576271186442 0.07796610169491525 0.09830508474576272 0.0847457627118644 0.07457627118644067 0.08813559322033904 0.07457627118644068 0.09152542372881356 0.09830508474576272 0.0983050847457627 0.09830508474576272 0.09491525423728814 0.09152542372881356 0.07118644067796609 0.07457627118644072 0.07796610169491536 0.08813559322033904 0.09830508474576272 0.0779661016949153 0.07796610169491527 0.07457627118644072 0.08474576271186442 0.07796610169491525 0.07796610169491525 0.09830508474576272 0.05084745762711862 0.08813559322033893 0.0847457627118644 0.06440677966101693 0.06779661016949157 0.06440677966101704 0.07796610169491525 0.0949152542372882 0.06440677966101696 0.09152542372881356 0.09830508474576272 0.0847457627118644 0.0949152542372882 0.09152542372881356 0.09830508474576272 0.04745762711864407 0.07796610169491525 0.09830508474576272 0.07457627118644072 0.09491525423728814 0.06779661016949146 0.07118644067796609 0.09830508474576272 0.09152542372881356 0.09491525423728814 0.0779661016949153 0.09152542372881356 0.09491525423728814 0.0983050847457627 0.06101694915254241 0.09830508474576272 0.09491525423728814 0.0847457627118644 0.07796610169491526 0.09830508474576272 0.09830508474576272 0.09152542372881356 0.09830508474576269 0.09152542372881356 0.05423728813559325
0.02161989672330982 0.01083237949277812 0.010735132405905562 0.008468800368398043 0.008899747858202101 0.009850113629081728 0.00972837304341003 0.009187279504026646 0.01087815487253539 0.010608963024654118 0.009156408513772097 0.00907632985919472 0.010425236748385037 0.009948809196406892 0.009544905207849744 0.0093082619511746 0.014918721711860091 0.009276486593002608 0.008884151496157042 0.009019572979789265 0.00909469481369748 0.009591593592110637 0.0099034142022769 0.009489004461655914 0.009144680006727723 0.00898807288497371 0.010079693362447276 0.009079753811001479 0.009685340026304582 0.009429472126430626 0.008611032945437766 0.009941901479640804 0.009149330264032501 0.010848200311731709 0.009750148381411474 0.008777277042193932 0.009380996273732232 0.011105561247969194 0.009348464402910515 0.01258206469503198 0.010459590165190132 0.01019572990625992 0.008615570644405365 0.009800173832187939 0.00943116129495739 0.010350354179181585 0.01152820590264808 0.008576742860409985 0.009513195017680371 0.009171337598951433 0.009986805353285905 0.010480940321492271 0.010594047294370685 0.010441041867649955 0.009298094740463772 0.009231614040151083 0.0086184583339553 0.009574424241774569 0.009493149309135628 0.016601564758243193 0.00953254053450561 0.009757710761633218 0.009938103767524215 0.010332103782757264 0.009365299062235993 0.009173068409249271 0.010649443598989889 0.00922925962912938 0.009029334154769988 0.009607757055665522 0.009348733364418927 0.009783015577802987 0.009251117507185793 0.011797291763059728 0.008999348266444149 0.009986958783537654 0.00897019039133958 0.008717939650200594 0.009982942419394571 0.009068766155510777 0.009301187890344535 0.009681503763834103 0.010561437874670405 0.008492580067634732 0.00966418880095814 0.008919296950335871 0.00998562897399612 0.012740516655155097 0.010830082072150896 0.009220697032294004 0.009720342582964999 0.009253901272741904 0.009343690051202754 0.010758951139264694 0.010364179199545024 0.009221119571932784 0.009750724023093306 0.009184858173447675 0.014735611974241798 0.009437954120829425
