3
100 100 100
777 3517 124465
0.8 0.4 0.1
-----
100
777
0.8
-1.5740672428828804 -0.4708474101645699 -3.408756582032707
-3.5207850911362017 -3.738797641810034 -2.2387656956103736
-0.3924644999928155 -5.444267728185768 -2.3175824095322635
-5.866820151910454 -5.552991162510823 -2.587731038654474
-3.895565883052598 -1.4640381791494805 -4.650910015205126
-0.5743593781033205 -0.06881254220558297 -2.7345607993486603
-4.247293709729011 -3.3777267650817673 -2.399822689013839
-1.85606807640219 -4.267829662197258 -2.2411041465934223
-3.6984954551925786 -1.5839411228118774 -4.72853514187168
-2.3811186048996285 -5.566666458013614 -2.478105393610367
-3.2917470486902536 -4.407516533721537 -2.1127011621401546
-5.490951297103382 -3.8248354738214654 -4.635844831206883
-4.253643069906339 -5.317458600253771 -2.5169184312529698
-0.33227354919293006 -5.699940092401453 -2.622734960101203
-3.699346793256356 -0.35944805126568014 -5.77475852959941
-4.472211932500173 -5.954208555927185 -2.5110254802702263
-3.5002935920186506 -4.4212095017311706 -2.9321735858472744
-0.7856949055247693 -1.2117872235190195 -2.1445504917765987
-2.513599273666664 -3.770521383536328 -2.3545607249916802
-0.19557794776603643 -0.8398345914748795 -2.429526894653099
-3.1701628347750663 -4.491047942698829 -2.3978404877976702
-3.4842517010201144 -2.7389038136562376 -3.6575915814330293
-0.17702903444821594 -5.816357799849276 -1.9755291152927938
-3.5104263617338862 -0.9262965098620128 -5.199031252445062
-1.1574945956491502 -2.1155320112619287 -2.4464117765881563
-2.3926400934074943 -5.172881548814514 -2.2362664991050414
-0.8531674816763211 -4.631928525043235 -2.3746084681956217
-1.1917243454575797 -3.553359795917472 -2.338697741559171
-5.838060612371311 -5.3674912305499 -2.593155244794511
-4.0848146386014506 -3.804513390524773 -3.4156564873894215
-3.6613342867381524 -1.9935855178280217 -3.9538063338130063
-2.8865532642155127 -5.293708455723609 -2.3468053975426755
-2.237907415218131 -5.449617868407918 -2.3856268581193456
-3.2793533446228675 -2.376619388884628 -2.577951161632872
-4.116329453523265 -3.0006310999267125 -3.439414364099752
-4.216701474093086 -5.039765468883674 -2.705053061042267
-2.4533379302910543 -1.6039956065890255 -3.3893466476435257
-4.49762582523348 -3.6756138336767283 -3.555275949812346
-3.8395495021404176 -3.8657868013400702 -2.467202982812268
-1.912783784557587 -3.2305677207098804 -2.2042050901689607
-3.554676020523017 -3.4018758705233063 -2.9223364275756625
-2.7057223221059354 -1.814900603552366 -2.4925595580369775
-5.053494538891541 -5.664231305511853 -1.9967172360296015
-3.267364935083303 -3.0397647004310064 -2.291670291483352
-3.1506538032330123 -2.2127062111394515 -2.939668849277125
-4.864995656183872 -1.6002547538519707 -5.578625201610782
-4.492437517443092 -4.9888203436849246 -2.3023472091126034
-5.470932258354679 -3.312188435714359 -3.948412238671761
-5.304350148597269 -2.3081398517367355 -5.0566302896496245
-1.9295557358768685 -3.554936800034077 -2.492444530236802
-0.289274683849543 -3.1919979310935633 -2.1160489895284473
-2.4191638239958317 -2.063031133372935 -3.3337873145144385
-1.4342520674189192 -2.32453483474628 -2.0920241685300014
-3.1372675088397206 -4.161145632720892 -2.389538173013934
-5.057426064907144 -3.7346563360388862 -4.052570695511289
-1.1318609425963508 -1.2488002208808862 -2.5797146935072446
-3.770099535506884 -5.815615496252304 -2.137997366894705
-2.7708751646366108 -1.121372877980539 -4.12412355673491
-1.3153084468189213 -1.9491091779375935 -2.427968445654488
-0.01845570886301129 -4.071256035666947 -2.6320123800438933
-0.927557321694854 -5.9720619302965074 -2.5792646488536675
-5.6037084114970295 -2.1056605305831644 -5.931323591800977
-0.2655206914497299 -2.1287258156387967 -2.602382634730199
-0.7987128993813517 -5.57328732805785 -2.232700901471704
-5.032836097375225 -3.7342268313843254 -3.746868869454445
-5.259946972020083 -3.5671623497652036 -4.5879685941727
-3.2362708590796325 -0.09662530143548942 -5.531537055691119
-3.373551448949523 -3.70453455366042 -2.4831541736986993
-3.63212979705308 -3.270896918703285 -3.312518937390903
-3.452934806551039 -2.4146751647828957 -2.469370060042216
-1.720082302844018 -2.7540511989639676 -2.3063231006421017
-2.8855456847792276 -0.5421888993926132 -4.410621927531207
-3.354583300396561 -4.471167964025719 -2.6720988006909288
-1.8144925997820769 -5.4215669938460795 -2.0309699198096136
-3.642394453379257 -3.032785073604979 -3.0126076786041005
-0.05042575829924978 -5.991060255532924 -2.378984283485636
-5.2866903666668055 -5.720529977055625 -2.808074260583942
-1.1132208543438455 -1.5554874601483535 -2.4968012519951803
-1.7237453539216983 -2.357394731389419 -2.116636028586289
-4.04574731391167 -2.9683121853814347 -3.632617738041867
-4.864473291998921 -4.7120457412919174 -2.7048917725422488
-4.971341369414115 -1.442599085359877 -5.835230645585125
-2.8455915400585683 -3.0697554141956305 -3.022927736965906
-3.9230359174439826 -3.6032268047834917 -2.5845394466835754
-2.8662195608702916 -4.309874609015747 -2.028255415467149
-4.920385892777534 -3.942712029778032 -4.263941485531767
-2.9131086210689836 -4.435883870529754 -2.3901897036852504
-3.604397474352385 -5.863367411268886 -2.492605271695031
-0.7083746444091332 -0.9035688066606635 -2.58689994442848
-2.1706168859450683 -3.4068970685032625 -2.145792366133422
-3.6495524279550517 -3.061632463356219 -3.103100356945292
-3.4235166883568477 -3.3484244432236627 -2.684139756426794
-4.242929557791918 -3.841439472224495 -2.648780717766429
-2.2112031571263366 -5.041394815910694 -2.585650863551543
-1.9580681259771104 -2.236261783321852 -2.868871868813187
-3.725261091708127 -5.324530253325834 -2.779751217525571
-3.6296336021405033 -1.8037018844374586 -4.114335211650123
-2.842193407005423 -1.263719410012432 -3.769676189185926
-5.1950592883338835 -3.1770191524631533 -4.081216110960277
-1.3091987987150073 -0.5335522850884171 -3.463593982248059
0.5491525423728814 0.5966101694915255 0.5186440677966102 0.5593220338983051 0.576271186440678 0.6949152542372882 0.7661016949152543 0.6067796610169491 0.7932203389830509 0.6135593220338984 0.6983050847457628 0.7661016949152543 0.6542372881355932 0.7932203389830509 0.576271186440678 0.6474576271186441 0.7966101694915254 0.7491525423728814 0.4542372881355933 0.4576271186440678 0.3966101694915254 0.7627118644067796 0.7796610169491526 0.7932203389830509 0.4135593220338983 0.6033898305084746 0.43050847457627117 0.4711864406779661 0.5491525423728814 0.5966101694915255 0.32542372881355935 0.4576271186440678 0.43050847457627117 0.6915254237288135 0.29491525423728815 0.6033898305084746 0.29152542372881357 0.42372881355932207 0.3898305084745763 0.6542372881355933 0.3762711864406779 0.7830508474576271 0.7728813559322034 0.7016949152542373 0.4779661016949153 0.576271186440678 0.5457627118644068 0.2779661016949153 0.7050847457627119 0.5491525423728814 0.6949152542372882 0.752542372881356 0.735593220338983 0.39322033898305087 0.3389830508474577 0.4203389830508475 0.6915254237288135 0.39322033898305087 0.42711864406779665 0.7932203389830509 0.7457627118644068 0.5627118644067797 0.7627118644067797 0.5966101694915255 0.6542372881355932 0.6237288135593221 0.5220338983050847 0.2915254237288135 0.2677966101694915 0.7593220338983051 0.5457627118644068 0.7322033898305085 0.7457627118644068 0.7457627118644068 0.45084745762711864 0.4203389830508475 0.6474576271186441 0.3864406779661017 0.728813559322034 0.5220338983050847 0.688135593220339 0.5728813559322035 0.7661016949152541 0.44745762711864406 0.752542372881356 0.6135593220338983 0.38983050847457623 0.6305084745762711 0.4067796610169492 0.6847457627118644 0.3016949152542373 0.1084745762711864 0.43050847457627117 0.7355932203389831 0.6610169491525424 0.7389830508474575 0.3118644067796611 0.5593220338983051 0.2847457627118644 0.7694915254237288
0.010000000000000004 0.010000000000000004 0.010000000000000004 0.010000000000000004 0.010000000000000004 0.010000000000000004 0.010000000000000004 0.010000000000000004 0.010000000000000004 0.010000000000000004 0.010000000000000004 0.010000000000000004 0.010000000000000004 0.010000000000000004 0.010000000000000004 0.010000000000000004 0.010000000000000004 0.010000000000000004 0.010000000000000004 0.010000000000000004 0.010000000000000004 0.010000000000000004 0.010000000000000004 0.010000000000000004 0.010000000000000004 0.010000000000000004 0.010000000000000004 0.010000000000000004 0.010000000000000004 0.010000000000000004 0.010000000000000004 0.010000000000000004 0.010000000000000004 0.010000000000000004 0.010000000000000004 0.010000000000000004 0.010000000000000004 0.010000000000000004 0.010000000000000004 0.010000000000000004 0.010000000000000004 0.010000000000000004 0.010000000000000004 0.010000000000000004 0.010000000000000004 0.010000000000000004 0.010000000000000004 0.010000000000000004 0.010000000000000004 0.010000000000000004 0.010000000000000004 0.010000000000000004 0.010000000000000004 0.010000000000000004 0.010000000000000004 0.010000000000000004 0.010000000000000004 0.010000000000000004 0.010000000000000004 0.010000000000000004 0.010000000000000004 0.010000000000000004 0.010000000000000004 0.010000000000000004 0.010000000000000004 0.010000000000000004 0.010000000000000004 0.010000000000000004 0.010000000000000004 0.010000000000000004 0.010000000000000004 0.010000000000000004 0.010000000000000004 0.010000000000000004 0.010000000000000004 0.010000000000000004 0.010000000000000004 0.010000000000000004 0.010000000000000004 0.010000000000000004 0.010000000000000004 0.010000000000000004 0.010000000000000004 0.010000000000000004 0.010000000000000004 0.010000000000000004 0.010000000000000004 0.010000000000000004 0.010000000000000004 0.010000000000000004 0.010000000000000004 0.010000000000000004 0.010000000000000004 0.010000000000000004 0.010000000000000004 0.010000000000000004 0.010000000000000004 0.010000000000000004 0.010000000000000004 0.010000000000000004
-----
100
3517
0.4
-3.4820120732990336 -1.9589694278744092 -3.84906808862616
-2.197024881889247 -3.003592219208355 -2.4972021113148655
-4.295262368463705 -3.9828813375294994 -2.7846775316574184
-5.835299510491534 -4.875333619501242 -3.9976723544064843
-2.4057882015160033 -2.9124369555688627 -2.602053630101169
-5.171858145094176 -4.333104141629499 -4.134161475549094
-1.7134426000337886 -2.096800197550875 -2.474214543400923
-3.55753112102604 -2.93266488846038 -2.911815720267158
-4.015012546578573 -2.4233926966960695 -3.931042559503118
-4.173443901836383 -2.2168716792734338 -3.725050506262259
-5.358375647677451 -4.866351121157331 -3.9564445471793497
-3.0726449743857622 -3.224015944812497 -2.7599706937357222
-4.482132622949046 -3.9227375923997005 -2.7304147872048072
-4.3856138723690865 -3.1586305987374392 -3.914573528365398
-4.830727778084842 -2.8546607551861705 -4.0729711153056405
-5.950067130973071 -5.29325733642576 -4.002175570540979
-4.401857057084488 -4.406451401570624 -3.0832449076605295
-3.504484354815289 -3.0836783002690864 -2.695893401222116
-4.1952376045907 -3.465305875057684 -3.379615244296211
-5.566880478132184 -4.671175544035274 -3.9496674640719736
-3.6601170189147663 -3.1432975176870697 -3.1290034818464307
-2.9130421687853323 -2.6334500273523274 -2.782309232633894
-4.155115604666547 -3.3010646071036858 -3.2227606246033913
-2.635743091693242 -2.000518336647622 -2.922500614345114
-3.1690973384511825 -3.4982119537013125 -2.650400077617608
-5.174159805571908 -3.7161018178044793 -4.155499155743192
-2.805653792727347 -1.7930592151974951 -3.5602075082654343
-4.056754222353078 -3.4325779936146583 -3.00691202292139
-2.0566090746059906 -2.262056515005222 -2.6444035529840435
-5.082296107537429 -3.7029112685678096 -4.267150262145747
-4.720008281606054 -3.242312174362905 -4.178413924060597
-4.6380562950935165 -1.8738169271417864 -5.027327299827656
-3.802662066798341 -3.3176088988577246 -2.99009812559132
-3.566788253721861 -2.6757594851349342 -3.2418063532193315
-3.7914563874264733 -3.574120783413385 -3.0633058228095855
-4.055061969567056 -4.087697988133044 -2.5543000582300763
-4.202295008791436 -3.555248657328826 -3.284654958031507
-3.9033992512596227 -1.9525740854301583 -4.246286394012991
-3.507055850869427 -3.7553421559630387 -2.7495541558955803
-2.627308070711879 -2.174793395746319 -3.140017487196632
-5.570231287061773 -4.74130226599793 -4.086189899092515
-4.268375316148591 -4.025056870149741 -2.7370409934558744
-3.0682651499249345 -2.861311028392903 -2.6517867149447643
-4.343319267633974 -2.2733637189815017 -4.395908909351753
-4.853758887240084 -3.4278463117137705 -4.272948455915786
-1.5542355127184164 -0.35652846566719854 -3.6123562047969173
-4.366116871090135 -3.289662651467959 -3.5676297085961197
-4.807529940458323 -4.879318493035493 -2.6184178050383666
-3.4836569545538962 -4.02419150075051 -2.5638992429215626
-4.85799798419527 -2.5310710004166914 -4.801686993386513
-4.510569312348723 -3.639339016776754 -3.6518253884016234
-3.9123365826449645 -4.717102244257739 -2.6553315869588725
-3.358131949983229 -1.354390863508106 -4.331255218422565
-2.725485828154223 -1.8495360407010493 -3.393049720428284
-5.043858706519281 -5.240556580990755 -2.5389756035063393
-4.168588871146106 -2.673785746280876 -3.6695917181698943
-3.6545663273981353 -1.8576950532400622 -4.053105257816553
-5.514991264242159 -3.9575595256674445 -4.205010648915648
-3.9217643350900433 -2.317553253751471 -3.7917258553801845
-3.5661303228926933 -2.344058647713529 -3.526969324116583
-3.514821477364754 -2.4133451955933842 -3.677972844921568
-3.3062493436986298 -2.5477993064940767 -2.941487874617871
-3.7563299294348274 -3.0778880169909737 -3.1546725106857947
-2.046136926825055 -2.5193327343835907 -2.5462176334741238
-3.3902805732841124 -3.763942864269365 -2.4626093033809062
-3.309360305537553 -3.5197758414804357 -2.584452377719827
-2.613839081347695 -2.531125823732647 -2.616310418846042
-3.6408963183006064 -2.79357496897335 -3.2395117306474672
-4.833709512006713 -4.382527308851875 -2.8840213299404844
-4.984848120494399 -4.696943907518875 -3.399547518342732
-4.701780680154881 -3.33835011203319 -4.100744365337644
-4.8598661607648 -3.5371099104611323 -4.156634763234635
-4.78271771633757 -3.727970519546883 -3.4662181377716936
-4.6614890084245255 -3.5578994718508357 -3.9918222730306017
-4.589569060942291 -3.992771452622044 -3.298566159534923
-3.101102952796577 -2.871643677831065 -2.819314127358393
-4.367619128250691 -3.249776367236292 -3.5099429955124597
-2.587371153587396 -2.3703372374985623 -2.8609444525791226
-2.4492092117756843 -3.521424620042024 -2.439571142256425
-3.4435653267585824 -2.019311070400849 -3.7961983261762295
-3.276427286946268 -2.8337358584835073 -3.0184620558140343
-3.467271414648031 -2.6560105670889387 -3.077803652245777
-2.430570508549038 -2.552399588675556 -2.7219252204409985
-3.2390027910118353 -3.707792085882078 -2.546317024715413
-2.137480066620999 -2.505771787881253 -2.606980156387078
-4.080932057764064 -1.9724604812689277 -4.061295699331763
-2.812908107299938 -2.135481841523788 -2.995688831672992
-3.5727545649859183 -4.459537496151815 -2.401137793617725
-4.318971176210352 -3.302922491874122 -3.6429614432879402
-3.9613085756850754 -3.687081388342773 -2.7909258868643576
-3.898802351853252 -2.0654472996272846 -4.388431884098725
-2.822695204421563 -3.8321456808817755 -2.5849415238981224
-3.107404827733049 -3.544100392776032 -2.5921665378629233
-2.331765210346506 -1.7781127066092757 -2.9149934285256984
-5.406073940248049 -4.010276199102757 -4.2656785026481865
-2.8988503267498285 -3.0232205449670273 -2.6454293006022964
-5.763522074165243 -5.154036794049509 -3.9444177066654547
-4.193552137342739 -3.5643862311314574 -3.355641917444827
-2.871367253838818 -4.369438083264438 -2.3998059925412427
-2.3627975980704186 -2.5909400970935903 -2.5767490014448358
0.30847457627118646 0.3728813559322034 0.30169491525423725 0.2644067796610169 0.32542372881355935 0.3389830508474577 0.36610169491525424 0.29830508474576267 0.1423728813559322 0.3016949152542373 0.2745762711864407 0.30508474576271183 0.23389830508474577 0.1457627118644068 0.3864406779661017 0.264406779661017 0.3966101694915254 0.26440677966101694 0.28474576271186436 0.36949152542372876 0.0847457627118644 0.1796610169491526 0.33220338983050846 0.27457627118644073 0.24745762711864405 0.3220338983050847 0.2745762711864407 0.3152542372881356 0.30847457627118646 0.1423728813559322 0.36610169491525424 0.3762711864406779 0.2983050847457628 0.288135593220339 0.3389830508474576 0.2644067796610169 0.35593220338983056 0.26101694915254237 0.34576271186440677 0.39322033898305087 0.2915254237288136 0.24406779661016947 0.34576271186440677 0.3728813559322034 0.2915254237288136 0.39999999999999997 0.18983050847457628 0.37966101694915255 0.34576271186440677 0.3864406779661017 0.29491525423728815 0.39661016949152544 0.34915254237288135 0.27796610169491526 0.32881355932203393 0.21355932203389832 0.35932203389830514 0.3050847457627119 0.36949152542372876 0.2067796610169491 0.28813559322033894 0.30508474576271183 0.2305084745762712 0.32542372881355935 0.29830508474576267 0.35932203389830514 0.2745762711864407 0.27796610169491526 0.37288135593220334 0.3966101694915254 0.22711864406779658 0.18983050847457633 0.36610169491525424 0.22372881355932195 0.3525423728813559 0.11864406779661019 0.288135593220339 0.27796610169491526 0.3389830508474577 0.32881355932203393 0.16271186440677965 0.22372881355932206 0.2169491525423729 0.2576271186440678 0.2983050847457627 0.37288135593220334 0.2542372881355932 0.3830508474576272 0.3864406779661017 0.3084745762711864 0.3864406779661017 0.3966101694915254 0.34576271186440677 0.27118644067796605 0.11864406779661017 0.1559322033898306 0.25762711864406773 0.28135593220338984 0.36949152542372876 0.22372881355932206
0.010371910281820444 0.008184291605342911 0.008525715678540382 0.016431767733368942 0.00808178663327053 0.013310419647191893 0.009615210277460672 0.008160003839347733 0.01030200787800226 0.010310417600247774 0.014126060346263227 0.007774898185232284 0.008835866251952882 0.010197734975095293 0.011550440045554859 0.018633477322051374 0.008922910209778225 0.008064805995971673 0.00878041435797714 0.01441563140578327 0.008163010965193155 0.008196692327943457 0.008610891159925867 0.009031525513421207 0.007720596189009048 0.012685234188041813 0.00999929433011794 0.00831938981710976 0.008927222548295073 0.012916778487748345 0.011566213257100643 0.016095469150615632 0.00811472389951365 0.008540383920780256 0.00806122383399094 0.008357242671237898 0.008653771922718915 0.011721181844782595 0.007782037559347741 0.008869866489112642 0.015323803184727808 0.008507012115421732 0.008063978644253822 0.01226044087734645 0.012243737330429594 0.016025385507621958 0.0093398926287779 0.010029339135395351 0.0078532463416664 0.014746756402113754 0.009683225739221724 0.008462130469329377 0.012995316365342338 0.009637473728488458 0.01122176835328991 0.00965187477239928 0.011139243543783027 0.014249975207660432 0.01001769891050528 0.009244784418345002 0.009409594805971158 0.008393944473711295 0.008287496687722152 0.008676629566997413 0.007888577806609915 0.007800137658046857 0.008384614885894072 0.008479162900269795 0.009587608572245887 0.01076446889781223 0.011259863602186665 0.011825830696993498 0.009805711368090574 0.010858350302060176 0.009250510867371782 0.008004122712678786 0.009258065182436074 0.008501621665835969 0.007878279470805433 0.010142848302103649 0.008118374048773419 0.008394705466351009 0.00835100009704829 0.007756882891698151 0.008590784904831639 0.011311269906676847 0.008823142933343936 0.00819745342352712 0.009418423360140675 0.008135827584611469 0.012062346915145265 0.007669717256056788 0.00772187063207174 0.009509332767278014 0.014225255795690112 0.007909167404864413 0.016653621188142096 0.008731004113857237 0.007930312808515885 0.00840646205315268
-----
100
124465
0.1
-5.144095094184527 -3.1737251207587556 -3.9886448545052993
-3.4978535139594724 -2.8629613905846547 -3.033483505618296
-3.485029107820038 -2.854750322707173 -3.1035423492401097
-3.507039573788873 -2.7478247385509427 -3.43677528311639
-3.661948202707321 -2.2346765706636043 -3.573055314319042
-4.022908142490059 -2.9402270188941313 -3.613533879485395
-4.167739526270083 -2.481896357245856 -3.817965911136298
-3.270896250836275 -2.903454932906937 -2.9185486413639925
-3.411269934518653 -2.4818523019985985 -3.3660670206413177
-3.4091024440154456 -2.840532980577398 -3.1223009035619875
-2.788371816326616 -2.2900613911131806 -3.063499736222378
-3.9477999336930667 -2.899881461407298 -3.8231892113285793
-3.496621477229764 -2.732067143189823 -3.410387045465206
-3.362242080961579 -2.7839731523949816 -3.295996662343999
-3.2439015597855034 -2.9345481127835247 -2.803782254556907
-4.121667281692148 -2.695841254411392 -3.9589495414047766
-4.150971273486862 -3.005401089059708 -3.89569636203507
-3.078007311599288 -2.695520843835982 -2.850390756755007
-3.8526798827549107 -3.0180955521313466 -3.3303174947571024
-3.161979134687744 -2.4357498284257857 -3.1540132657457405
-5.602787634670221 -4.346134376075986 -4.185669326780869
-3.655364404935462 -2.840238898016021 -3.413368852186428
-4.437940411648909 -2.805311768083036 -3.9587420876618213
-3.1857046340874464 -3.000130728442525 -2.8878673978633715
-3.02239754186498 -3.0382690801023267 -2.783376983368054
-3.5223374924492674 -2.6220541006895948 -3.3667613503475713
-3.586150769845058 -2.7998180877048555 -3.1927683904779576
-3.1438162306873627 -2.832339236716215 -2.758722309501816
-3.0501917575541335 -2.8250486796795844 -2.934780855807686
-2.9828217762013396 -3.0592942797810996 -2.8137895939680755
-4.190976132206045 -2.9645583002112526 -3.7247216679235824
-3.5464860842254162 -2.5842700155799094 -3.3204075201098164
-3.9395102237148305 -2.9903689350504874 -3.640757210149698
-3.7140611092460616 -3.122643026975495 -3.1161047650016185
-4.51612769173141 -2.811016603807513 -3.6733538489797737
-4.207815404357909 -2.984837588117626 -3.8890322119927747
-3.3481563553346225 -2.608728871666768 -3.2088669990186616
-3.7576100402583137 -2.6298459276356665 -3.3459851519389
-3.076034071152625 -2.5289677848650016 -3.0594727236187595
-4.248750708402285 -2.599258291134371 -3.9455537283751094
-4.560632906475023 -3.2572835648226786 -4.17267856357592
-3.197871405464229 -2.9467578944139246 -2.917415405464254
-3.2252663431052793 -3.1696481154230205 -2.8615371846484425
-3.4929298486169764 -3.1142663193964855 -2.9404459477505767
-3.227695600020309 -2.740866023928023 -3.0081830536332776
-3.6426718162203993 -2.4053014449967396 -3.609153779119873
-3.5866690430270545 -2.7818893327451386 -3.3080445091196333
-3.13054117615759 -2.584864548808939 -3.057288567299083
-5.3508988844204115 -4.108761488365719 -4.167522537844921
-3.3939127027997564 -2.9812152901806352 -2.7859166504776662
-3.965882954902578 -2.6042216547287294 -3.6307338823182707
-4.575506856120568 -3.0492834368880835 -3.643974307218115
-3.4980071946370876 -3.175196676306648 -2.7459552014881963
-3.4773815445324745 -2.4481852394358468 -3.374754257038592
-3.44300823275326 -3.0123606590973773 -2.933753607483387
-3.593041772966588 -2.207259103055101 -3.7015108315014897
-4.988913253987453 -2.850834213406864 -4.148759701251903
-3.3832528445719556 -2.4929526929248125 -3.3188878530776353
-4.247850132299623 -3.1313926320922936 -3.4681587799653704
-3.1606969190478953 -2.690829400101573 -3.132318646566294
-3.443295005671483 -2.452281274972434 -3.4374409016994107
-3.2360102489597096 -2.699850342970756 -3.1299447395828146
-2.9020416400474467 -2.627760804875849 -2.8431213476409667
-5.054020819543969 -3.770112483557895 -4.165233389116912
-2.947728746542809 -2.989358553866924 -2.702807455903769
-3.7314471337901636 -2.9263910638701587 -3.1759812188155654
-3.8526575260765865 -2.6065995691782695 -3.6260906421002694
-3.5940244925582676 -2.808391535042093 -3.3030074927447535
-3.0559355273575295 -2.7451700067419966 -2.9061788616150457
-3.307329324530252 -2.6968781139109144 -3.24274279381974
-4.182991150496795 -2.767247738709838 -3.7785342810388705
-3.2936515120983803 -2.700012789826882 -2.923533874025826
-3.329126178859483 -2.822381324427071 -3.0280554244687528
-3.1878413019185157 -3.0327574728629934 -2.7133311453693683
-3.009078063642562 -2.881460156573457 -2.8651734521331145
-3.536435986764386 -2.4437747445765297 -3.4955587630996
-3.3948391733057806 -2.6625237505769244 -3.425876699188672
-3.083958806409493 -2.5636196390624875 -2.876228403336611
-4.216123656747592 -3.132149486465343 -3.4039657599273903
-3.2690416165853766 -2.9572878388520687 -2.8787571667668206
-3.637674894937952 -2.993261604834406 -3.099757015072407
-3.198462401528361 -2.8338439350390328 -2.919361025280057
-3.2959807300632273 -3.1983042975887583 -2.7680981939368845
-3.3974851540501994 -2.2917113585205056 -3.548508436755289
-3.881639478547689 -2.60349533001602 -3.5835107217738202
-5.599655686788031 -4.0696024134640645 -4.031377717061776
-2.95804265320422 -2.59372597344553 -2.8277072952043505
-3.153504931186789 -2.4275722786006244 -3.1446003847370405
-3.6306161761999642 -2.678260861177771 -3.2693261698523925
-3.4431191812140893 -2.6279734301683852 -3.2650202169657745
-3.800781533931654 -2.914711372846577 -3.2085703240075403
-3.703357505639362 -2.9601498409905207 -3.3831719151161153
-3.7774266422434186 -2.376438112696781 -3.7719589685825503
-3.6043365885645517 -2.2104893622588455 -3.809213489476726
-3.338424843498313 -2.3570150643534156 -3.4031715334684884
-3.5871436876645255 -2.809763325181115 -3.3722225978155067
-3.608255669261488 -2.585941742838421 -3.478551630423632
-5.338988058179253 -4.0539091695810265 -4.189971747315355
-3.786538080076399 -2.3691515757151413 -3.7427691708121857
-3.3547004685647805 -2.378730065688017 -3.3690682781543275
0.09152542372881356 0.06440677966101693 0.0474576271186441 0.09830508474576272 0.09830508474576277 0.07118644067796609 0.0847457627118644 0.09491525423728808 0.07118644067796609 0.09830508474576272 0.09491525423728812 0.09491525423728814 0.06440677966101688 0.06440677966101695 0.0847457627118644 0.08135593220338985 0.07457627118644072 0.09152542372881356 0.09830508474576272 0.09152542372881356 0.09152542372881356 0.09152542372881356 0.08813559322033898 0.05762711864406789 0.08135593220338988 0.08813559322033904 0.06101694915254241 0.09491525423728808 0.05762711864406783 0.09152542372881356 0.08135593220338988 0.09830508474576272 0.07118644067796615 0.08135593220338988 0.09830508474576272 0.06779661016949157 0.06779661016949151 0.09491525423728814 0.08813559322033898 0.09152542372881356 0.08813559322033898 0.09491525423728814 0.09152542372881356 0.0949152542372882 0.0949152542372882 0.09152542372881356 0.09491525423728808 0.07796610169491536 0.09491525423728814 0.07796610169491536 0.09152542372881356 0.0949152542372882 0.09152542372881356 0.09491525423728814 0.09152542372881356 0.07118644067796609 0.09491525423728808 0.06101694915254241 0.09152542372881356 0.07796610169491525 0.09830508474576272 0.07118644067796609 0.0949152542372882 0.08135593220338982 0.0949152542372882 0.05423728813559325 0.09830508474576272 0.0847457627118644 0.09830508474576272 0.08135593220338985 0.06779661016949154 0.07457627118644061 0.07457627118644061 0.09830508474576272 0.09830508474576272 0.09491525423728812 0.06440677966101699 0.0915254237288135 0.06779661016949157 0.0847457627118644 0.08813559322033898 0.07796610169491525 0.07457627118644061 0.09491525423728815 0.05084745762711873 0.08813559322033898 0.06101694915254241 0.07118644067796609 0.09152542372881362 0.08813559322033904 0.09491525423728814 0.07118644067796609 0.08135593220338982 0.09830508474576272 0.08813559322033904 0.0847457627118644 0.07457627118644072 0.08813559322033898 0.0847457627118644 0.09830508474576272
0.01020079239204241 0.009583619407233308 0.009479610036659276 0.009429904740182947 0.010559655454995438 0.008898677402880008 0.010048392150116778 0.010077923411607516 0.010008409953662999 0.009555200412292398 0.01208591134286769 0.009319352510142759 0.00945194889720123 0.009569213565098517 0.01044678209795724 0.009885508016170538 0.009252302789333335 0.010869849852259908 0.008841954320124535 0.010613356129144531 0.011501714919251664 0.009133513181205895 0.009719601889579816 0.010237786530382034 0.010897154718681756 0.009583962178177587 0.009338926308741944 0.010884396033564923 0.010528538028977514 0.010893726966822111 0.008962516976638168 0.009638180756386148 0.008918723749574309 0.009077116263198116 0.00936287577167742 0.009236765871177527 0.009885142879259576 0.009401623416877803 0.0106928462228297 0.010056279692859577 0.00987556573872935 0.0101684258171325 0.010207856253215056 0.00961941760275029 0.01012624088461831 0.010099513642232145 0.009277814523904216 0.010471683197098717 0.010599116926088807 0.010288472624921354 0.009466602696896717 0.009009578526239853 0.010259451923418454 0.010004997823229753 0.0097362034257082 0.010914513203115173 0.011008127537854682 0.010022375824638566 0.008683901935441591 0.01013883237247621 0.01005736370428576 0.009985587049211733 0.011417641140318992 0.010000631839440704 0.01141667298105815 0.009121873453967137 0.009495096874157897 0.009238846199016219 0.01067919299016184 0.009784817077685738 0.00933057457377235 0.010295181808188046 0.009830678347961173 0.010830634274964434 0.01075209108470555 0.009997273596780147 0.0097161109563479 0.011028574156770402 0.008702067616987452 0.010147753768170063 0.009228545980887183 0.010261233739115128 0.010402570645570815 0.010662357050168374 0.009448002672214288 0.010819615365209305 0.011393105079585611 0.010659950331743783 0.00942301842492559 0.009689649454497937 0.009067286721227844 0.008970583591861335 0.010345407081609269 0.011154596372054399 0.010441738244253995 0.009232823222636143 0.00959538397071933 0.010623225147254233 0.010297548350557292 0.010346245342409455
