3
100 100 100
927 4461 151009
0.8 0.4 0.1
-----
100
927
0.8
-3.5709679900541005 -5.758297326781383 -2.911579956750355
-3.806139673772784 -2.407796105329543 -3.5118156685469795
-5.840943818851729 -4.8761974403995225 -3.859145954767251
-1.311431226269371 -1.7780490650993421 -3.0990772993842013
-1.148933297651947 -2.6779265939490577 -2.9091349645101445
-0.8560505896815362 -4.955775963516039 -2.9135697891689913
-2.2379127754946575 -2.663799076021382 -2.862153975560902
-4.339618341737939 -3.6514114552785526 -3.700687367848232
-5.282043500850511 -2.3504250983981327 -4.89531883735782
-4.135317652600028 -3.204552826848394 -4.0890126004640255
-0.2915921500641989 -0.4552514011600053 -2.811327539484292
-1.3906793228351901 -0.9067641349180082 -3.645790297639446
-4.466635955309489 -4.141585557455004 -3.195927243131391
-3.759295138070458 -5.471581818834322 -2.6156784077745354
-4.201553088490215 -2.859284409536039 -3.8884623382618546
-3.7637032885889203 -2.8577285131938304 -3.7493499383038755
-2.9836347341026612 -5.652837786526701 -2.6223840184283036
-0.97553936081618 -3.824702284799802 -2.5748181839927837
-5.8190988437359685 -4.561048634823678 -4.582346496110376
-4.4771893599671895 -3.2131819263850465 -3.771529957139478
-5.246693851863659 -5.907075640613161 -2.7725686658230866
-3.285050557341102 -2.6969068830429883 -3.2056166707308957
-2.9528197342161997 -5.364772431649362 -2.832803524611789
-3.3731642216959488 -2.726255735312409 -3.341069628982341
-2.4098586267459043 -0.4226039209729642 -4.63832256990864
-3.3650893357583533 -3.078264239104691 -2.6237869353297425
-0.2846382641510763 -5.546126753967757 -2.628143366079657
-3.8608357181413244 -5.348782531517441 -3.043871242497358
-2.6949826047868344 -4.459672572223527 -3.1774454124336846
-5.8280432029769615 -4.845398543025517 -3.8691910134827125
-1.626583847072392 -1.9054658325269482 -3.226630951194188
-1.3353428547430521 -4.096467075701366 -2.7868562044420706
-4.3621677165742625 -5.950234135448914 -2.8098464691069993
-3.7359091064133656 -5.396474105575104 -2.755167546770566
-1.5588106710828642 -1.6638840361935898 -2.96167673903583
-2.6998286445367357 -3.3977517040866783 -2.626932504419458
-1.858263755882529 -2.0797323803318872 -3.1881832605431146
-3.7607518748692303 -2.7011693546222335 -3.8871811464167103
-0.896042148797628 -4.052178861968045 -3.047302137129726
-1.9557030319567374 -4.213572254080061 -2.8156671850866983
-1.0494225718496022 -5.665691522679754 -2.6679917208413713
-1.8623502101892129 -5.173427989081212 -2.6890123709023235
-3.8032882976645475 -3.2470348978601424 -3.3237775420891067
-4.5304733767133225 -3.679836103450649 -3.427927546101271
-3.8392856800425723 -5.963767289148246 -2.8645295537330124
-1.7856500840400926 -3.5487466741010723 -3.0895513082063157
-5.077893961502571 -5.60946367363576 -2.679498784889926
-2.7259232530123105 -5.710127175066174 -2.9415734556408237
-0.13304585098848776 -3.991673560925872 -2.845586718202663
-0.8658630841286881 -0.5116322239549564 -3.3999605627009335
-0.14958011041817 -0.8399930670594475 -3.021120755008064
-1.308876896210668 -0.3776245797030615 -4.036267792709033
-5.389386355656063 -3.092666295087039 -4.969545519980127
-1.5040261903327252 -4.977860542684619 -2.798667073458924
-1.504226158388648 -4.339541616979426 -2.666153879384374
-3.2066345074685025 -5.02402550584668 -2.759856320068682
-3.0687492567920662 -2.286525686597174 -3.6195406847932614
-3.4710952297764166 -3.105806428476818 -2.940388492967994
-2.0589724079818 -5.318571922421066 -3.058154344300735
-3.3505613920440225 -1.971801250835389 -4.030810122014801
-4.1943237933039255 -2.593998543514719 -4.047990719228327
-4.8494500711320505 -3.4761392764852976 -4.193048007857367
-4.555390980340359 -3.8115507238007083 -4.19085733910123
-4.801354591113835 -3.0060178048750137 -4.2088459853640945
-1.450000588292749 -3.04035376447522 -2.715654008882972
-2.546406867064944 -5.897612904454208 -2.797364676931271
-2.6828656967474718 -2.9915761918634973 -2.7487993395295813
-0.9673448371451414 -2.715935289816032 -2.976915208758087
-1.0978463996082173 -2.597451831689422 -2.6218295116803105
-5.017818801410776 -5.455062736744813 -3.365057053638837
-1.639620063088179 -0.07361711802563153 -4.445330023842818
-2.672673322674792 -2.7080231066875076 -3.5020304716258046
-0.7220076101807473 -2.2718735277931197 -2.6292928640574393
-4.348874679494148 -3.766312231698244 -2.930224587816958
-5.985264649142168 -3.995274264735108 -4.737608002433358
-5.324479340940995 -2.876320384600133 -5.501976901364451
-4.7731444370604095 -4.765859135351098 -2.9114645268934995
-0.8106167448360138 -2.704988318866949 -2.7979846584134744
-3.5333160866200486 -5.136748589514939 -2.8147481189138186
-3.3384382004306254 -1.0461949752067872 -5.346640966798473
-4.433522479527298 -1.9001333055227274 -5.486983703744231
-4.095277955349104 -3.567601270441793 -3.8762018759489116
-4.215088181333441 -2.7657345222233864 -3.1442100223823894
-0.4557601843024841 -2.2234385985934004 -2.618570726158627
-0.20782212258122001 -1.747849804988462 -2.6135253936067246
-3.6144685444652347 -1.710572632122533 -4.832167255421181
-5.878852355667551 -4.9550823194298825 -4.423910235445832
-2.589809778701078 -0.10081919046374743 -5.526963217910492
-5.727172646756129 -3.1500981048523573 -5.512499026387044
-3.593840694049594 -4.0255521976955 -3.423092395039069
-4.701563112232728 -2.0063026982921426 -5.339892939844801
-3.806743414421074 -4.862846735509177 -2.792807642842355
-2.596945156624863 -1.707492154384287 -3.5579154688761605
-4.579435825184982 -5.214631417273876 -2.539511095992548
-0.2572018756260004 -3.7086811483911726 -2.559393911612497
-1.4528502371058032 -5.5638162253771295 -2.7802065184941327
-2.500354408528974 -0.16952052500217185 -5.217193710553661
-2.0688481429431813 -0.5070623698578691 -4.268790549045988
-4.312045961811647 -5.289343379928532 -3.2066567442628218
-5.830390302362462 -2.898259050491316 -3.8735267796850232
0.5627118644067797 0.7932203389830509 0.7322033898305085 0.5932203389830508 0.5254237288135594 0.5728813559322035 0.488135593220339 0.28135593220338984 0.7627118644067796 0.2983050847457628 0.7627118644067796 0.7220338983050848 0.4508474576271187 0.7389830508474576 0.7084745762711865 0.39322033898305075 0.7322033898305085 0.7694915254237288 0.5152542372881356 0.5898305084745762 0.5423728813559323 0.6169491525423729 0.47457627118644063 0.5423728813559322 0.7322033898305085 0.7694915254237288 0.7254237288135593 0.7389830508474576 0.7728813559322034 0.4711864406779661 0.6949152542372882 0.5050847457627119 0.4949152542372881 0.5457627118644068 0.5627118644067797 0.7423728813559323 0.5661016949152542 0.21016949152542375 0.7559322033898305 0.4949152542372881 0.6474576271186441 0.6237288135593221 0.4067796610169492 0.2779661016949153 0.488135593220339 0.7966101694915255 0.6338983050847458 0.6067796610169492 0.4711864406779661 0.5186440677966102 0.5898305084745763 0.7661016949152543 0.7186440677966102 0.5016949152542373 0.6440677966101696 0.5491525423728814 0.34576271186440677 0.7559322033898305 0.7728813559322034 0.46440677966101696 0.7050847457627119 0.45762711864406785 0.7593220338983051 0.6271186440677966 0.5898305084745763 0.5050847457627119 0.5932203389830508 0.6474576271186441 0.752542372881356 0.7830508474576271 0.49491525423728816 0.7762711864406779 0.7322033898305085 0.728813559322034 0.5898305084745763 0.7084745762711865 0.7627118644067796 0.5186440677966102 0.48813559322033895 0.7830508474576271 0.6305084745762712 0.311864406779661 0.7322033898305085 0.7457627118644068 0.7559322033898305 0.5525423728813559 0.4542372881355932 0.7559322033898305 0.5694915254237288 0.5186440677966102 0.7559322033898305 0.5084745762711864 0.688135593220339 0.7898305084745763 0.7762711864406779 0.535593220338983 0.5457627118644067 0.5966101694915253 0.6101694915254238 0.6847457627118644
0.010000000000000004 0.010000000000000004 0.010000000000000004 0.010000000000000004 0.010000000000000004 0.010000000000000004 0.010000000000000004 0.010000000000000004 0.010000000000000004 0.010000000000000004 0.010000000000000004 0.010000000000000004 0.010000000000000004 0.010000000000000004 0.010000000000000004 0.010000000000000004 0.010000000000000004 0.010000000000000004 0.010000000000000004 0.010000000000000004 0.010000000000000004 0.010000000000000004 0.010000000000000004 0.010000000000000004 0.010000000000000004 0.010000000000000004 0.010000000000000004 0.010000000000000004 0.010000000000000004 0.010000000000000004 0.010000000000000004 0.010000000000000004 0.010000000000000004 0.010000000000000004 0.010000000000000004 0.010000000000000004 0.010000000000000004 0.010000000000000004 0.010000000000000004 0.010000000000000004 0.010000000000000004 0.010000000000000004 0.010000000000000004 0.010000000000000004 0.010000000000000004 0.010000000000000004 0.010000000000000004 0.010000000000000004 0.010000000000000004 0.010000000000000004 0.010000000000000004 0.010000000000000004 0.010000000000000004 0.010000000000000004 0.010000000000000004 0.010000000000000004 0.010000000000000004 0.010000000000000004 0.010000000000000004 0.010000000000000004 0.010000000000000004 0.010000000000000004 0.010000000000000004 0.010000000000000004 0.010000000000000004 0.010000000000000004 0.010000000000000004 0.010000000000000004 0.010000000000000004 0.010000000000000004 0.010000000000000004 0.010000000000000004 0.010000000000000004 0.010000000000000004 0.010000000000000004 0.010000000000000004 0.010000000000000004 0.010000000000000004 0.010000000000000004 0.010000000000000004 0.010000000000000004 0.010000000000000004 0.010000000000000004 0.010000000000000004 0.010000000000000004 0.010000000000000004 0.010000000000000004 0.010000000000000004 0.010000000000000004 0.010000000000000004 0.010000000000000004 0.010000000000000004 0.010000000000000004 0.010000000000000004 0.010000000000000004 0.010000000000000004 0.010000000000000004 0.010000000000000004 0.010000000000000004 0.010000000000000004
-----
100
4461
0.4
-2.093909366307909 -2.173087078196384 -3.0978294626980567
-3.6309009193180137 -2.325441345575726 -4.006201815491293
-4.211830273757242 -2.688653456666054 -3.961897124753248
-3.6201601032264548 -3.557414380256083 -3.206174483390553
-3.7555491782726413 -2.517192280686652 -3.837536998808292
-5.323911769480555 -3.64346794791949 -4.6566827151976256
-4.614466853961752 -3.940591054198393 -3.2786902625035803
-5.43359997380048 -3.1193997236401785 -4.388346010883968
-3.4585245547020667 -3.544078370975736 -2.9177916449188492
-5.341434623370021 -3.930426306992671 -4.576720323712261
-4.580643204103805 -3.497062132163484 -4.162000018890353
-4.285550927415954 -3.212698249408588 -3.6625836347172496
-3.6302416466025718 -2.7915605880861456 -3.5055605078477763
-3.8258511110287117 -3.773080995743597 -3.317391039180526
-4.197025275401506 -2.4315073129630305 -4.702189277193681
-3.440386410229449 -2.639379708916101 -3.630822968721958
-3.017031042462282 -2.675071703804659 -3.19645184933618
-4.610189189100469 -3.7845997463415664 -3.982516226347711
-5.520670807938839 -4.6849975338522505 -4.307252199976404
-4.61767641622057 -4.3652060346937445 -3.8190990004317835
-4.977943623432566 -3.6391468296106004 -4.40498248173735
-4.306323848501933 -2.668759513994651 -4.274279097895584
-3.432340619566817 -3.658802745965619 -3.0843063956654397
-3.8538514433755444 -3.1405306260720343 -3.731765552958739
-3.9170775815173595 -3.6474500579232974 -3.526243644264148
-2.791897897900553 -4.004194990743155 -2.91284900942423
-4.343092746397134 -3.704876751454255 -3.574963515332005
-5.077953968141875 -4.447864892920965 -4.053279771292253
-3.135103146846178 -3.6543104507539583 -3.0884293309487116
-3.6714476648466015 -3.268723678858123 -3.3359919143524106
-5.839061384951892 -4.624200362851064 -4.350842164957719
-4.473862750524186 -4.314088774201792 -2.9967253425159113
-2.9328255764432853 -3.5471820399187814 -3.0503232324282137
-4.277393253766694 -3.393587091878126 -3.749940056016661
-4.074846758910523 -3.511495662771111 -3.6521876032288527
-2.4677998860839834 -2.477183670347514 -3.1651374664937215
-5.704280185763668 -4.41182712046206 -4.328447835477336
-3.7649928189447333 -3.8578791220884083 -3.2486982902917956
-4.183545058899069 -4.09529670902153 -3.049504138413211
-4.171987380022686 -5.471661172969789 -3.0332128222377017
-2.3748219744117933 -2.7991098677757074 -2.952812327073815
-4.0041146580868405 -3.864983450428237 -3.359559570372176
-3.4091765020891387 -2.4855370517081887 -3.5667641395905263
-3.49860720626783 -2.3360329582083805 -4.1463474637902955
-5.253427692749243 -4.871233417965912 -3.021461384839628
-3.80282298951124 -4.285888003492995 -2.9371804292131363
-3.43511859719471 -3.762670777516395 -3.031085685142484
-3.6782935123714777 -3.4000032889760368 -3.114284759860342
-2.847024599237427 -3.8138808502922403 -2.965187705238338
-4.575320332972039 -5.290604486445776 -3.0465890715878015
-2.7876994147755343 -2.4607225908917654 -3.1600601281050706
-5.431756251511287 -4.920226671099142 -4.143970313590853
-5.782632833560043 -4.919977895684116 -4.084134617398713
-2.7404564647066643 -3.1201887791772407 -2.964031026781397
-4.614189677093501 -3.5879127698694644 -3.4309855217312992
-2.888211946629128 -2.807770246397945 -3.224948650574645
-5.585865187465134 -4.533345808505671 -4.240611308968697
-2.6441467354487584 -2.5010866735302844 -3.1550588305018143
-3.9071635409638823 -3.9550286358712747 -3.154854996081093
-5.097570959080257 -4.4643509958061385 -3.649613685630449
-3.532233285147444 -3.810411144578385 -3.066970316560408
-2.0138966516125754 -1.7107016056348965 -3.3113330206163574
-5.425824118821595 -4.099177665545314 -4.28056408496732
-2.101371339953963 -1.9692287850302377 -3.219324624817319
-5.11585500850846 -3.3600464414529587 -4.401665008703962
-5.445038996279695 -3.947672100034615 -4.148243279732112
-4.525307822554481 -3.410867650814529 -3.8617347464044554
-5.526609705223533 -4.976253529995391 -3.9982349971174393
-3.173555986273111 -3.064237451133591 -3.0701599154253585
-4.213187849520696 -3.457485204059908 -3.6367624344671463
-5.005958174628238 -4.437076993087708 -4.269534681025895
-4.03326728245566 -2.9628126986373537 -3.7166132002198986
-3.292982891481384 -2.9314128103888937 -3.167459282090152
-5.667950764039022 -4.66427411406195 -3.9145284509867064
-3.7311179918566157 -3.846469107599757 -3.072412069307593
-3.647450116522201 -2.42445795051916 -4.1373577448232055
-5.300376550728867 -4.826223271671263 -3.4012445014070094
-4.2797077389322915 -4.567411647190725 -3.750677532630708
-2.9064953050913873 -1.9294714965621655 -3.8502518675719153
-5.927922652247885 -4.916025686237773 -4.300878725618592
-5.787943352116664 -5.260266606568224 -4.181478879585768
-2.9409257478784756 -2.2889276304302584 -3.4969880809775358
-3.466658754455698 -2.6468016475826914 -3.66338732255694
-3.9154592521566087 -3.3388729603747884 -3.3310918266251237
-4.435102332812645 -3.757409476740242 -3.396062832920318
-4.513329946862932 -3.8977922554311224 -3.495021608539191
-2.8047173555020795 -2.6470438615666945 -3.1403456049013556
-4.925921251115294 -3.166897056829339 -4.385966554658245
-5.073846277482777 -2.6819756017611 -4.924986386321903
-4.557699563337921 -3.255453052278257 -4.309402631572176
-3.658753054049873 -3.141899957741414 -3.636501931840687
-4.552496953545811 -2.9919403012670216 -3.722870765051278
-2.7673606509668263 -2.099855340171433 -3.60279060837049
-5.962722563591906 -5.207881044807346 -4.300862777417695
-3.8831342205533583 -3.279164001588979 -3.8381426925012043
-3.2767898462971052 -3.9857096640026337 -2.930948092525669
-2.7241496881744034 -3.3096023637352756 -2.9329338874472595
-4.272149807241356 -3.871783311959061 -3.5141619842723903
-3.724547772690636 -2.6179618547198733 -3.984898429212198
-5.503157737420794 -3.7441823232909504 -4.707648413035493
0.33220338983050846 0.25762711864406773 0.33220338983050846 0.2915254237288135 0.2508474576271187 0.32881355932203393 0.29491525423728815 0.2915254237288135 0.3627118644067797 0.34915254237288135 0.24745762711864408 0.2271186440677967 0.37627118644067803 0.20677966101694922 0.3728813559322034 0.27118644067796616 0.34576271186440677 0.16949152542372883 0.2406779661016949 0.3864406779661017 0.22711864406779658 0.2983050847457627 0.19661016949152543 0.30847457627118635 0.27118644067796605 0.38305084745762713 0.19999999999999996 0.3491525423728813 0.3627118644067796 0.28135593220338984 0.1932203389830508 0.3864406779661017 0.2677966101694915 0.3728813559322034 0.2542372881355932 0.3423728813559322 0.311864406779661 0.24406779661016947 0.3525423728813559 0.3423728813559322 0.34576271186440677 0.2779661016949152 0.29491525423728815 0.2915254237288136 0.288135593220339 0.3355932203389831 0.25084745762711863 0.14915254237288134 0.376271186440678 0.3728813559322034 0.3864406779661017 0.2271186440677967 0.264406779661017 0.3355932203389831 0.26101694915254237 0.20338983050847456 0.22711864406779664 0.37627118644067803 0.32881355932203393 0.2033898305084746 0.3423728813559322 0.3355932203389831 0.20677966101694922 0.3694915254237288 0.18644067796610167 0.18305084745762712 0.3864406779661017 0.3966101694915254 0.2508474576271187 0.31864406779661014 0.3864406779661017 0.29830508474576267 0.3152542372881356 0.2610169491525424 0.2033898305084746 0.30508474576271194 0.33220338983050846 0.30847457627118646 0.24745762711864405 0.12881355932203392 0.30508474576271194 0.3355932203389831 0.311864406779661 0.311864406779661 0.23050847457627116 0.3254237288135593 0.30847457627118635 0.18983050847457625 0.3830508474576271 0.3288135593220339 0.36271186440677966 0.3593220338983051 0.25762711864406784 0.26101694915254237 0.35932203389830514 0.34237288135593225 0.3355932203389831 0.3525423728813559 0.18983050847457628 0.34576271186440677
0.00955085561172964 0.009958306663126809 0.009807743504801207 0.008194674365585502 0.009448790402305542 0.013461329340229948 0.009058167022211775 0.012559070296543578 0.008405399510492588 0.0132302058601442 0.010168285064537652 0.009005309470208356 0.008737034015685355 0.008239030155183716 0.012697850617168384 0.00889979598458853 0.0086491051397441 0.009720396719922952 0.01328129078663755 0.009609388546235111 0.011572150588245286 0.010703733686802693 0.008144979887897162 0.008782819664848835 0.008403015779642892 0.008183712636351956 0.00878855766081554 0.010969924771946634 0.008059131088798415 0.00833615719262505 0.014341143334356887 0.0091536137758711 0.008099626590981976 0.008998449530684472 0.008664632769985053 0.008920123591817588 0.013445973465427911 0.00819658609912048 0.008680318685442695 0.00984840976149995 0.008775338792888296 0.008360182461496668 0.009019281788725108 0.010273171982996517 0.011027350220130001 0.00849696566502281 0.00816774375345792 0.008367408523862611 0.008121805177705402 0.010072631433808453 0.008914056906276438 0.012782574067158122 0.013568466545552388 0.00841687875188283 0.009113195568813607 0.008480781483624418 0.012896607629112117 0.008865766349279759 0.008325981890858607 0.010156520986608781 0.008169641630455445 0.010366666030003014 0.012161233000563588 0.009821996397655956 0.01179471708375099 0.011662035587159392 0.009423878482003108 0.012596809912297816 0.008400549939168046 0.008782789112786933 0.011643142036027784 0.009014982005637367 0.008479067630862739 0.0122357457527347 0.00827384282282667 0.010172344615046616 0.010773953089180036 0.009296254455697052 0.010148551104127693 0.015055959642953705 0.014907185948097234 0.009138345010334753 0.008934639969215109 0.008462982855637236 0.008812958823676293 0.008916856513292395 0.00869295063045903 0.011474752809163165 0.014886049071745094 0.010676960790322923 0.008567053250906686 0.009564536172152782 0.009515652392308118 0.016059497523058776 0.008900809229866797 0.00820064465856769 0.008333771773682313 0.008657785837338174 0.009597532161790304 0.014247074627940509
-----
100
151009
0.1
-4.0926633151299034 -3.07143414491512 -3.9713384797864184
-5.931812631729542 -4.9436636933496345 -4.276952070372705
-3.371740959916864 -3.1116419360614627 -3.377784455598066
-5.141493571232596 -4.063840439223801 -4.314852089825787
-4.762045015904009 -3.889593287429023 -3.917489549518046
-4.923942256620376 -3.8217468108054 -4.334641009257914
-3.3171386716930007 -2.8088923782411914 -3.6005514619907073
-4.3271226287793985 -3.3976450290933506 -4.126363112731818
-3.2328498179193828 -3.086199111744964 -3.2368022394776657
-3.8561942488566534 -3.240696051329534 -3.7379960385527338
-4.172034669775542 -3.593688151566986 -3.609015383415781
-3.5750704816124177 -2.9609894310233837 -3.58982480529919
-3.8291650861273276 -3.3906353582205657 -3.637457335345907
-3.436598595457032 -3.163292674058988 -3.421303166458401
-5.564433340812038 -4.71445790880503 -4.239755978153463
-3.346420927900084 -2.6477962901888352 -3.677728318098895
-4.224221561614158 -3.3410422412693004 -3.5821858773475768
-5.623077681974394 -4.599632397735123 -4.314181207262388
-5.618640411952581 -4.762751071552632 -4.231445542040899
-4.167993181281549 -3.1665323122106206 -3.9721145839023935
-3.7198422097582498 -3.118882067918894 -3.6332291265651286
-5.1248170457143685 -3.275095223808794 -4.272827362178577
-4.959420343571756 -4.0886455289063655 -4.220458330052214
-4.047935247878957 -2.7493663141232196 -3.743578640084001
-3.7614566709783244 -3.684600206713655 -3.2975859985391294
-3.2886311657690603 -3.1106241966023185 -3.368070392956407
-3.8057667207435206 -3.3832069644617806 -3.427344671328046
-3.8677752825888145 -2.8051767398064293 -3.7197804051666363
-4.225848981811132 -3.478714330833779 -4.007808355051458
-5.262230324071018 -3.765252492124395 -4.209041707271523
-4.365292620790206 -3.6445034174276705 -3.7335304560444103
-4.397487652937887 -3.332514648616596 -4.112536701314267
-4.872344033552865 -3.5066379247309207 -3.648804628309462
-3.8026586412953147 -2.8885280343573134 -3.811817644669008
-5.216789190750062 -3.894686651761041 -4.164143672847376
-4.0048386837841425 -3.483033056962906 -3.9745869102980116
-4.320359126540515 -3.0177176212101027 -4.112845811007505
-3.60274505569829 -3.388705055630853 -3.5636187315264003
-4.153214305223921 -3.056385145010032 -3.8935199874771467
-3.1135681602904537 -2.805947610028228 -3.3103023036650376
-4.02645839326326 -3.4940160257697985 -3.924017329229698
-4.431603511481159 -3.54644271226103 -4.213093989038772
-4.036497022797766 -3.194015933170101 -4.020866328453042
-4.69976099976293 -3.900426524807954 -4.201157989609365
-3.9025470337993236 -3.0498046239042576 -3.6989259737361646
-3.5409488943959895 -2.874607796112844 -3.6584292920763968
-5.925807855837524 -4.785816280156492 -4.285617034332552
-4.504653866371367 -3.952562997531013 -3.8844617658007428
-5.062401652181195 -3.2930786647316763 -4.026554778791023
-3.470934827185138 -2.8992617308080177 -3.6160607228057713
-3.9419238226850424 -3.7891761519846923 -3.302338538630881
-4.347588647032674 -3.2852452997284836 -4.039139082474926
-5.139798819094733 -4.2920352131784325 -3.990810873451528
-4.287805386079453 -3.331035541003879 -3.9334683563605717
-5.893394813239324 -4.9823893452255765 -4.237247654138946
-5.126980328180619 -4.270580675980068 -4.232729768780555
-3.603563714203203 -3.6396714919939837 -3.331988501512786
-4.2446959425072555 -3.9473027277413504 -3.597071399086925
-4.208689479505941 -3.199450458079987 -3.8806607089460887
-5.002213901670456 -4.087600749227791 -4.276469599051062
-3.378055052330832 -2.963705259192439 -3.4673789227381264
-3.9019338781826463 -3.456440576283766 -3.4823612882323736
-4.445250478876919 -3.739806831634353 -3.8366338070633765
-3.7300152301314395 -3.052802259684068 -3.73169955833596
-4.814626574993951 -4.026976171175178 -4.161515356649878
-3.766111439419441 -3.6062984520822563 -3.218534805216627
-3.870718903072037 -3.586573374596134 -3.4571275163013975
-4.399488720147141 -3.574422299856431 -3.8738161090794323
-3.8476732100089515 -3.137376271385426 -3.53220644677468
-4.210778192446223 -3.559187655355985 -3.960674864162087
-3.319059757683182 -3.193415900481604 -3.198831921219043
-4.072394527713881 -3.0959786534290825 -3.8122363785144358
-4.148559674753292 -2.863485411572685 -3.956411922823087
-4.050493637010281 -3.509010665963671 -3.513960369359744
-4.823966506316834 -3.7300702255730545 -4.162211967773731
-3.993795749657445 -3.3444637409978424 -3.5853326478301835
-4.399317687013726 -3.2985602269289 -3.9457422888858353
-5.660655176984023 -4.682271435463763 -4.292350763981799
-5.66499440833253 -4.743335480977705 -4.2490259539648845
-4.513346661316449 -3.4261824167127224 -4.086456419269896
-3.704419325948548 -3.3010757183128714 -3.586575035896726
-5.50456534424789 -4.372004454815785 -4.345197182202011
-5.4715374573656455 -4.3434443245649925 -4.345980342754238
-3.7605564392151076 -3.2681884784225086 -3.3820301446582293
-4.088340859968426 -3.163389150583074 -3.7483954653739078
-4.819529093295922 -3.8840059188770018 -3.998582625698252
-3.7564427647485754 -3.5511120138325327 -3.363613982063797
-4.235166847326268 -3.3434972636378566 -3.8691943551512606
-5.671319478621429 -4.801796972119546 -4.259429253967363
-4.831905549646941 -4.070350852789469 -3.9495417930568726
-4.482963803276702 -3.839212708390129 -3.9962737414280847
-4.6300577485425585 -3.367119919345865 -3.839850245218824
-4.494448116273862 -3.3801292553143276 -4.162538436129797
-4.906134201043736 -3.3299353439314228 -4.214340584081898
-5.253560459801515 -4.298996979332792 -4.199280041257768
-3.6168075194295586 -3.0335177652934475 -3.6301066200029837
-4.163937691458955 -3.271985686734989 -3.7723133863570393
-3.893496510658472 -3.2067382436052547 -3.62876153963134
-5.5918636292637185 -4.761289656420325 -4.183429540255437
-4.325559417926261 -3.50136552233274 -3.9518107538904426
0.06440677966101693 0.06440677966101693 0.06779661016949157 0.09491525423728811 0.0949152542372882 0.09491525423728814 0.08813559322033904 0.08813559322033898 0.09830508474576272 0.09152542372881356 0.0847457627118644 0.08813559322033898 0.09830508474576272 0.07118644067796609 0.09830508474576272 0.0813559322033898 0.09830508474576272 0.09152542372881356 0.09491525423728808 0.08474576271186438 0.0915254237288135 0.09152542372881356 0.06101694915254241 0.08474576271186442 0.07118644067796609 0.07796610169491525 0.09830508474576272 0.08474576271186442 0.07796610169491536 0.09491525423728814 0.07796610169491525 0.09491525423728814 0.0813559322033898 0.09830508474576272 0.09152542372881356 0.06779661016949154 0.06779661016949157 0.08813559322033898 0.06779661016949157 0.07796610169491525 0.09152542372881353 0.0847457627118644 0.07796610169491525 0.07796610169491526 0.09491525423728814 0.07796610169491525 0.07796610169491525 0.09152542372881353 0.09152542372881353 0.09491525423728808 0.0847457627118644 0.09152542372881356 0.07457627118644072 0.08813559322033898 0.09830508474576272 0.0847457627118644 0.09152542372881356 0.09830508474576269 0.0813559322033898 0.09491525423728814 0.09491525423728814 0.09830508474576272 0.06779661016949151 0.0847457627118644 0.09830508474576272 0.08813559322033904 0.09152542372881356 0.09491525423728814 0.0847457627118644 0.047457627118643986 0.09491525423728808 0.09491525423728814 0.09491525423728808 0.07796610169491525 0.0847457627118644 0.04067796610169494 0.07796610169491526 0.09491525423728814 0.07796610169491525 0.08813559322033893 0.09830508474576272 0.09491525423728814 0.09491525423728814 0.05423728813559325 0.057627118644067804 0.0949152542372882 0.0847457627118644 0.08813559322033904 0.09152542372881356 0.09830508474576272 0.09491525423728808 0.09491525423728817 0.09152542372881353 0.07796610169491525 0.08813559322033904 0.08813559322033895 0.07457627118644068 0.09830508474576272 0.09491525423728814 0.09491525423728814
0.010222003085843194 0.011731477296118368 0.01109203001499358 0.009448633591685476 0.008718108819999376 0.009646840599476155 0.011724089076746283 0.009767818116633228 0.011964127674598845 0.009766539771555918 0.009161151978865831 0.010711169501514968 0.009611767284655128 0.010773413689867738 0.010181170429007123 0.01231793581528786 0.009415789957396026 0.01025542950998822 0.010356756724339456 0.009912056889817293 0.010126683670421738 0.010669731010843776 0.009132284303276233 0.010967688303664465 0.010378419524119156 0.011325493931063106 0.009927066151145336 0.010831721323507668 0.009422322255222694 0.009449055406135668 0.008923456230185428 0.009765357060144633 0.009471662557759664 0.01074088945642494 0.009153951775930619 0.009683529939419518 0.010655398970615628 0.010044249866676378 0.010031741137289042 0.012710474949440324 0.009510579236799103 0.009774339822222256 0.01016535171844376 0.009211219631555693 0.01005296114828277 0.011029654115001985 0.01125335047339171 0.008814945644816875 0.009939369125543657 0.011083820378580595 0.010219458016889572 0.009677988844594502 0.008925907525706205 0.009406862609297502 0.011656707314810538 0.009233250521492 0.010493303339594931 0.009212451743191682 0.009628579249625666 0.009302816818953872 0.011198394526610667 0.00965222540391262 0.008828764761236315 0.01029748644744773 0.009018511843123472 0.010703106863186514 0.00970444231712514 0.008962389568276148 0.010009681480891073 0.00926488153393196 0.011766678006312606 0.009872795745448023 0.010803628094281025 0.009435795171250719 0.009138268561058543 0.009504782896602677 0.009427484297610724 0.010404507825022275 0.010427790637349808 0.009439764441121297 0.009905174233223613 0.009920873834956542 0.009863520969842537 0.010216164257751695 0.00966534261453963 0.008760337111786191 0.010104592955202416 0.009333619708392948 0.010616546528125444 0.008735402361305395 0.008923136845064123 0.009234099122477074 0.009773142952574785 0.010056348884603687 0.009210799251966623 0.010468468454062104 0.009421834869342893 0.00975320458702697 0.010218350283641327 0.009175254821843679
