3
100 100 100
982 4694 146535
0.8 0.4 0.1
-----
100
982
0.8
-4.9373207508746155 -2.9814817746920372 -4.590028763287801
-4.396095409035571 -4.391853670866814 -2.999157081885868
-4.312436091088278 -5.3561962556878875 -2.4143807395442822
-0.6791557437713571 -1.7311119482665527 -2.665323164070446
-0.5330677617952997 -0.3734502649402156 -2.819888060528321
-3.2435574492409196 -1.5041834588209744 -4.4226373040172575
-0.12294674778333281 -0.09632799196646857 -3.032951827651181
-5.186313116876974 -5.024852903435413 -2.850964468985098
-3.2839360057394087 -2.745480049180106 -3.2441801407076905
-2.1050076821322663 -3.349211309238936 -2.4153764928726345
-2.0402497723303816 -5.792101454725506 -2.4303933160732027
-2.891489695380784 -5.42042164412284 -2.3367821533786484
-3.3058619125235076 -0.5055074550687717 -5.44821103671887
-3.7464224300734577 -2.830628702042524 -2.835810177464188
-3.8235823257745167 -4.004504067613498 -3.218999963284721
-4.010143334310858 -5.98942035571144 -2.3634919827507104
-2.1547885271890905 -3.071152714728089 -2.3016052983320967
-3.710830212824412 -4.9701241238208045 -2.6464863107983074
-3.2711518436084517 -3.1233484529041067 -2.763184230300841
-4.108963578577816 -5.4418329439486435 -2.9092403262782254
-3.591296986562649 -3.65091102265819 -2.9570510050933603
-3.4467514649647426 -2.540342392536579 -3.355622594953513
-4.686732529090042 -2.9812945215569755 -3.840851980343903
-3.55789239649801 -0.34061383936029976 -5.688436287418395
-4.779447359558771 -1.5533073604398187 -5.881374294248066
-2.097763058244465 -3.1643054083723485 -2.246558318521088
-4.551350517149212 -2.529813739169835 -4.046439293663683
-4.078250656664425 -1.6542646050313028 -4.371093402295985
-1.9120677247013589 -4.82302565932244 -2.7031971318885497
-3.142129096641905 -3.6586294565978257 -2.4286859428341976
-3.5351276054883662 -2.6925973780587844 -2.7598049598168877
-3.813817580825311 -5.069726164268764 -2.52392955283682
-4.6447699643161044 -3.6162085547102483 -3.577109385876341
-2.6823014456841094 -1.7381925896587225 -3.6048843030508735
-1.9548310651134404 -0.09266277590749361 -4.230945269727252
-1.360243135225021 -1.2358904092903362 -2.8316294593106894
-5.526890575576754 -3.176767644300349 -4.884348041221653
-0.2995347132015276 -0.7093293423010474 -2.6543994150602988
-3.436463639812381 -3.634628556066956 -3.205342780030544
-2.978817056896202 -5.262183224382454 -2.4951407874768123
-0.3613715749349877 -2.539865838923673 -2.654570584744183
-3.6335673292585646 -2.274645689535327 -3.5912392628508627
-2.5968217076391547 -0.4089890463960213 -4.508353298800218
-0.538035233031751 -0.9971005033151368 -2.4024296822667863
-1.0505015886144875 -0.381074685026185 -3.1934767527069887
-3.4250702885759914 -0.32486219672761685 -5.70706312853361
-1.0294189683883 -3.1966043940881343 -2.2265997752845457
-5.020091080584523 -1.6850684886683158 -5.596425561863738
-5.591503995355465 -3.5359810044488262 -4.390489447906443
-2.546327014244869 -1.8097350972843946 -3.584430721704584
-2.780797226160028 -2.7001285072455112 -2.3173466366342916
-0.9340636944101073 -1.0043395758170774 -2.9318893957814236
-3.9743758853356206 -0.66356832989959 -5.691703637439001
-0.9190282374058132 -4.0469489111062416 -2.3618576904890975
-2.5336174756976018 -2.8955672854158565 -3.0082901495258447
-1.3826813420716064 -1.3398223854081008 -2.659138138392585
-5.253027934181368 -5.769176622983484 -2.4174554992527764
-4.699042494885575 -4.276389078668354 -2.2712075367915405
-4.676018465066358 -5.6393852411285215 -2.6418283452648375
-5.274817199964341 -2.7197521850859268 -4.2261529363511485
-5.384380715548447 -4.271384398957094 -4.299436863515988
-5.3208529300316565 -3.2385976146493554 -4.608535970885967
-3.7706415147728345 -3.6999060904464534 -3.5875440799058533
-4.390205679361912 -3.0122199241343837 -3.782816465427045
-1.2166094332513975 -3.4838364711608913 -2.545254695457472
-2.0891572844763515 -4.807619464767934 -2.692945599823673
-3.3412404738057733 -1.2673042056291095 -4.3643151208845
-1.655545145550965 -1.099337337248942 -2.8481253831099833
-1.3861512785474819 -5.002323196992171 -2.578936500690789
-2.3511516267180967 -5.904833402340669 -2.416352924044111
-0.39295669105665176 -3.7145517916860857 -2.360702056970296
-3.189595932135527 -3.0807475813357565 -3.373211293174108
-1.6198080343199912 -1.1370705277410007 -3.0583089864425523
-3.605400849054368 -4.2995125568762935 -2.736179150775369
-1.9962990983126119 -0.2144479450834691 -4.285253231286305
-4.688497474494417 -4.21186304494829 -3.8303704986882763
-0.8884814385793547 -2.420747508192482 -2.394822405709144
-5.351854812186499 -5.723092561246924 -2.9176416789474864
-2.4599614296554932 -1.2202940369504809 -3.5851507312449984
-4.876140080638029 -5.3982648948450205 -2.7292911755804448
-2.1315483996224636 -1.1308594765958038 -3.179478530794498
-3.416157429053726 -2.2493930058658322 -4.112687653751669
-3.9545693780891225 -2.393655409786113 -3.6413658328440475
-4.892035504331786 -3.8715159624690565 -3.798474431655647
-0.8026937394828977 -4.469900384231476 -2.663733557829076
-2.8994215811540323 -1.5395087813192507 -3.707277942547277
-3.801806723028591 -1.7454793868251066 -4.71538573803528
-1.676451285263278 -3.835848689066324 -2.331640890958902
-0.7680854169024016 -3.152885855442981 -2.6499622615502014
-4.453430720368871 -5.040042565106944 -2.485181105300785
-1.722231470940284 -4.706650866123638 -2.3063250643282873
-5.892044352074561 -3.531960646895425 -5.007347175498275
-4.629500678146989 -2.850922927220911 -4.059241936639337
-3.197399158041795 -4.451767139383405 -2.728037396149463
-2.746176872450446 -0.1905884386208596 -4.856218700234175
-2.201061038739123 -3.101667513805227 -2.6535493141620634
-4.105493878803886 -2.5062026395630226 -3.771084044732827
-0.3425385798828193 -4.347814941987075 -2.4116255512331315
-2.4316855332708074 -1.7904242386639329 -2.8431802346858013
-4.445620166030233 -4.35891930500451 -2.8292520322646983
0.3016949152542373 0.36610169491525424 0.5559322033898305 0.6338983050847458 0.5186440677966102 0.6711864406779661 0.7728813559322034 0.5084745762711864 0.11864406779661013 0.5593220338983051 0.5254237288135593 0.6644067796610169 0.7152542372881356 0.6644067796610169 0.7389830508474577 0.6169491525423729 0.7322033898305085 0.6677966101694915 0.2644067796610169 0.7762711864406779 0.5694915254237288 0.17288135593220344 0.5864406779661018 0.5084745762711864 0.711864406779661 0.7932203389830509 0.3152542372881356 0.7966101694915254 0.7559322033898306 0.5627118644067797 0.7796610169491526 0.3898305084745763 0.6474576271186441 0.488135593220339 0.6542372881355933 0.37966101694915255 0.43728813559322033 0.4542372881355932 0.7627118644067797 0.43050847457627117 0.6711864406779661 0.5559322033898305 0.7152542372881356 0.7118644067796611 0.4949152542372882 0.6542372881355932 0.7898305084745763 0.7966101694915254 0.752542372881356 0.7559322033898306 0.7491525423728813 0.6440677966101696 0.6644067796610169 0.623728813559322 0.6338983050847458 0.5932203389830508 0.5694915254237288 0.7661016949152543 0.6406779661016949 0.511864406779661 0.34237288135593225 0.4576271186440678 0.7423728813559322 0.39999999999999997 0.511864406779661 0.7423728813559322 0.6101694915254237 0.752542372881356 0.5864406779661017 0.5389830508474576 0.6237288135593221 0.7152542372881356 0.37966101694915255 0.5966101694915253 0.4440677966101695 0.5796610169491525 0.6033898305084746 0.6237288135593221 0.4338983050847458 0.7932203389830509 0.7491525423728814 0.7728813559322034 0.7796610169491526 0.7186440677966102 0.7016949152542373 0.4576271186440678 0.4101694915254237 0.6711864406779662 0.6847457627118644 0.46101694915254243 0.7050847457627119 0.4847457627118644 0.5186440677966102 0.6847457627118645 0.7627118644067796 0.47796610169491527 0.7084745762711864 0.5796610169491526 0.735593220338983 0.3898305084745763
0.010000000000000004 0.010000000000000004 0.010000000000000004 0.010000000000000004 0.010000000000000004 0.010000000000000004 0.010000000000000004 0.010000000000000004 0.010000000000000004 0.010000000000000004 0.010000000000000004 0.010000000000000004 0.010000000000000004 0.010000000000000004 0.010000000000000004 0.010000000000000004 0.010000000000000004 0.010000000000000004 0.010000000000000004 0.010000000000000004 0.010000000000000004 0.010000000000000004 0.010000000000000004 0.010000000000000004 0.010000000000000004 0.010000000000000004 0.010000000000000004 0.010000000000000004 0.010000000000000004 0.010000000000000004 0.010000000000000004 0.010000000000000004 0.010000000000000004 0.010000000000000004 0.010000000000000004 0.010000000000000004 0.010000000000000004 0.010000000000000004 0.010000000000000004 0.010000000000000004 0.010000000000000004 0.010000000000000004 0.010000000000000004 0.010000000000000004 0.010000000000000004 0.010000000000000004 0.010000000000000004 0.010000000000000004 0.010000000000000004 0.010000000000000004 0.010000000000000004 0.010000000000000004 0.010000000000000004 0.010000000000000004 0.010000000000000004 0.010000000000000004 0.010000000000000004 0.010000000000000004 0.010000000000000004 0.010000000000000004 0.010000000000000004 0.010000000000000004 0.010000000000000004 0.010000000000000004 0.010000000000000004 0.010000000000000004 0.010000000000000004 0.010000000000000004 0.010000000000000004 0.010000000000000004 0.010000000000000004 0.010000000000000004 0.010000000000000004 0.010000000000000004 0.010000000000000004 0.010000000000000004 0.010000000000000004 0.010000000000000004 0.010000000000000004 0.010000000000000004 0.010000000000000004 0.010000000000000004 0.010000000000000004 0.010000000000000004 0.010000000000000004 0.010000000000000004 0.010000000000000004 0.010000000000000004 0.010000000000000004 0.010000000000000004 0.010000000000000004 0.010000000000000004 0.010000000000000004 0.010000000000000004 0.010000000000000004 0.010000000000000004 0.010000000000000004 0.010000000000000004 0.010000000000000004 0.010000000000000004
-----
100
4694
0.4
-2.270947256917755 -1.5828591052527323 -3.203623152525591
-3.5444972973245665 -3.0235387780602854 -3.123434596467524
-4.697725919102816 -3.3111229668412605 -4.150492832797058
-3.6882734184250565 -2.8118363046460604 -3.26856847422077
-4.485270643843656 -3.646236815419227 -3.927801715567293
-4.051169316893029 -4.197665563118719 -2.77887758004966
-4.9081887526472485 -3.1834293737762036 -4.4325198007914945
-2.130868383243075 -1.7531688377843024 -2.977924560523913
-1.847432399255336 -2.335529664954351 -2.6205669377132796
-5.4635802240458675 -4.620895886671958 -4.0470519257532604
-5.622834092980251 -3.7515312519895847 -4.633968315444692
-3.779358243995769 -4.458402307885742 -2.7102747514259558
-1.9264537681335803 -1.767128318975753 -2.9138706073065777
-5.498493927943555 -3.892850121128573 -4.006187733304392
-4.521069521278889 -4.143615455864621 -3.3255315026059935
-3.942772087088561 -4.429937277087904 -2.7257385658022892
-1.9602824287189662 -1.082407129500458 -3.3975568913635597
-5.431706053051327 -5.058691252939537 -2.9592720564557777
-4.024130931396919 -2.2971787585919587 -3.920627865724724
-3.8829633815829427 -3.467327499124641 -2.8314629624422207
-4.07615689823124 -4.550144507407879 -2.9289726925528696
-4.214277591194571 -2.020104856339961 -4.575300740577253
-5.231979750300516 -4.08151701433902 -4.114382057567575
-2.521996377650228 -2.5565485227450893 -2.7347232457953647
-3.376520356690148 -2.42024738239217 -3.3841042456579054
-4.543274022572427 -2.5399046656077138 -4.368375985044097
-3.4309807333534748 -2.6534281751036004 -3.3731051351428682
-3.4009222563642214 -2.736596404180478 -3.08025267876856
-3.647932878071744 -1.5670970826699873 -4.537102535356821
-3.793967023561787 -2.4971990375021917 -3.7815330599109522
-2.775418273762477 -2.7749282320833597 -2.867528466846983
-3.610603786416263 -3.395019856994376 -2.962348447108882
-3.9428933186839976 -4.1283605766917155 -2.714937290119646
-5.739231274232388 -4.98221773812302 -3.980068474759592
-2.141191421386451 -2.087578505371109 -2.9033470474272245
-3.202623190907567 -2.4990554880419285 -3.546312861643713
-4.072364396219024 -4.1011138897458395 -2.8576411088071856
-1.9238059391892568 -2.43596410070916 -2.5926353269991083
-3.32053952633319 -2.1099659781319047 -3.7865273020820447
-3.600047688080647 -3.7434903196527927 -2.8135798366731763
-1.484478149557714 -0.5380532335315484 -3.497239672997282
-2.4331108472663057 -1.1928817031915613 -3.733743892068303
-2.2691491961847334 -2.0022189832926385 -2.896090447260859
-4.162642079308071 -3.8512375500927627 -2.8150663355979955
-3.5868776561734457 -2.5172457558467665 -3.626387045267484
-4.744959445186629 -4.911850006160315 -2.7537306103486197
-2.1580538525509194 -1.9242556128334625 -2.8289367842413093
-3.806386140379442 -4.010439836373511 -3.0358174647193596
-2.9471081164213464 -1.6894174742901624 -3.588812454417743
-3.537905358574435 -2.5411794365008378 -3.519360526802351
-2.8728249754857305 -1.4083883282607517 -3.9956515669170196
-3.343282803718504 -3.4682794585516685 -2.6429345890967397
-3.026880099586458 -1.9665277912769823 -3.584452079749981
-3.444330380000915 -3.108303297075694 -2.806713387719201
-3.4325702663600337 -3.7489548868207416 -2.729571476476167
-3.4672317947710907 -3.1214259782067284 -2.8348886081060423
-3.265704246712196 -3.3416691441519233 -2.984791476427696
-2.247501971682648 -1.575576154019255 -3.2898621999131565
-4.41307062909692 -3.126348479636353 -3.7508914462968925
-3.835406007523212 -2.9185657059568637 -3.4346313293893385
-4.7769244427658375 -2.793558207887364 -4.620921679670034
-3.9697277311117496 -4.8434828207193235 -2.644008398904655
-5.158634101169984 -2.937839601575593 -4.861879706632191
-4.419956237559999 -4.227558677069868 -2.992685504055538
-5.241937248912758 -3.3445599942216635 -4.577701544100904
-5.6693475021593445 -4.418357465804085 -4.3615703101458205
-4.077926538182056 -3.188995450545799 -3.333057353547731
-5.009458674393851 -3.8136797302226673 -4.133290752285124
-3.1910391848228117 -2.091279029258862 -3.3722204879296283
-5.175205346593219 -5.669290585924522 -2.605543572950422
-2.985433593226848 -2.289845723099721 -3.1374007696365473
-3.272231237106581 -3.1547447932645407 -3.02384964438667
-5.638768483578426 -3.729290263689384 -4.311689984292842
-3.9444860578657965 -3.0771431024821743 -3.7948074480263654
-3.7007830744733674 -4.142823943622655 -2.747565599929997
-3.5329735194000533 -4.2262854559531124 -2.5340433565165927
-4.018732726714488 -4.470288872619403 -2.6246770689678924
-3.642280903139856 -3.551958791508535 -2.9899440357973797
-3.599845376774838 -3.355141543594507 -3.0456022438775445
-3.8188772601093337 -3.076980248160585 -3.56905039795433
-4.0950061479303566 -3.7420462353510326 -3.102315617446849
-5.556663516596199 -3.6577016088967795 -4.558655957654653
-3.497010718992671 -2.4357486522512035 -3.6284320333680222
-2.980822764853127 -1.852462475799721 -3.4478143497866554
-1.9836262041449029 -1.9584025744492253 -2.8919091918275246
-2.2808207338287367 -2.578304842202648 -2.6830071480496978
-3.204385124970837 -3.0162901434026956 -2.6594291301485153
-5.701270994878268 -4.129708516745039 -4.373762653365651
-2.226779980231542 -1.1780310875585824 -3.5836681092138294
-2.950696535756785 -2.1706620773137453 -3.5888954490119804
-4.098773158009159 -2.5880960411351164 -4.0403925057994154
-4.397920702314694 -3.916250057548426 -3.4917055712253546
-3.3681408355436493 -3.0633873689370215 -2.807025306183775
-4.839999234026428 -2.7353876117412175 -4.71098742548319
-4.313328597005789 -3.8217581367052507 -2.8928873642874695
-2.8308840855278046 -2.733069513839084 -2.6836821558205104
-3.6737428072966507 -2.6858903430017986 -3.587940282044307
-4.273690610019603 -4.305309972489635 -2.626963922113067
-4.815779378107093 -3.588378297866476 -3.88443066073328
-5.9412825520100245 -4.377886598726715 -4.482424999921998
0.3525423728813559 0.264406779661017 0.2508474576271187 0.26101694915254237 0.34576271186440677 0.38305084745762713 0.13898305084745766 0.3762711864406779 0.35593220338983056 0.2576271186440678 0.2305084745762712 0.3050847457627119 0.29491525423728815 0.30508474576271183 0.36271186440677966 0.16610169491525428 0.37627118644067803 0.39999999999999997 0.1694915254237288 0.2033898305084746 0.3593220338983051 0.264406779661017 0.3898305084745763 0.264406779661017 0.3491525423728814 0.3220338983050848 0.288135593220339 0.33220338983050846 0.376271186440678 0.1423728813559322 0.15254237288135591 0.32881355932203393 0.3423728813559322 0.34576271186440677 0.33220338983050846 0.2576271186440678 0.30847457627118646 0.34237288135593225 0.3220338983050848 0.1694915254237288 0.37966101694915255 0.38983050847457634 0.3152542372881356 0.2983050847457627 0.14237288135593218 0.3728813559322034 0.37966101694915255 0.2169491525423729 0.3152542372881356 0.08813559322033904 0.288135593220339 0.3152542372881356 0.18983050847457628 0.3389830508474576 0.2169491525423729 0.3152542372881356 0.3220338983050848 0.31186440677966104 0.3186440677966102 0.2508474576271187 0.21016949152542375 0.23389830508474574 0.3559322033898305 0.3898305084745763 0.22711864406779658 0.34237288135593225 0.36271186440677966 0.3762711864406779 0.3932203389830508 0.2745762711864407 0.37966101694915255 0.3322033898305084 0.1898305084745763 0.3389830508474576 0.2169491525423729 0.37966101694915255 0.264406779661017 0.39999999999999997 0.3525423728813559 0.36949152542372876 0.22033898305084748 0.25762711864406784 0.3254237288135593 0.3050847457627119 0.34237288135593225 0.2542372881355933 0.39661016949152544 0.19661016949152543 0.28135593220338984 0.27796610169491526 0.0847457627118644 0.23728813559322032 0.29152542372881357 0.33220338983050846 0.28135593220338984 0.3355932203389831 0.29491525423728815 0.25762711864406784 0.3593220338983051 0.3220338983050847
0.009417449699272565 0.008352196674237821 0.0104746190519733 0.00847969736733365 0.009847197969882447 0.009192795647962507 0.011621160143923183 0.009375605837242212 0.009455704818469251 0.013738344567644188 0.015166783497855487 0.009243001872892264 0.00955286305032598 0.012499366755191258 0.009515323466927284 0.009329926459592807 0.010476588275163397 0.013120541211520375 0.009414765660446238 0.008768869651389172 0.009377226808539653 0.011199707828754448 0.012206411797102216 0.008749175079341233 0.008533571737242944 0.010752809171933159 0.00841752775059391 0.008418808057061914 0.011130080615050416 0.008945627661258865 0.008436753712436075 0.008423005604003386 0.009131727782243587 0.015654683224662715 0.00907037310023922 0.008517534694529224 0.00906724286853041 0.009369078767988651 0.009005868484065553 0.008590816272240264 0.012462458294767097 0.010213559408186194 0.009095096718253934 0.009128651598999471 0.008676529876894268 0.011078120045434998 0.009308944913346955 0.008664350693782233 0.009215456461373573 0.008572800721029663 0.010077730266186271 0.008675170687878868 0.008911419395224296 0.00854282671258138 0.008610397142433663 0.008515092814881445 0.0082659970554178 0.009438109990068676 0.0093287823452921 0.00855853557901732 0.011919973172294008 0.00994881243807525 0.01392049001981651 0.009472924858513934 0.013087611165977446 0.015385509642985653 0.008692341078888102 0.011381303308855253 0.008739770215173406 0.01437616778374693 0.00856058394391383 0.008259453082801078 0.013753886446474378 0.008919565231972855 0.008897947519744027 0.00919911251456244 0.009603318247697926 0.00842930825152129 0.008364986158117827 0.008591619682141416 0.008775236708858146 0.014379976883737976 0.008684230345949213 0.008960675518153523 0.00931351531856442 0.008896734429135189 0.008692070329146505 0.014899622253951628 0.01021284699086778 0.008749026121075667 0.009502397626395721 0.009286014984643206 0.00851711941938723 0.012390941930687207 0.009227673749571678 0.008700264166561122 0.008614293697240016 0.00979650887496228 0.010251124681222154 0.017264177788502262
-----
100
146535
0.1
-3.709894121931582 -2.6166666456909766 -3.8119873463181673
-4.039167951425409 -2.73679514961425 -4.044248664326954
-3.7909022189414956 -2.4159040801207876 -3.9434208112664484
-4.756438162993056 -3.2447894267446644 -4.354494286268952
-5.633552349784333 -4.104821696130206 -4.370640848916927
-3.15013008765524 -2.3819020943176246 -3.354035736408266
-3.4522139533156753 -3.191466830706547 -2.879519139838876
-4.332491762611246 -2.902176454222735 -4.047008873722521
-3.192727545700026 -3.251104794563406 -2.7972710650671013
-3.197664464436202 -2.315518580928043 -3.4710212324951772
-3.2002879626018994 -3.0000689536684293 -2.8406921029545016
-3.6501254675930355 -2.4431974249643935 -3.9013907958939162
-4.3576490861171555 -2.444135575499965 -4.2419323433859475
-2.9573222147452496 -2.441694524682323 -3.095201983643571
-3.552032577408297 -2.540221120335527 -3.5318970385318194
-3.312662610048319 -2.669352357966975 -3.4728889595999597
-3.628578630299426 -2.8825333793702796 -3.396693301158054
-3.6524494664113667 -3.0765549503777416 -3.157070993736215
-5.3738190899506035 -3.9263847099386093 -4.328641730011379
-2.963392608143332 -2.5767671789185473 -3.1421672858342276
-3.16777232931518 -2.623627225724909 -3.2763416355480466
-4.025840381436323 -2.5696361284974563 -3.8046061544841594
-3.4942677230732477 -2.9818854139783615 -3.234302694925989
-3.703942065161433 -2.5532263455397213 -3.7667608468171054
-3.011911150236519 -2.5178732227020757 -3.1246832280770462
-3.50598398773062 -3.12256128335544 -2.9565006757030527
-4.789615250375924 -3.2997456683558104 -4.334056770711482
-3.6411674432082775 -2.4017828127380527 -3.7911226061994565
-3.126152245008279 -2.5322589872552643 -3.2651404137291817
-4.586627721127961 -3.0573838335237724 -4.062432907831163
-3.210669614301797 -2.6621823689775157 -3.303800999355275
-4.172441859618256 -3.0660877055956215 -3.898846029493405
-4.1313213854064905 -2.570415061564445 -4.115021525087649
-3.3668522031591452 -2.432535597279001 -3.4850236718655765
-5.692759346573214 -4.146471038254787 -4.379981903761129
-4.760530585783785 -3.335941761067326 -4.326825237057376
-2.9663758157849536 -2.2659316881718246 -3.2686759421993017
-4.565365808191246 -2.9114681240893763 -4.08317483385502
-3.6173556885307665 -2.6535332509416487 -3.540097571233218
-5.352189033964487 -3.701787110124613 -4.436036245469991
-5.236504171798935 -3.596497113297379 -4.370430263645722
-3.1690492568392044 -2.8050110521673375 -3.2754787686676172
-3.4206443108940685 -2.7213511895520077 -3.074256920405915
-3.2021843374196575 -2.606413335982211 -3.23923058363495
-3.4175488450335156 -2.535269490283737 -3.551423323664501
-5.562155964179122 -4.005817515118236 -4.395117238710318
-4.887133835607436 -3.3968693958586598 -4.3606310610472665
-2.8716602442206938 -2.5342911844957072 -3.004046631022753
-3.4170669019285635 -2.5016702875027854 -3.4434655727841808
-3.2456005414264837 -2.4225501770126465 -3.4826602818954306
-3.5750180753429346 -2.9059286072456 -3.19313339355505
-3.105059992507746 -2.9772597552358686 -2.8200397722415227
-3.1384157420606824 -2.517181225770087 -3.2360493218181245
-4.421492167737157 -2.622144495648535 -4.289515359674683
-3.93301100442564 -2.9186561255603314 -3.740558077213663
-3.045712999683576 -2.9089556123491613 -2.886502842616473
-2.797525410511432 -2.4980407085696443 -3.0115075174128902
-3.2530724886978413 -3.086001294492724 -2.8749992992523876
-3.0247189671831047 -2.81452811129785 -3.0581188050568606
-3.3083516295099757 -2.356699171684138 -3.5169055578629442
-3.142748023015725 -3.12956919476161 -2.8131931190860584
-3.1065142287619167 -2.727423990279695 -3.2292675119610483
-3.2863278213242655 -2.842501656657599 -3.220852629752721
-2.848429620262209 -2.2900800773751184 -3.1502534123572836
-3.941636423709003 -2.646080142581668 -3.705803608091205
-4.446720958233977 -2.9684275102432607 -4.230309438657208
-2.950178827811075 -2.1836458544421062 -3.3417725549450954
-3.4540865940572507 -2.819997424120812 -3.335218558373448
-3.781194403157891 -3.01586575590805 -3.469880375292841
-3.7130754719416097 -2.792568042336984 -3.5859846491463614
-3.180811268355714 -2.7308320258505487 -3.1210435720701026
-3.64467891324694 -2.2164385311958488 -3.8744341394321813
-2.9249279991435837 -2.1471598071451634 -3.3474261615315997
-3.7539809759631115 -3.106109636108208 -3.7691363787497965
-5.461648172646065 -3.9191214083705868 -4.402680583182586
-3.02911880885349 -2.1616479720081383 -3.519565077593952
-3.9081661929536176 -2.6882427264198068 -3.969541497669862
-5.431636496527109 -4.021057702507125 -4.332322847264064
-3.5210756404851864 -3.0522407306551385 -3.184106031900848
-3.339477620382738 -2.404030269846693 -3.6565593149112363
-4.041707140351058 -2.1695630946944187 -4.087809710098634
-3.214405296330832 -2.6112945126843976 -3.234111840411557
-3.353198144392922 -3.023707909189771 -3.142466589696294
-4.782292252612025 -2.802457054673015 -4.206694648554773
-3.6764613198220673 -2.5069185963951797 -3.686871887561334
-3.262422488431967 -2.395346746703546 -3.51660255363998
-3.3102354355128325 -2.5766648403438794 -3.307477061129269
-3.6705268954039254 -2.3279674918705067 -3.9336115374190896
-3.624016302719563 -2.525266668535267 -3.658579683939147
-3.6953645456913367 -3.200179700190018 -3.1205704126304914
-3.3451530210095552 -2.6334583271807 -3.412682013675677
-3.460901205677959 -2.3963872571127767 -3.571596563628653
-3.7224835051612635 -2.525683044374681 -3.803323957826735
-3.3379579039772267 -2.1933378262047634 -3.5786297464442383
-3.3392991198208954 -2.4438253600051625 -3.436525625025861
-3.4031743982384333 -3.475237507975579 -2.8550294651518455
-3.9695931034110616 -2.7911198562543658 -3.8551817141594995
-3.3555658507054074 -2.887275238196539 -3.1008494583031907
-4.84000842363137 -3.25742973118027 -4.377352171899265
-4.19730292051282 -2.79596511608439 -4.253194629442991
0.09491525423728814 0.06779661016949157 0.07457627118644061 0.08135593220338982 0.09152542372881356 0.07457627118644067 0.08474576271186442 0.08474576271186446 0.08135593220338988 0.0745762711864407 0.08474576271186442 0.06779661016949151 0.07457627118644072 0.09830508474576272 0.07118644067796609 0.0949152542372882 0.09830508474576272 0.08135593220338988 0.07118644067796612 0.07457627118644067 0.0949152542372882 0.06440677966101695 0.07118644067796609 0.08135593220338988 0.08135593220338988 0.09830508474576272 0.09830508474576272 0.06101694915254241 0.0847457627118644 0.08135593220338982 0.0847457627118644 0.09152542372881353 0.0847457627118644 0.0847457627118644 0.08135593220338982 0.0847457627118644 0.07796610169491525 0.06779661016949157 0.09152542372881356 0.09491525423728808 0.09152542372881356 0.09491525423728814 0.06779661016949157 0.07118644067796609 0.09152542372881356 0.09152542372881356 0.0847457627118644 0.0847457627118644 0.0847457627118644 0.08813559322033904 0.06440677966101693 0.09830508474576272 0.05084745762711862 0.0949152542372882 0.0847457627118644 0.07796610169491526 0.08135593220338982 0.07457627118644072 0.06440677966101693 0.08135593220338982 0.09830508474576272 0.09491525423728808 0.0711864406779662 0.07457627118644068 0.07118644067796609 0.08135593220338982 0.08135593220338977 0.0847457627118644 0.09830508474576272 0.08813559322033904 0.06779661016949157 0.06101694915254241 0.09152542372881356 0.0847457627118644 0.09152542372881356 0.08135593220338982 0.09491525423728814 0.0711864406779661 0.09830508474576272 0.09830508474576272 0.08813559322033898 0.06779661016949154 0.09830508474576272 0.08813559322033898 0.07796610169491525 0.09830508474576273 0.06440677966101704 0.09491525423728808 0.07457627118644072 0.07796610169491525 0.0847457627118644 0.06779661016949153 0.05423728813559322 0.0847457627118644 0.057627118644067776 0.08135593220338982 0.08813559322033901 0.09491525423728808 0.08813559322033904 0.08135593220338985
0.009726428036864755 0.010086567621165046 0.010491750017398096 0.010517572329810662 0.011855213802083093 0.00990650171748545 0.00964924232560543 0.009769619864379311 0.010283965606907157 0.010046793271082157 0.010106322261412611 0.010375367234881522 0.011617281293347747 0.010284474944790322 0.009410064144619599 0.009388334697784237 0.00888805941341005 0.008913849717558254 0.010931394545318154 0.010022232915891337 0.009546674808933064 0.009710784556846718 0.008957359563879637 0.009717377351919167 0.010035921926650945 0.009384212909660735 0.010390667112122044 0.010114699703054033 0.009716333223217934 0.009667735839036322 0.00944456561802938 0.009215544761997279 0.010666751016637431 0.009670954517830078 0.012123457129304488 0.010330078774555539 0.010392714621155492 0.009929304021066858 0.009217306967589059 0.011188530877055685 0.010747545057437436 0.009395862057316767 0.0094430877357197 0.009540161304875281 0.009537845007617295 0.011634130496802272 0.010472414006808192 0.010510240839781058 0.009482863090642352 0.009807699715485549 0.008997769543296575 0.010340559058095661 0.009736013119327858 0.011315158030450937 0.009079002874632572 0.010218450806777354 0.010696395344887819 0.009886242108261604 0.009848640033301858 0.009900181020520971 0.01028112028910129 0.009561633266733307 0.00924067357503722 0.010656384175944056 0.00937643183668222 0.01031604996137999 0.0105889713506907 0.00904759229291653 0.00875701828757135 0.009056154807811601 0.00956281120142243 0.010850785014620763 0.010717340317308388 0.00915904222167208 0.011357777229704321 0.010683145487671563 0.009972135425793342 0.011150799771442375 0.008956334835497758 0.010029950781045138 0.011816202738884406 0.009523502964039043 0.009162774111266429 0.01071331190540103 0.00963940748993493 0.00987685254485716 0.009434493125504992 0.010750847024764617 0.009578511696623354 0.008918946511380563 0.009344568601193365 0.009771726372898797 0.009850616441447935 0.010330851179890006 0.009636212917309815 0.009874400395549368 0.009453274689792058 0.009284102179755558 0.010631383589420949 0.010803589075663166
