3
100 100 100
891 3206 187938
0.8 0.4 0.1
-----
100
891
0.8
-3.266662260820956 -3.1059858084324405 -2.9703784205400137
-3.3725303323013396 -1.6397850710107793 -4.370958830324588
-3.73045458527675 -5.292199947174412 -2.6710624593387906
-0.253104329875125 -1.075575659994712 -2.5097307783149474
-3.016519492426176 -2.530667453436832 -3.3343472481373864
-1.621726896463806 -0.43745861615554116 -3.8571286024392886
-5.349879037354267 -2.9686082736043824 -4.7130856530759395
-5.431071169968739 -4.389009470928208 -2.7380626215205166
-4.0492730568859825 -5.914535980338148 -2.448630427098941
-5.0077859995039 -3.2669966269573707 -3.8020694308116623
-2.96325654225602 -0.24463456296247443 -5.393964056416064
-2.6981072366299066 -0.8605082706925682 -4.145192189395077
-4.179056222326976 -1.1328894619599037 -5.375778164169718
-2.8325077877773475 -0.07475432408590166 -5.139151039181446
-0.2043990968839342 -1.9310816907962414 -2.240823291375159
-1.4737664047844428 -0.8757992957826968 -2.916430021310556
-3.241459361033991 -5.271878174625797 -2.4276721602508564
-1.0420950702488412 -4.870306410502211 -2.4201148428537933
-4.222029503237057 -3.5020155124591925 -3.1841889436551694
-4.817070135655426 -5.8301813690889395 -2.818939139514538
-5.831395807600023 -4.928889300131585 -4.275021701514905
-1.3902340555207369 -0.11926087698167986 -3.863424062820954
-4.3975967655526915 -5.737662069958214 -2.4199690123917765
-2.7864892039728173 -3.740147016405929 -2.221177273068773
-0.8543537095217602 -5.7275180959359435 -2.249457549132093
-3.633753569351528 -3.9569197701146765 -2.869312059928311
-4.084860302676452 -1.952232140798447 -4.899143677987103
-3.0314576318680864 -2.428942199098939 -3.584779480910933
-4.947936931877938 -4.961013040082914 -2.511875344360852
-5.152315256223071 -3.3641198483517 -4.771437876994437
-5.912820340713638 -4.81659147244929 -3.866944231944127
-3.984018404964769 -3.538649731372093 -3.0093828909436513
-0.9192343668899614 -4.279511342878567 -2.5792557822115216
-0.3819870854924634 -5.52720807494917 -2.3746621520078426
-1.036470381388309 -2.467992634523651 -2.7976816340698156
-5.754178920780363 -5.212664148651616 -4.058689033165297
-2.994794525245183 -1.4362839706307167 -3.612234833393987
-3.554451177554653 -5.601048228276046 -2.7100427903668485
-3.5740226529467525 -5.861894215773906 -2.6734528023847273
-2.2068375678090444 -1.6683671819663175 -2.831107762419508
-4.131614050727869 -2.3243449956746254 -3.39334754356298
-0.06643849172845506 -1.3499478957347932 -2.2241099277838
-3.3006454168821926 -5.294225138260481 -2.327399185955116
-0.2561170185990198 -2.5830394927077154 -2.289659421006143
-4.295364969346886 -2.527917405102204 -3.4590159232590847
-3.3621685382760953 -4.604052162398416 -2.6882180865211565
-3.892454427226743 -4.845903488583515 -2.7197884140520285
-0.25430403669943935 -5.272394200445856 -2.4233850416157883
-4.827161333380082 -2.2911573021317877 -4.892092796782077
-3.864204113798917 -5.3335527485206855 -2.601056448291489
-4.581863539970384 -4.263003805209658 -2.5685385430071235
-1.5304203231001168 -3.699231907361881 -2.7990294098854
-3.285480737410427 -1.8333330766767215 -3.461021409335387
-3.2416760738402646 -4.549370568076167 -2.6427944962784555
-1.5223675546825426 -4.569776803311623 -2.4159144275584916
-1.1192156166518359 -1.3021824114262728 -3.0520471546715218
-1.5162077413638322 -1.4104984373581928 -2.4776958493547494
-0.9101864107411703 -3.691594512722899 -2.6162493581900867
-3.369385261307052 -4.156059177094369 -2.8490282173558192
-1.4702123252819623 -5.366450541378448 -2.5360485687741163
-2.300806608398359 -3.386479934659621 -2.7909079440734454
-2.526142386210345 -1.606597115138598 -3.7018185341853944
-3.044990690152405 -1.6664084994558337 -4.176439447340124
-3.256020931229997 -3.1343956567316082 -2.888836095555133
-2.5465449785643317 -5.61201396733656 -2.473618159854065
-2.4543428764818365 -3.888308840383877 -2.284362648681024
-4.688205456324381 -4.903740789758984 -2.3809412500908853
-0.37916038725408363 -3.2603093586587413 -2.8157187357234164
-2.517887136459445 -2.3825681262296783 -2.7070635330123194
-3.7057176204759705 -1.2469408243726239 -4.852538603993594
-2.0503233821046645 -2.230535180161852 -3.0709950844312015
-4.011102720040337 -1.3773564400613347 -5.4099595357394215
-4.9001172535356075 -2.9044243503668934 -3.618676878978924
-3.3349067030129524 -5.96117710442439 -2.2552638663752305
-1.8209795019067538 -4.251060441834426 -2.660331008994762
-2.588699022599267 -1.3546618108905912 -3.544602788269205
-5.927794313219831 -4.756958021059695 -4.243464955581202
-0.31210289344727826 -5.061070000413604 -2.2512457247637285
-2.8502234519007033 -2.543521051628366 -2.6201223468923445
-2.379061993880732 -4.552434758870214 -2.426909907564434
-2.043668415062161 -0.6046068518182555 -3.90030072749378
-3.4895034268673633 -2.7654050169770277 -3.606551563592667
-2.887318596270197 -3.487852529733793 -2.3203968039939338
-3.166386289412644 -5.767981818579744 -2.7371810666763614
-4.4880311111819875 -2.085435164821694 -4.856685020702399
-0.42162037389198836 -0.9921955748877993 -2.90296525877163
-0.810074700356525 -5.584884933301733 -2.3716326297506
-3.4101762536818763 -0.669044339795434 -5.35763931629926
-1.161228317261278 -0.7392410645221794 -3.3035211104835045
-4.752961214877342 -2.19706340895066 -5.214593783717815
-3.8984758406918116 -1.2689922189162521 -5.11733304748494
-4.533006449017492 -3.867750046919732 -3.1496283653605186
-3.780533079365119 -2.828704337093677 -4.136796175707936
-1.9423801991898424 -5.264469498036668 -2.2411494545704045
-1.908082678312299 -5.335319864529104 -2.3876557082622134
-4.513820389490878 -1.8101060836334497 -5.260620971725791
-2.932329872212473 -2.945957540658142 -2.8060398040694046
-0.29726605640258175 -5.00678053957577 -2.652594911084291
-5.361438502219122 -3.30358839606957 -4.9823789510825565
-2.3478838443933374 -3.247243547754927 -2.7402202507214883
0.236 0.576 0.664 0.528 0.528 0.64 0.64 0.544 0.54 0.572 0.684 0.728 0.6719999999999999 0.616 0.744 0.724 0.5760000000000001 0.56 0.6479999999999999 0.78 0.408 0.564 0.5640000000000001 0.772 0.732 0.564 0.72 0.36 0.784 0.696 0.628 0.624 0.5599999999999999 0.604 0.756 0.244 0.776 0.704 0.66 0.6719999999999999 0.764 0.776 0.6719999999999999 0.704 0.664 0.6040000000000001 0.484 0.5640000000000001 0.43600000000000005 0.592 0.52 0.772 0.596 0.46799999999999997 0.5640000000000001 0.796 0.772 0.6 0.508 0.46799999999999997 0.656 0.644 0.412 0.18400000000000005 0.5 0.708 0.772 0.792 0.46399999999999997 0.644 0.7799999999999999 0.732 0.648 0.732 0.648 0.576 0.096 0.728 0.6160000000000001 0.556 0.41200000000000003 0.15200000000000002 0.6799999999999999 0.72 0.5880000000000001 0.776 0.604 0.644 0.7 0.588 0.528 0.532 0.676 0.748 0.6 0.572 0.244 0.644 0.764 0.628
0.010000000000000004 0.010000000000000004 0.010000000000000004 0.010000000000000004 0.010000000000000004 0.010000000000000004 0.010000000000000004 0.010000000000000004 0.010000000000000004 0.010000000000000004 0.010000000000000004 0.010000000000000004 0.010000000000000004 0.010000000000000004 0.010000000000000004 0.010000000000000004 0.010000000000000004 0.010000000000000004 0.010000000000000004 0.010000000000000004 0.010000000000000004 0.010000000000000004 0.010000000000000004 0.010000000000000004 0.010000000000000004 0.010000000000000004 0.010000000000000004 0.010000000000000004 0.010000000000000004 0.010000000000000004 0.010000000000000004 0.010000000000000004 0.010000000000000004 0.010000000000000004 0.010000000000000004 0.010000000000000004 0.010000000000000004 0.010000000000000004 0.010000000000000004 0.010000000000000004 0.010000000000000004 0.010000000000000004 0.010000000000000004 0.010000000000000004 0.010000000000000004 0.010000000000000004 0.010000000000000004 0.010000000000000004 0.010000000000000004 0.010000000000000004 0.010000000000000004 0.010000000000000004 0.010000000000000004 0.010000000000000004 0.010000000000000004 0.010000000000000004 0.010000000000000004 0.010000000000000004 0.010000000000000004 0.010000000000000004 0.010000000000000004 0.010000000000000004 0.010000000000000004 0.010000000000000004 0.010000000000000004 0.010000000000000004 0.010000000000000004 0.010000000000000004 0.010000000000000004 0.010000000000000004 0.010000000000000004 0.010000000000000004 0.010000000000000004 0.010000000000000004 0.010000000000000004 0.010000000000000004 0.010000000000000004 0.010000000000000004 0.010000000000000004 0.010000000000000004 0.010000000000000004 0.010000000000000004 0.010000000000000004 0.010000000000000004 0.010000000000000004 0.010000000000000004 0.010000000000000004 0.010000000000000004 0.010000000000000004 0.010000000000000004 0.010000000000000004 0.010000000000000004 0.010000000000000004 0.010000000000000004 0.010000000000000004 0.010000000000000004 0.010000000000000004 0.010000000000000004 0.010000000000000004 0.010000000000000004
-----
100
3206
0.4
-3.2536342769884903 -3.44902332306066 -2.765336693341
-4.215589986459261 -1.9430575770294947 -4.510890299597073
-3.1600896075414866 -3.417156350976108 -2.6839253156575085
-4.347428425582846 -2.682894022915473 -4.084333971167572
-4.2496295077944355 -2.8462430960992195 -4.275855150787093
-2.4964457416211023 -3.9694771101531514 -2.5500052333684806
-3.030694641683108 -3.7353993481472125 -2.5894666861166256
-4.2356053986995015 -3.5211072479089918 -3.6409660320219825
-4.271341157545141 -3.0815339862686693 -3.6588428852125947
-4.518022865627066 -3.9101780107496484 -3.1643925201773495
-1.2137547992027282 -1.0379443307553917 -2.8935264158842613
-4.30960379060875 -4.514826776326496 -2.611517511245021
-3.597213989909981 -3.1837030370679305 -3.22034489316656
-3.1814830362114486 -5.612131295040065 -2.5401101436936924
-3.0675689502242687 -2.4910371649627026 -3.050823429187085
-4.6300633959312645 -4.610340151484976 -2.9589432962787257
-3.4122081406701215 -2.7613294309191874 -3.5424130145403216
-3.758380049506613 -3.1825967457360624 -3.444494339961045
-3.363382893758922 -2.3883061794525187 -3.6166403119985855
-4.77999058266227 -2.907421395735406 -4.303701463529475
-5.477891584576347 -3.9688105354537724 -4.376300898381117
-1.890512345411885 -1.8735886185015862 -2.827891339621813
-3.727744026236556 -4.084477325120365 -2.8698011801378254
-3.0361209159281213 -3.302490006384571 -2.821178242617199
-4.438561633763509 -3.164133572243881 -3.7934236379700366
-2.1180430138697695 -3.312293976407088 -2.566970197179926
-3.1076420953750237 -2.975045215596301 -2.779742943676834
-3.7623418186108273 -4.666287824209584 -2.620866256672541
-4.657576585546659 -3.3853970971429663 -3.9274342892139056
-3.862393433118937 -2.334722713250077 -3.589929254496726
-3.565632984364248 -2.91646606454335 -3.3128720191505368
-5.704681260920791 -3.8759717991925404 -4.501945666466341
-2.0973134768468866 -2.4631037306785704 -2.6958448391037146
-3.4721782920420363 -3.9140924357993025 -2.6639673886273747
-1.4721620586681563 -1.4731829270379766 -2.7753876217458373
-1.872126299576206 -1.3159879385022974 -3.156334762857901
-3.384166635074134 -4.023966174832056 -2.5794187169186458
-2.4622311949833824 -2.2603267996970198 -2.9610868318245442
-2.334966162299761 -0.943134920369505 -3.8568596955997485
-3.5996375381369674 -2.178755689952781 -3.6787958287791502
-4.277153731408347 -3.505193666529567 -3.6847202505097587
-4.2053865770309775 -5.176583158524971 -2.6044763502764647
-2.57291921845865 -1.2914309412445375 -3.77257198430475
-3.689720025263235 -2.943190149864279 -3.0625920699007056
-3.1726710098143713 -1.9870518813817006 -3.900158603678578
-2.571373814819308 -1.4525108774217663 -3.6293541608954802
-4.30821275354818 -3.033325723508565 -3.9494565266745947
-4.606814569792666 -3.971299733482408 -3.9305728407360014
-3.712571471084639 -2.7352947069376756 -3.7180399561226967
-3.886124349100509 -3.633079566831812 -3.110738627393875
-1.877472469966123 -2.8013440814330126 -2.6055673572080873
-5.038060487072459 -4.1721776244078566 -4.073382205656608
-4.027642395089517 -5.416283161586255 -2.544770656771211
-3.148804640831692 -2.4049981022398503 -3.2941618302419013
-3.2281722390392478 -2.703054180934749 -3.2549882440402778
-3.651369325261845 -2.4126405427948185 -3.6368970234869518
-1.7578068252362442 -2.0761575171981166 -2.6556580861863437
-5.25425272946406 -3.6165198457062853 -4.542644288520186
-5.474420157353652 -5.083201853385918 -3.848773369381509
-4.12078459323305 -2.705603338781163 -3.9086217928246194
-4.93571304690223 -4.348906958085783 -3.995917668234733
-4.126996665009351 -3.983796321609145 -3.3946529362838334
-3.2317990613936525 -2.1796930523720346 -3.6504886109452737
-2.6252559987970447 -2.5131378036459977 -2.7756899254870304
-2.8774565534356102 -2.371647401816868 -3.133599463366244
-1.6590237505256347 -2.019855648481197 -2.6725747900076726
-1.2438617907968643 -1.493997205882572 -2.7269786487170617
-3.7925913908334556 -4.92495623790075 -2.6059018393250613
-2.4523402453014502 -1.361601856211939 -3.640586951445098
-3.9753791197614983 -4.156222681562369 -2.702208985169821
-4.8710727065353066 -2.717616966897753 -4.564156362920927
-4.71592515316291 -3.464401475193922 -3.8527141076654754
-2.072829996299612 -0.8113039336110102 -3.833917728833373
-2.9485197443469207 -3.7564917975046823 -2.696343368363293
-2.6499243949108693 -3.600048350736401 -2.565085465070611
-5.15431204178999 -4.57105919087103 -4.048074988515286
-3.895486616144903 -2.51737550990919 -4.003349656460784
-5.173698548882858 -4.30310323786168 -4.147684998758697
-5.222200251352252 -4.682693970497507 -2.5717871621359603
-3.541676719906565 -4.003611791698848 -2.7826516614010854
-3.1819808089350015 -2.673862341280212 -2.990845496259208
-3.631274366290136 -4.905830132257979 -2.745377837498781
-3.050982322868724 -1.4709861010446177 -4.063948646346088
-4.077255483255014 -2.0196763863355427 -4.5391682024268345
-3.3998285873058767 -4.255954802870668 -2.625802117190231
-5.414478570436088 -2.6108289857813585 -5.312344334621113
-3.113299646470429 -3.129399438785792 -3.0083183868328573
-5.931985152237507 -3.90241685842956 -4.608993055102866
-3.936294504688001 -2.840420269590623 -3.888539374066774
-3.3040878181323 -2.463973202382462 -3.422198985775046
-4.086126314975246 -4.435378022994846 -2.5773743256575226
-3.9219181867524866 -3.958107359341224 -3.0503332096432985
-4.244396351519638 -5.486617169543098 -2.702962957541794
-3.1758081603537525 -2.31298762521189 -3.3128125806722957
-4.303405979521983 -3.4235841669266875 -3.404904264866739
-4.0562923268864095 -3.308424265566029 -3.199224423556933
-5.470566172621923 -4.341495310831749 -4.002918376716309
-5.572082958517804 -3.269150607885806 -4.870259521535874
-2.857438903734765 -2.4291858260492893 -3.141663331950812
-5.406494896023202 -4.232514476827497 -4.141372870927426
0.21199999999999997 0.31599999999999995 0.28400000000000003 0.24 0.18800000000000003 0.388 0.33599999999999997 0.376 0.12000000000000002 0.328 0.392 0.32799999999999996 0.244 0.392 0.36799999999999994 0.392 0.36 0.22000000000000003 0.296 0.328 0.156 0.328 0.29599999999999993 0.38800000000000007 0.16800000000000004 0.36 0.22800000000000004 0.31999999999999995 0.268 0.312 0.15599999999999997 0.30400000000000005 0.36 0.28400000000000003 0.392 0.344 0.356 0.24000000000000002 0.36 0.3320000000000001 0.18400000000000005 0.344 0.348 0.26 0.372 0.36 0.31200000000000006 0.38399999999999995 0.22799999999999998 0.252 0.38 0.388 0.38 0.3360000000000001 0.22 0.36799999999999994 0.356 0.3480000000000001 0.28 0.36400000000000005 0.21600000000000003 0.372 0.19599999999999995 0.28400000000000003 0.19600000000000006 0.36 0.396 0.352 0.33999999999999997 0.26 0.29200000000000004 0.29600000000000004 0.388 0.344 0.36 0.236 0.308 0.264 0.356 0.324 0.32 0.392 0.38 0.16 0.36 0.392 0.124 0.396 0.136 0.14 0.356 0.30000000000000004 0.316 0.26000000000000006 0.132 0.352 0.388 0.308 0.392 0.264
0.008195392328364763 0.011518059776420212 0.008249681827584244 0.010156125029680212 0.01042965415719218 0.008247709209121011 0.008232146745133732 0.0091624022040826 0.009282680815113296 0.00931293744993466 0.012465027033734 0.009573255804574467 0.008328381774698143 0.009767351073689269 0.008558191310092758 0.009877019605903502 0.008591711074784594 0.00854352671085232 0.00888909521910003 0.01129184741985632 0.013853003402683656 0.009762969955668962 0.008398131490381457 0.00811874496245254 0.009653201111695393 0.008478733918824082 0.008366083130382465 0.008898006375163359 0.010206749919268425 0.009259238740902703 0.008452684569373193 0.015150132731677793 0.008972632671510604 0.008351743114116765 0.011061700592409927 0.010618066868102372 0.008403809709525782 0.008820555949583296 0.011522091048112628 0.009259470145946774 0.009269132762243625 0.010015413176187473 0.010497932577921067 0.00855703788476749 0.009562488303358485 0.010051845423923827 0.009746131421036155 0.010372180265232823 0.008947490258323261 0.008455580026963385 0.008906450518203834 0.011774994107285903 0.01018795234000508 0.008629160944808863 0.008402868211385339 0.009040211734483244 0.009785919777126187 0.013496963574037747 0.013913376157837611 0.009571513800953587 0.011528581424651494 0.00887145090380541 0.009065713574730351 0.008681808662877674 0.008607494991240075 0.009944914507471918 0.011449630512234712 0.00916448231159434 0.010281669085269151 0.00881917767970274 0.01231534215331205 0.010186148865564253 0.012105885065715949 0.008089159761929487 0.008236366791107369 0.01254091313459348 0.00961560568735038 0.01251883397397836 0.012170675809015043 0.008291448094253352 0.008463893898417122 0.008868148967350071 0.010501207137321509 0.011381701298443863 0.008396023074265806 0.018258763760641818 0.008124363386917667 0.01679066757624037 0.00930937693949303 0.008670553359633557 0.009232157202548974 0.00850593186051387 0.010457763408068713 0.008731822081912118 0.009047502660673936 0.008712171330831136 0.012985568434970455 0.015995938676555032 0.008546785897774235 0.01306976581324973
-----
100
187938
0.1
-4.289661519344893 -2.7519339257956323 -3.9783563466743574
-5.285277170007256 -4.122092614421967 -4.214198842917099
-3.709191741343874 -2.865807431032816 -3.7291195287915215
-5.9039139932109554 -4.8385469968872705 -4.168915491506719
-3.3389606811727415 -2.8794041190062556 -3.0741822201336033
-3.122055585926102 -2.8712000914550346 -2.955736420748634
-3.9496825680408763 -2.6414648471332614 -3.5853963014553116
-3.2875157295354134 -2.827749055401317 -3.173568429465363
-4.404890893590304 -3.0272232833647044 -3.7700275308721483
-3.6339526398669517 -2.953064823082158 -3.4780445124579376
-3.2783707015856494 -2.7915740684304033 -3.1568097060461415
-4.163939675868173 -3.086764093199336 -3.491832195793957
-3.4251478726505864 -2.9002562583398364 -3.058715994849401
-4.402824110449076 -3.627427830909122 -3.962107852523946
-4.365008924751632 -2.821446942480005 -3.8307575152763924
-4.143237750787891 -3.2274793240122737 -3.9553672701175433
-4.559153610016022 -3.0854995349780205 -4.044147305418749
-4.044629129559056 -3.3484050811459336 -3.493241962495604
-4.477430828281717 -3.865060434057764 -3.760033349674718
-3.7624645633765716 -3.333876530939385 -3.1652841917202617
-3.693951792939883 -2.8776582967087267 -3.4116581801365804
-3.301519589870018 -2.4175805406149116 -3.5890908985474868
-5.580822017235283 -4.442472930284692 -4.234387132494301
-4.3575597221042734 -3.1393789730684984 -3.739037427798462
-4.342085339142226 -3.1901682756002163 -3.8689358239388305
-3.3625661816000583 -2.3136675748254527 -3.6546383513454836
-4.403216642375912 -2.863190453761161 -4.112758428262165
-4.4862971546571435 -2.997277190488146 -3.7218886562134577
-3.291374093904087 -3.130300312322836 -3.08176882533934
-4.233404946882014 -3.252468731761331 -3.77155874705515
-4.479303019362168 -3.033927091315693 -4.073062449374572
-4.471845158111751 -3.1457643469419945 -4.016572849817164
-4.755652871030732 -3.2714877214908893 -3.938572729842908
-4.589190459479694 -3.293262696935695 -4.042049079457066
-3.6030797604059948 -3.175244928319819 -3.1158739578387142
-4.078933961201337 -2.9338969952815637 -3.7716414132495775
-4.030050429493027 -3.0809160146425265 -3.54182433127862
-2.9296328379027816 -2.3083843270408146 -3.269705624890544
-5.453942189339996 -3.1391118289619366 -4.207673837610052
-5.100551363224873 -3.9629955240406756 -4.203376116800415
-4.186308557256615 -2.952807185351941 -4.119448880347989
-4.732347146041949 -3.655704556556745 -4.153535925517839
-5.6713203991100105 -4.444183521475209 -3.999118594241263
-3.3680189843843866 -2.693545287266711 -3.3451889015207192
-3.2490092921961558 -2.9186267827770895 -3.170944033741477
-3.9707943541656503 -2.9952347933395482 -3.852710490362981
-4.610839064287009 -3.555489054074982 -4.184683886552366
-4.945920398126047 -2.728152607806807 -4.0804677783727685
-3.252985818786514 -2.7814295592077283 -3.1671091608401993
-3.7366388684676823 -2.7921361818351156 -3.4472533290133924
-3.8687020583621097 -2.654465498136614 -3.9071875661812197
-3.601796591910559 -2.8246843290253585 -3.5062785452685943
-3.8925928828338554 -2.7697900940139313 -3.6363619351620065
-4.103573960187871 -2.932539578070157 -3.9342928227779126
-4.411944019904082 -3.6068815364284585 -3.6927057863679247
-3.9568592561325793 -3.0507189845583595 -3.606648268758187
-3.7649809634112086 -2.7971341640384213 -3.57577187675758
-4.045823472762508 -3.015676211144731 -3.581404545221082
-5.814380703949361 -4.787490599712558 -4.150028911970475
-3.1945511878031523 -2.4708701240139073 -3.361874548594118
-3.8834009614170575 -3.056652477856804 -3.4184352939524674
-4.740167113166866 -3.4401441793999865 -4.0167939892446585
-3.4910780106464347 -3.0981569137445515 -2.9880919410758775
-4.588751320533191 -2.904210513968061 -4.179923371836742
-4.112878788161104 -3.2669625106615596 -3.5509695296143144
-3.635839236324341 -2.822401269719154 -3.189641308957934
-3.753721838180372 -2.3190369604573466 -4.059784407786569
-3.765259123688243 -3.1771897075798594 -3.4060223973156574
-5.153742302825488 -3.9910060387084996 -4.213419381168446
-3.880676026907534 -3.2165560413983028 -3.2783714817645015
-4.243493516857342 -2.8946135157292847 -3.871024420165699
-5.085426001256917 -3.7653166784709797 -4.277250344837722
-4.6704690388725965 -3.7647713538729692 -3.8819972489153916
-4.233252654823948 -3.3093013423636295 -3.495882665585359
-5.842486634882347 -4.729846029936786 -4.225969402817263
-3.9181047435064373 -3.2317842706345976 -3.3557427661505685
-3.8632148559926804 -3.086876946686898 -3.4625132355795274
-4.630954978934178 -3.5830943797973083 -4.1724249872096415
-3.0934905558071444 -2.813901934142292 -3.0915831995642575
-3.5913437636959014 -3.1375103064815013 -3.0908702440582063
-3.056540305666611 -2.877055960123152 -3.0760463168970222
-3.771402107943184 -3.4436517894646057 -3.167443782517022
-4.218539823567476 -3.043439114916014 -3.8393505963977903
-4.958588816460953 -3.6828403126064906 -4.202993590011346
-3.545227295034583 -2.822847979534644 -3.1910158230088492
-5.465132441778783 -4.150079644801784 -4.275899364383311
-3.9391322388090897 -2.923695362095923 -3.8206475379358276
-4.234251856760694 -3.226790907192587 -3.6306247685100317
-3.64060903316077 -2.983444875742579 -3.3089742142167413
-3.644211809569392 -2.8219160768402505 -3.3582965488855825
-4.711660402523219 -3.711653940177173 -3.9417620744443953
-3.4341072363884457 -2.739992611987549 -3.4007684839394017
-3.0712477404299845 -2.91599232737308 -3.052447683710237
-3.958556026052218 -2.96078504352722 -3.8244096716528966
-3.503875843377254 -2.668565199257023 -3.6330037779603574
-3.8882227988579174 -2.8910849374028778 -3.5556149391435103
-4.658031225464549 -3.767865321944191 -3.932764579546822
-4.89451151902563 -3.635639899048657 -3.93225891426549
-3.9261873994371714 -2.996278405192651 -3.60780841096898
-4.47954384122581 -3.1488773003368444 -3.9051260750322605
0.09199999999999997 0.08 0.09599999999999997 0.064 0.09199999999999997 0.09999999999999998 0.07599999999999996 0.09599999999999997 0.09600000000000003 0.08399999999999996 0.07199999999999995 0.08799999999999997 0.09199999999999997 0.07599999999999998 0.08000000000000002 0.09200000000000008 0.08000000000000002 0.08799999999999997 0.092 0.09199999999999997 0.09999999999999998 0.08799999999999997 0.092 0.06799999999999995 0.08400000000000002 0.096 0.092 0.09599999999999997 0.08399999999999996 0.09199999999999997 0.088 0.09599999999999999 0.068 0.08399999999999996 0.07999999999999996 0.09200000000000003 0.052000000000000046 0.09199999999999997 0.09200000000000003 0.07599999999999996 0.08000000000000002 0.09599999999999997 0.08 0.08800000000000002 0.08799999999999997 0.07599999999999996 0.09999999999999998 0.08800000000000008 0.07599999999999996 0.07200000000000006 0.09199999999999997 0.09199999999999997 0.09599999999999997 0.084 0.07200000000000006 0.06 0.06800000000000006 0.07200000000000006 0.09199999999999997 0.07200000000000006 0.07600000000000001 0.08800000000000001 0.09199999999999997 0.09599999999999997 0.092 0.05600000000000001 0.09999999999999998 0.092 0.08000000000000002 0.08800000000000002 0.08399999999999996 0.096 0.06400000000000006 0.068 0.096 0.088 0.096 0.09999999999999998 0.06800000000000006 0.096 0.09599999999999997 0.096 0.06799999999999995 0.076 0.09600000000000003 0.084 0.08799999999999997 0.06800000000000003 0.06000000000000005 0.07999999999999996 0.068 0.09199999999999997 0.08399999999999996 0.09999999999999998 0.07200000000000006 0.07200000000000001 0.08 0.08799999999999997 0.076 0.096
0.009945388820840747 0.011596000141549798 0.009427904739278592 0.016666596674583544 0.009903529973086165 0.010469553809638493 0.00954074978090323 0.009797646915882502 0.009347565467074666 0.009206567175001495 0.009868968559396151 0.009106580962003346 0.0098641970548886 0.009495706457950752 0.009634481266486184 0.00943841896694746 0.009805008641899024 0.008963419582961546 0.009435069654761945 0.009305180869778301 0.009252384004492615 0.010224240174957147 0.013385881521615762 0.009196254169414003 0.009290847654819788 0.01045050184796913 0.01016670161190522 0.009439437977047752 0.009798678859522097 0.00911543847589311 0.009875090957557248 0.009639630321089953 0.009681288507549962 0.009681517935288526 0.00947478023159505 0.009298082268079275 0.009041993603823838 0.01090586103275065 0.011929517312866188 0.010937960762708575 0.010065142465599954 0.010087484911452237 0.01329941027116924 0.009674551754261351 0.009775991633435635 0.009391766184989487 0.01007776418469208 0.011078055078436498 0.009887626350775055 0.009319220461382447 0.009945768208108578 0.009335326442252441 0.009358605631797837 0.009578900910616148 0.00915240811758332 0.009069000545299776 0.009314037134606667 0.009093727902787918 0.015775587664129082 0.010165765553037696 0.009081640133154762 0.009722155661089655 0.00988574678228235 0.010421932720436622 0.008976711922076597 0.009583872928344844 0.011222590497028352 0.009052339806772057 0.01109874390393303 0.009141042911285414 0.00951473578780353 0.010924587054145016 0.009578192942550216 0.009032536588275698 0.015833792586417334 0.009050360277419683 0.009045408615561416 0.010056683777921927 0.010201238662283259 0.009549301600673795 0.010245231649350466 0.00931015855349496 0.009309046275229332 0.0104570227294783 0.009599640010223216 0.012315252647694834 0.009401836474575992 0.009036968227658636 0.009258216589019742 0.009356182285782081 0.009652557415302217 0.009542278970201441 0.010249341222919138 0.009370122402924579 0.009675812389372495 0.009187586316182 0.009640520098457875 0.009817029691032236 0.009109687302357568 0.009441127437015437
