6
100 100 100
100 100 1197
5.0 1.5 0.8
-----
100
100
5.0
-1.4239166014632065 -2.747875880366735 -0.7476605600003654 -0.42350481962276687 -1.3705450806611297 3.1229294408844566
1.1271560679620087 -0.6173397839738572 -1.3682325999301352 2.7582513592642535 -0.6382595754611988 0.24277566827793917
-2.759147598820282 1.5165111028483054 2.4731691708492267 -1.7120188251912678 -0.7095655456579841 1.9374024215300212
2.0516286250470213 2.84369617454872 1.0655315531394027 -1.8748194754931835 -0.7058477864297017 4.147479438008526
1.3512653466313358 1.8652850931814422 -1.1899754557106852 -1.8262343669203096 -2.112807652754174 1.4549624107050496
0.5508300142005496 -1.1318221557086083 -2.4743316314273027 0.4889596535467531 0.11170858083425461 4.13668418782483
0.8258946393450004 -0.9790621259591825 -1.402292643969424 -0.5122134717131126 0.2908127268512013 2.5300081310818134
-0.7197464459196969 -0.020321288552484607 -0.3067730225758796 -1.0978797922444814 -2.553063089640565 0.33889908242767053
0.47738620888292704 -0.9119585126446283 -0.7089957871299104 -0.1660155665808607 -2.321484082449154 2.729546101194292
0.9698781646675982 -2.194950006864135 -0.6949984743270661 -1.0324747429036791 -1.8486992426272635 2.0298716527023917
-0.012059193876720276 -1.957861611396269 -2.4907639137057074 -2.7487470394566182 -2.4682587196725128 4.206942043044213
-1.2156569400279653 2.9030027265034715 0.9687037518813741 -0.25584013430173247 -1.8318824673631422 2.6575465977156387
-0.13295248936373216 -0.08228184123556215 0.890964381882549 1.3970370906872827 -0.7667006434771939 1.3306298490411816
1.876657824090973 -1.8174458512184803 -1.1313367811506851 -0.5741201383406165 -2.4692106043096302 0.3822587444653891
-2.1087623535431637 -2.8313384692521124 1.0062100383111297 1.6064737440893495 -2.44452467806786 1.9778411224818637
1.7287167205035638 -0.7114907115961961 0.779395792203756 1.3269631150120684 -2.4036562118762195 4.827226138790623
1.9485965127687974 1.055281275721553 0.686908059159562 -2.5955077699622935 -2.726506710610179 4.489688974780045
1.2787254067193574 -2.903973601618002 1.1815933948539863 -0.6206805877989696 -1.7746535291891485 4.599360204836929
-1.406423478778914 1.752973150348918 -1.0998817958344111 -2.20068996653465 -1.5028215695888574 2.702589715880804
0.2588486294119061 -0.4007211224018308 -1.0895452285133151 -2.9852904419759048 0.19887035445670875 3.099258820068893
1.735156930510751 -2.377078495631032 -0.19969109557172793 -2.9311023879531475 -0.7657950038970949 2.9511407260503617
-2.954884893707425 -0.37308796563764757 0.2151397041866927 0.46432266814841183 -0.6323510544250608 3.8891317791563584
2.547254514434875 0.0690128302427353 1.9882896306590148 1.241167707647259 0.49795240306854005 2.382369001553898
-2.323657577607082 1.9880752457204247 -2.2318752952299983 -1.5594870247649597 -2.938457447703616 1.1225213545980028
2.3845481367549475 -2.934626484695144 -2.3728730315556334 0.7933891877443044 -2.2819158836366804 2.5936342710246785
2.4476069262465865 2.193367658929221 -2.1193058067458326 1.4570633441574614 -1.7754621134578281 0.26325313346861834
-2.194804062615726 -1.8530402576791327 -2.0677695614400156 1.055068232951136 -1.5156777716479315 3.1650426174524346
-0.9838136696343733 1.2724057427073987 2.0449084293239252 -0.4525971644083593 -1.209983277597351 0.26811287069172574
-2.6854501558372648 -2.2314123956863035 -0.4950765342083363 0.2756200163405853 -1.033228220068553 0.3732041298481825
2.662215639566048 -1.226088884406849 -0.19256761373484244 -0.9727640499060204 0.1849653090855643 4.5695942270689285
-2.8963041069700255 -2.2317166160710604 0.020301731438227222 0.10922591589152741 -1.8218071011050265 1.9887630800720923
-2.212025955749225 1.486259639108587 2.3266008840755728 -0.05271549508109974 -1.2454772007438302 1.246510624160626
-2.446899184569388 1.5267819733987498 1.4934517126478877 0.5295060660621975 -0.3745075608543016 0.7523144054145103
-0.07495594432390718 0.09362745375807391 1.0408572265953708 -1.7416898984734974 -2.3144032086034207 1.2066032725014497
1.44113645719254 0.27368361663079055 0.191844317630399 -2.7079315213535042 -0.3755110126296346 0.6754391137432125
-1.0137480688213656 2.9807007776984245 -1.7769862537320775 -1.754235219227633 -0.821444673889669 2.6651425696475393
-0.7445784299764959 -1.7317131013881575 -0.21514198488689473 2.1631609431854164 -1.9992975335182837 4.947823288307323
-2.911304777184348 2.7421194091861594 -0.702581964303802 0.23438888643321532 -1.6096726053188373 3.162328162037109
-1.4560309321053286 1.4691046963639218 2.661851053279296 -1.3245954762019605 -2.4967338149784597 3.90739174346037
1.6144104623425601 -1.3184627438486194 2.442911148243633 1.4477032138698647 -0.15330641346353957 4.986876555706381
1.3286089275109747 2.642881280658589 0.21620715066438345 -1.0713109411385298 -1.8162966193809904 1.2223031734066725
-0.18769821717379198 1.8213970037488387 -1.2760009490013702 1.05153376700836 -1.412326394114884 0.08442940509571173
-2.2767588009356157 0.9146564281949265 0.2401969693563628 -0.5376956619430864 -2.7103067329406043 2.7572843699198923
1.678884126039656 0.5161045217413438 -2.7169354454079873 1.099726234191488 -2.785746195497245 2.979457603434815
2.444891338222547 2.927409190131515 2.3440275166266096 -2.4396941714678135 -0.2661517171370713 2.0274318429993343
2.1278603069766193 0.5138856590651444 1.7332152959781801 -2.5482798717441244 0.21221956558707733 1.9236186261744648
0.6335637972303427 -1.4773278181678857 -2.5670612309931142 1.9077878372100354 -2.4309649840883267 2.945294806854204
0.09646658188085544 0.7531752713467732 0.05387497670906605 -0.8481757300020552 -1.0912020262064073 2.923682775050099
-2.239574947400597 0.14380945992771332 0.5234807798581969 -1.2927227214360135 -0.026523292172606183 2.384925723143252
1.6764561931348405 -1.1252578354674592 2.274821924174768 -0.7974336093371881 -2.732751055211023 1.2066560481204924
-1.28799402134698 0.6277936878996524 -1.4869483790641316 1.0285240148295722 -2.47646742479621 3.098412816314121
1.7647879684891352 2.2632980388570267 1.5293621657061989 1.3996082921096278 -0.17252660336724635 1.0326990278315629
0.4319291767828788 -0.5874246355606254 -0.7885271091591246 2.834144934963329 -0.95257982422515 2.259006049211604
1.2963603791245362 1.6131837062994974 0.5539754002676331 -0.7337102708176455 -0.9041684771923837 0.752739067802658
2.291494326838942 -2.8657205481460455 -1.7034348770135148 -1.7449210725381787 -0.5994568552661321 0.0914687089794064
-1.6645821315143055 2.872136091380261 -1.4401670572293046 -2.4222741157124696 -2.7389898645065607 0.3827358094549427
1.9079037584450402 -1.4032858140856574 1.0426129741098915 1.959444064538248 -2.309940820789385 2.878426370497782
-0.45795412171927374 -0.5245955243255098 -2.735901495020605 0.16737142526593063 0.37999974390035485 0.5533655321643449
-2.145003163575264 0.5540641066427905 -2.334272927851162 1.2444147553968739 -0.3334195444497352 1.0224539014665013
0.024441582439036047 1.5526905224568432 -2.8129227102370895 2.7244791573170186 0.16914430497806787 1.8248206655659205
-2.3777617033890355 1.7732855658867521 2.849744677389774 -1.3074281545373054 -1.5776329269253209 0.25181632583061386
0.3577330653887829 -2.037823249116205 -0.111421313058651 -2.798398773439721 -2.015453396388672 1.2782598971969672
0.5623162510361608 -2.4429512351225813 -1.0997816647498113 -1.5112125569270143 -1.577442799211168 3.150748371759944
0.06808281786288672 -1.8953074779723278 2.089209957098099 2.4550126456695223 -1.5586906660789304 2.3231090479900205
0.8869147627971277 0.7023372569766018 1.415264875574925 0.11860561703745809 -1.4253179878568578 3.2345305640307167
-2.73518903333553 1.7673045900546267 -2.984721017151115 1.5771394857407053 -2.8833376390778915 3.9224055493056067
-2.4366825694982635 -0.9694272638997896 -0.3925091751499252 1.1568663732488087 0.39656720247254995 4.549253702374864
2.6364851705177426 -0.8949399445157931 -0.848599569337301 -1.1886556985136996 -0.891302832009023 0.2912721334484769
-1.6745909094154157 -1.9326868186705317 -0.021766705139812714 1.0299932935566378 -1.1821651101239183 3.3296708791357044
1.5625034045896005 1.714779681088836 1.1085525736130037 2.3931541810335286 -0.7558211152147565 3.6987896463182466
-0.5362421891242044 0.5123273109369748 -0.8016333999363776 -0.10310887970241067 -1.0316799556794292 4.3761207949640815
0.09642020016843933 -0.9927937685373913 -0.6801677034565987 -1.0885379079252009 0.03316005155930846 1.3216791662462701
0.772679993247229 0.25754404748591897 0.6081117269215301 2.0170166717031837 -2.352305237273699 2.2421729452042802
-0.8336710617895289 1.8067655019813582 2.543338702166171 1.6764931357920245 -0.06808618719259085 4.580166278057732
-2.7925290853966946 -1.4882426818702208 -0.28886082919734735 -0.7068636714862535 -2.1949548195460573 0.6484551570312802
-2.512595513248979 -1.7720858433566358 0.4751573101008759 0.1830295867914713 -1.3787937075189893 3.900950194119198
2.130224964427409 2.403666883840108 -2.1884608577289644 1.3318115497631933 -2.604242086279691 2.5550162449766836
1.7201917163840665 0.9141850141324257 -0.7649688915115118 1.9141993592744058 -1.647002760893394 3.335774425738368
2.696927616036307 1.5848547752133602 -0.4767017827986608 -0.18480778903795692 -1.7350232883546157 4.165886503236439
2.749950150201519 1.9625732606636301 -1.474649812315202 -1.2828152066618244 0.07919105697465367 1.270280528530805
2.20741510754274 0.049848682492926066 -1.9170564368774348 1.35413877034242 -2.785723413820281 1.1348042022331284
2.45260891237508 1.5424787459761387 -2.2365861426930356 1.014801666640297 -0.12274002268029305 2.1917372922831357
2.2837255807620345 -1.3999196542452657 2.9392275715725766 0.17483034568432343 -2.2314317159122172 4.83796742226337
0.25387093758105195 -2.3570167413788807 0.7515034699250931 -2.952488304619053 -0.8834834859606575 1.1058391542561785
1.8184756754932216 2.0205234802408434 1.1601161244906564 0.9923306538358103 -1.6364097310132935 3.016288673098162
-1.6131450199930644 -2.734591414849809 1.1423502095558558 -0.6779087122306588 -1.1247973138223688 3.2995691849941977
1.38975350850553 2.6250090108378012 -2.1520645183317546 -1.038717548723302 0.06692726493084677 3.149032598249973
0.4151510007694559 -1.0359466664412191 2.429196986008696 -1.521459090865982 0.004569229195966251 2.2758345705492236
-0.9264065377526545 2.1011560757604038 -1.5408849445855064 -2.0475967205117933 -1.5919042523120388 3.054150190055757
2.3619969614125154 -0.48892564129247473 0.9080731008880507 2.4790142952188496 0.15565383795975096 0.10639572491603078
-0.48192243079516484 0.2901364392426786 -2.4936493523036543 0.49144179699492563 -1.5787521158965576 0.7474898028659971
-1.9933397076845667 2.4258837656351737 -2.3614791014476717 -1.5501942855579562 -0.8641891967902726 2.6596837285964545
-0.8838318916571297 -0.3078974512345467 -1.492176254010802 0.3704549882756427 -1.003102200524093 3.755035749445008
2.7933661748098393 0.22166584510168796 2.6394373911865223 0.15628352886461316 -1.1795416573798962 2.0471920196547275
2.529472804826849 -0.9351402477297532 -0.277027007789445 0.46060650249799595 -2.828547691142954 1.3609723198833623
0.3985458826131216 -2.5262128621446216 -1.3640239713575006 0.8445563228322777 -2.834500087223515 1.79352393765275
0.44670473650717124 2.389768831860433 1.130856374552021 -2.71841634836126 -0.6417601076852919 0.5210276417504345
-0.17572534014896446 0.345462060327439 2.340271555403426 1.554160710696289 -1.324930057712375 2.8601066733399416
-0.23918886783852766 -0.8842410201005375 2.9822632371617877 0.29147705999155704 -1.210679181912684 4.952384074508675
-2.0985477182408494 -2.184402725198851 -0.4075016371189242 0.30080131251876185 -0.800908103253442 0.13523644207178553
0.9355932203389831 0.9796610169491525 0.9898305084745763 0.976271186440678 0.9457627118644067 0.9898305084745763 0.5898305084745763 0.9796610169491525 0.888135593220339 0.9016949152542373 1.0 0.9898305084745763 0.9796610169491525 0.9491525423728814 0.9898305084745763 0.9627118644067797 0.9661016949152543 0.9661016949152542 0.9796610169491525 0.7627118644067797 0.9322033898305085 0.9864406779661018 0.9796610169491525 0.9830508474576272 0.9864406779661017 0.8576271186440678 0.9661016949152542 0.9898305084745763 0.9830508474576272 0.9084745762711866 0.9898305084745763 0.9898305084745763 0.9898305084745763 0.9796610169491525 0.9796610169491525 0.9796610169491526 0.976271186440678 0.9898305084745763 0.9898305084745763 0.9864406779661018 0.9796610169491526 0.9864406779661017 0.9898305084745763 1.0 0.9898305084745763 0.9796610169491525 0.6406779661016949 0.9694915254237289 0.9898305084745763 0.9830508474576272 0.9728813559322035 0.9830508474576272 0.9728813559322035 0.9796610169491526 0.9593220338983051 0.9898305084745763 0.976271186440678 0.6847457627118645 0.9796610169491525 0.9491525423728814 0.9898305084745763 0.9661016949152543 0.6949152542372882 0.9864406779661018 0.9796610169491525 0.9898305084745763 0.976271186440678 0.9728813559322035 0.9796610169491525 0.9796610169491525 0.9491525423728814 0.9389830508474577 0.976271186440678 0.9898305084745763 0.9796610169491526 0.9898305084745763 0.48135593220338985 0.9118644067796611 0.8508474576271187 0.776271186440678 0.5457627118644068 0.8813559322033898 0.9864406779661018 0.9796610169491525 0.976271186440678 0.976271186440678 0.8033898305084746 0.9898305084745763 0.9796610169491525 0.9830508474576272 0.8983050847457628 0.9796610169491526 0.9118644067796611 0.9898305084745763 0.952542372881356 0.888135593220339 0.9898305084745763 0.9830508474576272 0.9864406779661018 0.9830508474576272
0.010000000000000004 0.010000000000000004 0.010000000000000004 0.010000000000000004 0.010000000000000004 0.010000000000000004 0.010000000000000004 0.010000000000000004 0.010000000000000004 0.010000000000000004 0.010000000000000004 0.010000000000000004 0.010000000000000004 0.010000000000000004 0.010000000000000004 0.010000000000000004 0.010000000000000004 0.010000000000000004 0.010000000000000004 0.010000000000000004 0.010000000000000004 0.010000000000000004 0.010000000000000004 0.010000000000000004 0.010000000000000004 0.010000000000000004 0.010000000000000004 0.010000000000000004 0.010000000000000004 0.010000000000000004 0.010000000000000004 0.010000000000000004 0.010000000000000004 0.010000000000000004 0.010000000000000004 0.010000000000000004 0.010000000000000004 0.010000000000000004 0.010000000000000004 0.010000000000000004 0.010000000000000004 0.010000000000000004 0.010000000000000004 0.010000000000000004 0.010000000000000004 0.010000000000000004 0.010000000000000004 0.010000000000000004 0.010000000000000004 0.010000000000000004 0.010000000000000004 0.010000000000000004 0.010000000000000004 0.010000000000000004 0.010000000000000004 0.010000000000000004 0.010000000000000004 0.010000000000000004 0.010000000000000004 0.010000000000000004 0.010000000000000004 0.010000000000000004 0.010000000000000004 0.010000000000000004 0.010000000000000004 0.010000000000000004 0.010000000000000004 0.010000000000000004 0.010000000000000004 0.010000000000000004 0.010000000000000004 0.010000000000000004 0.010000000000000004 0.010000000000000004 0.010000000000000004 0.010000000000000004 0.010000000000000004 0.010000000000000004 0.010000000000000004 0.010000000000000004 0.010000000000000004 0.010000000000000004 0.010000000000000004 0.010000000000000004 0.010000000000000004 0.010000000000000004 0.010000000000000004 0.010000000000000004 0.010000000000000004 0.010000000000000004 0.010000000000000004 0.010000000000000004 0.010000000000000004 0.010000000000000004 0.010000000000000004 0.010000000000000004 0.010000000000000004 0.010000000000000004 0.010000000000000004 0.010000000000000004
-----
100
100
1.5
-2.491449778532442 -2.4870339049829147 0.39979540163117433 0.14484631845860263 -0.9048188389857512 2.83220844361959
-2.146137354428596 -1.2982803301606145 0.5876151546473223 -1.7502641060988777 -2.5981290202705365 3.7028572865664593
-0.12456746309799394 -1.3761546582554103 -2.137076738116452 -0.6420234184508131 -0.8271059534639147 1.8810087762121301
0.47738568317127017 -2.8811989086860885 0.6553759483521455 0.2732443095801287 -0.1264232983023123 0.8604232008251873
0.20450747745460807 0.1996036930573315 1.2201930964484184 -0.46849853312615797 -0.9183904224375352 2.137426712491264
-1.1440835763142814 -0.6165765575444664 -2.556085139386981 -1.5830064090233211 -0.23992509923843397 3.4306878200029156
-2.811405870570704 2.276320415594579 -0.7170130848577336 -1.909762833481693 -1.0582979500455207 4.3533384787729705
-2.981585521141386 -1.311951767412194 1.109642579886958 0.6378797035967834 -0.6786109523101798 2.365931308362504
-2.2292566728037917 0.3060414980616588 -1.4854101080646986 -1.6913290651319346 0.14176377188540057 0.7439266443630275
-0.03556352418423181 -1.0584683387500458 2.129209413134184 -0.01487654929805915 -1.6217085295372737 1.2270707525154116
-2.3579526324239763 2.344947665899609 0.7446444027675214 0.37424030217216236 -1.59068614065886 2.531143493889794
1.3994496574562154 -1.7616398241392184 -0.1529848927242452 -0.10838971925866225 -2.0081804439272526 3.035038748464367
-2.260458500201697 -1.2665483904694337 1.292352900610756 -0.6948431148302852 -2.2837571849817735 3.7335698003888513
-2.7999887076632026 -1.6152283238765648 0.16478459506592558 -1.8134930789819674 -0.3113424179687059 0.02229545591279236
0.20451484350248744 2.368729747606968 -1.2270621282487322 -1.68045553937442 0.2846428619390403 0.6164467244363045
-0.09293509998969895 -1.0567250102326147 -1.7695801289112678 -2.8522930157656106 -2.976074288187788 0.6525391662749898
2.4754767358947483 2.798133218725184 1.7782052223880918 -2.4433477977703744 -0.054289920890236765 3.8220434516903996
-1.2181836653702147 -0.3115324704494751 2.7929971380204615 1.5720454085059838 -2.144306151211246 4.030141109681187
-2.52036356911732 -2.913696376301947 1.7449164749783246 -0.21656798505276575 -0.8010294252570921 1.1135239196243294
-1.8007345013662106 0.27629299364714055 1.4442881242216306 -1.7978785000732422 -2.37496052037714 3.1224257758153016
-2.3969231485744316 -2.560646832498171 -1.3006330356723779 0.5245000548500768 -1.118180839912967 0.11718856976851366
2.276609052109284 2.5914990260224307 0.7874382519027135 0.5911482645700816 -0.9739469081956595 2.953230629171407
-0.6705612082400803 -2.7556801515449587 -2.5284586051548614 2.3071443640658162 -0.9664766564543056 0.5222227780747144
1.017185726092126 -2.3851396132218827 -0.2546482767587088 1.7755088417931462 -1.9817404148126208 3.2750846625030547
1.5063308959371402 -1.9180989528989973 -1.2218130958383893 0.036888892462929035 -2.053374448375709 0.9946971594908778
-1.3942481088467726 1.8315692611839158 -1.9047736614091548 -1.5816648135060396 -0.9602953711367761 2.191162814146634
-2.4581086018361344 2.432582725178938 0.48326670147517503 2.616683221427115 -0.6542301294065929 0.9956685352006841
2.535085994840064 1.823209207520899 0.5952389939165735 -0.7684355752124219 -2.69960764901995 0.4056975701203971
-0.004334520791785174 -0.7107403102207057 -0.8128724458659571 -0.30294914644072546 -1.3002507483966792 4.051134834162951
-1.7895096760361353 0.6647802148220594 1.122236284910651 -1.0252152079761123 -1.2137829983095698 2.236041839089993
0.10219281689852655 1.835054965427768 0.4319204137293876 1.9717219169121505 -2.411599262395081 4.701268600599567
-1.530502731768007 2.5146537410872387 0.5593307010767659 -0.6724797459193659 -2.578964013600097 0.1566450253263416
-0.6934961285556698 1.7803352553552227 1.7688789717220665 -2.2289405089174306 -0.9191209247856944 2.4804603159646437
1.134894507277738 -0.7111801260499402 -1.7736854328208045 2.4266803474974887 -0.4989746508274815 2.7384521551637966
1.1956829810469307 1.6750666588611707 -0.7743911753757005 -0.4517328779455276 -0.0296734394363809 2.2779647846302025
-2.976907769845459 0.8429714588415318 -1.094199682280437 1.406754982460987 -0.8746180636982124 0.5444415508767972
0.34242706306192994 0.14695710673170614 1.004084124843861 0.5215993363289609 -1.8094801794247306 2.3378119239835367
-2.238077872358668 2.2826040563909276 -2.4287650259288514 0.9927762300899916 0.241329364492242 2.6631765866463026
-1.4922379505403394 -1.873649305739064 -1.8102276592202142 2.2967188838659283 -0.8854082244299275 2.3373221547042857
-1.3885005084825153 1.2322438164612346 1.2233151654875578 1.032801159044805 -1.020434171753377 1.441335960564495
2.611777031709883 -0.8883151084371157 0.3377960233356142 -1.8575282042675667 0.04689544563683112 2.826879953896658
0.1375155790335656 1.8326364985478472 -2.2106329219148484 0.42630291080343863 -0.590419040181017 4.760942021857637
1.2173489631896939 1.1650230462500808 -1.338545681935779 -0.20525542975549116 -2.3570247448377737 0.728883510784875
0.9457331455237941 0.8291384936713206 -0.20960784824999923 0.892763731436018 -0.7095053098975189 2.526435436443413
-2.089751760454321 0.04384984643791645 -2.1039822782356388 2.991439078358097 -1.4294355569262966 3.5058321545627327
-2.6329185723666786 2.0454351561602415 -0.589400727305351 2.0870903624474515 -0.7451027379496798 4.732385300648612
2.3142568561308314 1.1722351114416498 1.0458145834522161 -0.19316999824134323 -0.3900711518400244 4.764555437843775
-0.3867567943340702 -0.059502298145241106 -2.359834756803947 0.6445695614935105 -1.610631664697769 3.8904036558015553
-0.8172516059135182 -2.390100668471784 1.4560472142620589 2.8237307618648604 -2.5190387561463283 1.1312336489743742
-1.6760887791482042 -0.2397806218739449 0.02322317160970022 -1.5388433667370174 0.38284037517599745 0.12663993056255318
-2.564307127392363 -1.7506957005541244 1.393655589619259 -1.4947199698058262 -1.0037322860726439 3.085782402647177
0.2092599701387643 -2.768132567467653 -0.137315308016009 -2.318097364382835 -0.12235417116318503 1.2127985992033585
-2.5774905121808427 -0.4461604046428428 -0.6345680840647674 -0.9389360764663295 0.09219078937600667 1.6798150026907914
-0.07299758167103164 1.247962993754477 -1.8069681523768333 1.384665546700645 -2.3370004640939275 0.8924478411015627
-1.557107331626828 -2.7968581238435943 1.9766658903831003 -0.5745179235400876 -1.6670826322900836 1.943804814214343
-0.7112898096395963 -2.4124386538928766 -2.616094177019295 1.4350705098752687 -1.0534038074644632 4.929958294694425
-1.154215612028351 1.3513012426779778 -0.015285856320109925 -1.5424567903093203 0.3609404407515001 1.8770624376431417
-0.7995169064790402 0.6863462520720967 -2.1392098462369873 0.07877906754931341 -0.4159303770659315 4.14618584227744
-2.098476340455148 0.7768675738784108 0.6026932851287066 -0.2674121490625887 -1.0776586709208824 0.8889112510876399
2.1279270192706927 -1.990308794449478 0.695984892608088 -1.4900415946674428 -2.414459376614975 1.314135966691015
-1.860567570632481 1.1854941010206994 -2.0910875490548646 -1.5586679459472597 -0.2810777459910845 3.2034715787499644
2.6481882850231173 -0.05823774496004036 1.5293425428396046 -0.6470631746023066 -2.8896712475251034 1.5140399795527353
1.9385966905842946 1.1853835602325073 1.384818870192345 -0.18792257080119312 -0.3294602911169844 3.2377899136351016
-0.6253906332208539 -1.9821595526813605 1.4836183299112289 -1.1240079666385179 -1.2291242316704576 4.739906468333386
-0.48676060235654106 1.1625661622412706 0.18121018789983034 -0.2459269612821124 -1.6511647973032955 3.925631100483637
0.9208935233787492 1.0260725225553542 -1.7471354264258756 -0.11500709342642579 -1.4527010621586571 4.381619168653178
1.2081701604073 -1.0076036245991729 -2.6971459134306337 -2.5503359798408907 -0.7666663605139776 0.0451229640652806
-0.8937355358515038 -2.2400102834842532 0.6124272007013905 -0.4940345277440059 -0.9477052588093342 3.0659372738532844
1.0524672218018785 -1.3407942613111576 -1.877712004573603 0.7764961942606097 -0.602155124553157 4.393555519123929
2.621430893089336 -1.3097945374995308 -1.7396223063803244 1.0809651733010088 -0.5595200877908101 4.634698464593526
-0.9005602235823187 1.8289274457211895 2.616813339832818 2.1398292242612205 -1.0092237725401412 0.3542932342442135
0.6744283707053293 -0.9067944727660948 -0.6670402301848006 0.10608242972667681 -0.8634692657199685 1.992997442640222
1.5785168481350185 -2.5440576232017516 -1.618310180764135 -0.8202418882917781 -2.865653752109955 2.4139482372411347
0.2782523210934157 -0.24180123428192934 -2.2448038456067057 2.225036196214182 -2.0666712608503337 3.35703539076376
-1.8780508479301172 0.8748026005043239 1.8235983449382067 -1.40846322886074 -1.3872142159343401 0.2459824465245366
1.2529646163035404 0.05065514784258597 2.3872278581605277 -2.6600482552703446 -2.543938778226877 2.0998473755453073
1.4130403459854994 -0.8891629855363374 2.183564432881687 -1.983635089330337 -1.6897121386818355 2.2940226335761085
0.7015462732488509 -0.8376915031592324 -0.7771389606144933 -0.7195447573310767 -0.5493898771496268 4.183964549080416
1.2709418569032076 -0.957385440022656 -2.0890506624351866 -1.269767441056797 -0.7850325876847224 1.9428885873052786
-0.39100870653835185 -2.0703112588418784 0.0363284124018102 -2.8649874650412537 -1.2728190501132657 4.10148317514425
-1.1640831032043435 2.270875705777165 1.6937570210935613 -0.4790900060532188 -0.9910997129751329 1.8996855361892737
2.817887486205281 -0.566984019880278 -0.7831108356235832 2.7601896131037247 -2.13390619853792 3.579042509547974
-1.0251887039937357 2.1708816972767715 -0.0008666067708260616 -2.249299232356285 -1.0461099677701835 0.6918376786838154
0.28470640500342453 -2.793536891122639 0.46579747392148824 -2.1508500507922155 -1.0503105716592007 4.082646014376905
2.3371084360928314 -2.861814799081404 2.6969481637124018 0.08987537157818704 -0.10692776768902668 4.125464794942735
-1.1132651865633556 0.2118137764652026 -0.5395452891669641 -1.300861469919423 -1.4729936842184144 2.2871045756019543
-0.4278573196250579 2.1079108628898964 0.8837410376777932 2.0295387266511606 -1.3058530503900685 2.838962436223464
0.5163310651602107 0.46332753342890176 -1.2063745049715457 -1.6244168339231855 0.15621626567237543 3.230453232563008
-2.678718959935961 1.8678668637634468 -2.8485398530534716 0.6191226028883275 -1.5003915613531107 1.484248428705805
0.12351928378190039 -1.757182156893634 -0.05803983789733236 -0.7227432824065829 -2.5164323736650704 4.533988330502874
-0.14080016152411234 -0.6725457776425663 -0.8543343458740118 2.5904325096095606 -1.4238376970352866 4.026485774943483
-0.4793753436813337 -1.9174513669889812 0.938034761241267 2.1366588399737516 -1.0559819566100161 2.1820443571111383
-0.5111584186178493 0.8822909744617287 -2.206336641463798 0.6397995558064511 -0.7011744246238419 0.6486066982398007
-0.8579981541532375 0.5106470019941273 -0.9507921207610647 -2.1218945438134282 0.23660700983450852 2.8126899092144777
1.1807014345283093 0.12982695076893114 0.37258906308966694 -2.601178875518788 -2.7822216020126733 3.6453917502888675
0.5394134633621506 -0.2083034963041368 2.56978268053457 1.8972475480432678 -0.5866287786357964 3.3188367858176804
-0.44430654419767013 -1.486783007293233 -0.3269120277204496 1.5836302439989107 -1.2291602206395384 1.0779480269409947
2.3700417688257196 -1.6995665399169195 1.1081067330307306 -1.3240111257302 -0.3472525849619107 3.0521472839672987
-1.7438163441793204 -0.09491161536732329 -0.6022929588813545 0.5931595099684595 -0.8575673738510867 1.845133281752046
1.9796112957685394 1.479377963348476 2.8202587103585586 0.30735847853806897 -0.21788252442964307 3.1991755746477324
0.9796610169491526 0.9728813559322034 0.6135593220338984 0.9796610169491525 0.976271186440678 0.6915254237288135 0.9898305084745763 0.9898305084745763 0.9796610169491525 0.9830508474576272 0.9898305084745763 0.9389830508474576 0.9864406779661018 0.9864406779661017 0.9830508474576272 0.7796610169491526 0.9796610169491525 0.9898305084745763 0.9830508474576272 0.9898305084745763 0.9830508474576272 0.976271186440678 0.9796610169491525 0.9559322033898305 0.8711864406779661 0.976271186440678 0.9898305084745763 0.9830508474576272 0.8305084745762712 0.9898305084745763 0.9796610169491526 0.9898305084745763 0.9898305084745763 0.9084745762711866 0.9457627118644069 0.9898305084745763 0.976271186440678 0.9898305084745763 0.976271186440678 0.9898305084745763 0.9559322033898305 0.840677966101695 0.9322033898305085 0.952542372881356 0.9796610169491525 0.9898305084745763 0.9728813559322035 0.5728813559322035 0.9830508474576272 0.9830508474576272 0.9864406779661018 0.9661016949152542 0.9796610169491525 0.9728813559322035 0.9796610169491525 0.8406779661016949 0.9830508474576272 0.8338983050847457 0.9898305084745763 0.9796610169491525 0.9728813559322035 0.9796610169491525 0.9796610169491525 0.976271186440678 0.9796610169491525 0.4237288135593221 0.8576271186440678 0.9694915254237289 0.6677966101694915 0.7118644067796611 0.9898305084745763 0.9254237288135594 0.46440677966101696 0.9186440677966102 0.9898305084745763 0.9830508474576272 0.9830508474576272 0.7932203389830509 0.7186440677966102 0.9389830508474576 0.9898305084745763 0.888135593220339 0.9898305084745763 0.9525423728813559 0.9864406779661018 0.9694915254237289 0.9898305084745763 0.7932203389830509 0.9796610169491526 0.9288135593220339 0.9728813559322034 0.9796610169491525 0.9627118644067797 0.9559322033898305 0.9559322033898305 0.9864406779661018 0.9796610169491525 0.976271186440678 0.9796610169491525 0.9864406779661018
0.008393181684647638 0.011531180501845463 0.0064770228641606665 0.010925011378979787 0.005029470749863634 0.010571826736764003 0.014534417595665875 0.008968761972085418 0.01247914898972917 0.007114730707523759 0.00813741561918051 0.00596528374696077 0.009554410302003142 0.015401644184286087 0.011664561390688784 0.014974228346487487 0.016178503558875724 0.012143760634678539 0.013317424388765405 0.009124418130432447 0.012081785329323394 0.008320483359996448 0.016598221097610225 0.007888796553943265 0.00701067919861914 0.00741375065418606 0.018091555103231297 0.012762607576584645 0.0058519764624719445 0.005945396632033256 0.012940188157806776 0.011133882798582797 0.007916877423269963 0.009175975990171462 0.006683573406335796 0.011423197727220537 0.005102271002631601 0.015909725180064564 0.010048109908649946 0.0069029722905601144 0.009329807471667577 0.012170603243522473 0.007051856764495009 0.005337168925633473 0.013561162792726523 0.018205566093775192 0.010620153588958627 0.007299871420503978 0.017153760903633665 0.01293078596457414 0.009958643729281009 0.010919266192431687 0.009513402751149277 0.008069446269392318 0.009981251493774195 0.01617819328116804 0.008936664776881527 0.008853614533074101 0.0065870651054942475 0.00949986200157306 0.009986567505431986 0.011206922320189465 0.007223707426164133 0.010056260986394484 0.006024428087299012 0.007896449700930824 0.014121325932292598 0.006503849963648962 0.009566098587018488 0.01402487481595732 0.016228762688128066 0.004965944884136952 0.010001079894481462 0.008503009306268416 0.008927702356124707 0.01299874118348922 0.008482258774389635 0.007013289242927039 0.006829423642326493 0.011385047182579667 0.007082017995694714 0.012128313340140646 0.008115690001598279 0.01066825740424814 0.01841640653479826 0.005145921448552561 0.008399759446100994 0.007971921384830062 0.011490014829858773 0.009029918631502605 0.008714656627801218 0.00805586590587277 0.007555027072730586 0.009084040012304864 0.011227221121801157 0.009205249763989374 0.006717602000579399 0.00897375698791095 0.00570755034756972 0.010518488021308357
-----
100
1197
0.8
1.7639098572224756 -2.13099902344071 -1.7559637788639895 0.44984700068215977 -0.055996163532245624 0.7491763825230386
0.6493585709589802 -0.18894431674825873 -1.6439019114344067 -0.6983681161456033 -1.7933708571454363 2.981691915623156
0.007590621793333363 1.8539577203278452 -2.7528856742051944 -1.9906731030938078 -2.4678945236768124 4.4228449158558805
2.4948184033017897 0.6813173001092054 -1.1847160791579527 0.2866459717684313 -2.90454250896032 3.116551175011574
1.4908020233399932 -0.5263575584316289 -1.807843833130888 -2.5712732451665907 -1.8370802191636342 3.297403054138242
1.9013080588227318 -0.22003241936762452 -1.2214069425036844 -2.1315110680121823 -0.7000717431715762 1.7893916480178207
1.358993816510658 2.587631379164909 -2.8424944128462464 -1.789243719593879 -0.992597865176287 4.208447233411134
1.5000861031708634 -1.8407205799741293 -0.7706764870574644 -0.8417536098908669 0.3147270843554131 4.43880486337064
0.4557649794006471 -2.911071547760656 -1.6843621954925256 -0.46649998861287534 -1.7397798751063092 4.4565278981949445
2.171398578628199 0.11506331875770115 -1.3772226388043098 -0.021477364666333876 -1.5549380735704312 3.5797823789713585
2.072029158485985 2.7991283609209052 -2.5596763527142112 -1.7886887999915113 -2.8288255943884284 4.294922792513751
2.4349467277602086 -1.0763876901102996 -1.8725654297520689 -0.7471754172377205 -2.157802412618074 3.3578229874452186
0.06281940304590794 -1.8078788068090677 -2.096882587262576 -2.8563841664321865 -0.3533803108128487 1.6712575257483668
-1.0917265744483649 0.7668759888081111 -2.8865651688098515 -2.6021680705713175 -0.9825403203010097 3.833223254834053
-0.7257098190989807 0.1676423919928305 -1.7911927446078857 -2.5867612128019015 -1.246177426641031 4.01305812188635
1.7438120041819798 -0.06489783746646749 -1.8622344394599173 -2.833862042586397 -1.017454588697817 3.413205406642118
0.3519204729443919 -0.01890392120176676 -1.913664415349255 1.1648158474462904 -1.2561154259162157 4.033509951462923
-0.13464657214057602 0.2724254409191117 -1.7361629869361699 -2.015753039724882 -1.2640319022889868 3.7781014338367758
-1.2926680053396085 -2.360051186092809 -1.8686792870210143 -1.1568432906507529 -0.2873372676860366 2.9339381754615674
-0.7817124198524801 -1.315666818267211 -0.8595954407879463 -2.663933224023355 0.3994553028793989 4.074049009937951
-2.765318873532898 -2.2472122332924673 -2.388587192684202 -1.1751529897254205 -1.4164242056872909 2.077581100741067
0.1942331143235041 -2.250934839542487 -1.9262401663361302 -2.435636576598304 -2.2371961284202526 3.3057176334739435
2.490679973211807 -1.9066272946496363 -2.2443249549013156 -0.18019637683995193 -2.4878316648953103 1.3113693375660833
1.7656788404383017 1.327159997651519 -1.3425492932589442 -2.7008521165302923 -0.5460821800620782 3.117690475111174
-0.7376432031004476 0.6654837774118816 -2.2786800843784283 0.10910026516708293 -1.069057056908826 4.79466797289949
0.7495174991752933 1.5587169934712894 -1.7800757218347845 -0.7420575902036807 -1.9601304390613548 4.453982054454502
-0.18010607846585702 -1.337894370808012 -2.475522938345967 0.7083865719103803 -1.8551317114790482 2.512909635215185
-1.0027523719790306 -0.8093869817065212 -1.784642550468037 -1.3059738307704487 -1.2687137030101057 1.6931912634934287
2.231584191102612 1.3680593927475382 -1.2283741960335102 -1.4130488128310157 -1.0938643804584505 2.042824388386903
0.5694060394520344 1.36899234591333 -2.7910411745539236 0.5236011410664286 0.14352810271264044 3.291558167834386
2.7157724504708307 -1.5347418781439224 -1.8277564087433582 -0.7022684833904904 -0.9684464318944614 3.1706118720409426
0.2593981454867038 -2.629934695912936 -2.521205452985961 1.3887505282850527 -0.31386933705666453 4.977814247504348
1.84100980325809 -2.3265293911348888 -1.822174305181484 -1.5177174812925383 -0.29653480227893514 1.542606312790461
1.4588416941879112 0.7050391091929964 -1.9764735408295642 -0.3440872540261404 -2.326183817944867 0.5922734562964987
2.2287587796832584 -1.5187671843189858 -1.4456852609283666 -1.3917088036298504 -1.5419431996432311 1.4137678314119762
2.110738009890129 -2.9756660077703785 -1.807079126275606 -2.512759117955161 0.3330307944699009 3.6203694667942483
2.577395445574739 -0.7887704765089866 -1.442459580457776 2.1600770335281907 -1.4773694241498596 2.5068311674145143
1.8096991105493134 1.6423542228492256 -2.0717022840513533 0.48735694935320784 -0.15180931954929636 3.2842387351806037
-0.47462672307479803 -0.009685846913133234 -1.916781583327384 -0.8737503329765905 -0.9490627008401391 2.834817785373071
-0.5830221749013069 -2.51335218528582 -1.931581836327626 0.020127232767812392 -2.5450297082852047 3.393477036383353
0.8837880934930471 1.072113938256488 -1.202355147115644 -0.9194132869772949 -1.49794176235744 4.730965887048275
0.46197361168907225 1.1650479970055356 -2.95806740510343 2.207904591616847 -0.850754196556259 2.0433743419197485
-1.3951058294420409 -1.4584730729448474 -1.2109510069084397 -1.7859965667049438 -1.7804147469214304 3.6399857478766258
-1.4472428236776809 -2.258817816021801 -2.6127324058693975 -0.0615130530015523 -2.4264735997575175 2.8389815976340036
-0.9886714219555164 -0.8814686400814726 -2.2708688105064265 0.29428337841403024 0.12938945763530674 3.522834793262848
-2.0249802951327194 -0.9853478487608704 -2.2259355987119083 -1.052780960083377 -0.3975361987660327 2.6050872091028374
1.331864114603246 -2.5037822171713886 -1.8641603008956913 -0.4650108558372694 0.3904456128089384 2.821710917868451
2.7820030046134927 0.4304505645999128 -2.052777087443237 2.6039099720616328 -1.2575364351355933 2.899872451350773
0.11069767116665583 -0.9822146338532814 -2.8401912571399284 1.0055794163763287 -1.6493437463725016 0.6041644730222728
-2.682873920428328 -2.4856927374703064 -1.1119562287270226 -2.8192194185166466 -0.5805652086990021 4.67047961404495
0.9592661538933474 0.550273707663413 -1.6025552310130053 1.0034023439540003 -1.0959150307639058 3.5819284060129326
-1.2474636061530244 -2.1755198391162103 -2.2281990838011776 -2.8689951161002254 0.33581701851075507 2.11089966038016
-1.2828908154493854 -1.2310661657587019 -2.684578782892045 -1.1967725468889934 -2.5566938282212073 2.081756879174371
2.884708261876538 2.191431813113584 -2.274668964443555 -2.8988385437574613 -0.45093043306534386 0.9627384203058467
2.743653190712189 -1.6107313413409858 -2.067525841218762 1.9026584441384422 -0.9067962906051042 0.5594083497058855
0.9296903956602056 0.9776136528146546 -2.84641275718546 0.5029856357011067 -1.4650297546143725 0.45107227362517577
2.270006316787735 0.4180786269954031 -1.6604923336147646 2.9426660849701234 -2.0061798936734485 2.941463067266988
-2.4580116529994993 -0.8743325340083347 -2.5179563992315597 -1.1435801207181688 -2.734390369194326 2.805459166801331
2.169859681441809 0.48297691203261195 -1.7955645422984507 2.578354733784235 -1.4266681670693362 2.261590271412488
0.6061296295430412 -0.5925815414834195 -1.0508218429445424 -0.6273947836962755 -1.0003581631383855 4.317716336791102
0.8347276361645913 -1.118695721981956 -1.4202420060659373 -1.8500163013879822 -1.3414575017417651 1.919508265196746
-0.37860430359038677 -0.4475947390394561 -1.875372746220135 -1.4876973639407096 -0.09022272492903205 3.039951544418186
1.2684664350899673 -1.0900618701636724 -1.7404568259399618 -0.20388845394312893 -0.41345776151657526 1.6360648930152937
0.23846782915065945 -2.588197833595459 -1.3866536447206932 -2.7364173474297764 -2.836326721864449 1.671068657525384
0.7281811767564313 1.5806461918832506 -2.541993722797523 -1.16418131319252 -2.6803645088252317 4.231923138905883
2.9041713501592037 -0.3331867097030794 -1.9549203018894352 1.687857727241099 -0.36246863699233134 2.19676717385487
1.9015152676247122 -0.5718409468351326 -1.8935032520358983 2.1818160960662762 -0.7424602354765664 4.67560762143608
1.4585044254252524 -0.010233584315998856 -1.3600267502142693 -1.4178027516222111 -2.4541820230287517 1.4862046082481242
-0.08687773926604336 -1.124476931966068 -2.3425593872860486 -0.7833504149938445 -1.7454624290111833 1.6054054331837984
0.710829682692252 -0.014774268429323723 -2.8553786642389962 -0.9158710782657535 -0.2695447617846176 0.28924841147218994
2.4567223655976536 0.7215941961153809 -1.3182921124957927 -0.35961252708030966 -1.129083357954232 3.249271714798345
-0.499349174351035 0.12818566123645914 -2.395444428338772 -1.6833333540899778 -1.392181058922975 1.675494381096952
1.3258554223699428 -0.9688077306881238 -1.120645554695556 -1.1213351354342829 -1.0288400762635397 2.463313366532471
2.4474118243590826 -2.281489909369072 -1.094735024035732 0.8061057149434268 -2.0099409645766193 4.479346613223231
0.6110128591882044 0.458671964981163 -2.0235042054763737 1.705168442353838 -0.981446268402228 3.607595594762934
-2.6045898546801474 -1.9679242610996284 -1.7902379157926687 -2.984373647070889 -0.59413578521838 2.3583850467628027
2.4240393443422015 -0.9388032305656353 -1.6517247287978631 1.1837376520423373 0.45239845162879755 3.3592929558174864
0.528761775545928 -1.1702925927200651 -1.4435431875285758 -1.2727373326341793 -1.4013605985302782 1.730291468243956
1.4936587068874663 -0.9532380973707271 -1.767524539186807 -0.15862626789764905 -0.37062275550950097 2.1644605925030005
-0.2594820924841603 -2.0518358343580108 -2.533338979535493 -0.9091452209142705 -1.800532083831332 0.3463173849170228
-1.7595239383262258 -0.567290603844252 -2.7530733295760985 -2.7232969000867167 0.3085447045632108 2.2196213429789564
2.728949011206914 -1.5851508453944436 -1.3742711767297389 1.1976662394935256 -2.5366697560360545 1.7132586398532863
0.2837108616908748 -2.0786695566761577 -1.4359915296438845 -1.5993351185308025 -1.732650788674313 3.4302482103734766
2.6116156490271556 1.7571199656111072 -1.1363368796650164 1.028466649877001 -2.2730268219949394 2.884713457258378
1.1678818601982626 -1.7991036461568743 -1.7963504130782564 0.7390876795955051 0.2717950540053149 1.5710749704137834
0.36137952038359167 0.09841196392447271 -2.24209599520486 0.6112143920282123 -0.279589946076253 0.7784727992262783
1.2675826496488742 -1.413139675583589 -1.842693251156766 1.567885052031854 -1.0548046642599747 3.760897887226087
2.9647203497741605 1.1520086017565452 -0.7873884254483998 -1.2484038799433912 -1.1381128913363738 4.618858440624039
0.10221093103778235 -1.8149388943099918 -1.449979232407057 -1.3138291547414571 -0.9057718425005447 2.442990069398906
1.0207769137505085 0.29721365866701976 -2.3215337084559233 -1.9649866013420008 -1.6833149110148489 1.3490152602778471
-0.2913052517321679 -2.321280886982684 -1.298156692511975 -0.4255224823996788 -1.6960613389920873 4.386585969640411
1.5647539080606383 -1.236617284480951 -1.6172146145116768 -0.47502846713995595 -1.4521869818416713 3.7547381335806915
-0.783157745164115 0.3728447977459557 -2.892129972996945 -2.7622448579192125 -0.6543890162397659 4.172884612043612
1.3804341975229084 -2.218443620454897 -1.960624411907644 2.454861295199154 -2.242788463306369 3.4518713789785425
1.3254113914658274 0.44156604634359425 -2.660992945017791 1.152515639490361 -1.1090794907374595 0.37405440327274553
0.6363580483414167 -0.5753689412275291 -1.5062091984900876 -1.0785975438171689 -1.7639434207968472 4.188805072009606
-1.3187763367924825 0.35065748424982107 -2.9460839393280067 -2.9805208953610505 -1.81778250282475 3.2018086166848976
1.783391220891665 1.2339829675632628 -2.7205824389795707 1.831659896595887 -2.050455884404896 0.5963025789271827
1.3433009307407235 2.2744670940756495 -2.2485935204907435 1.5537470383104461 -1.5276867853464662 3.777105282165941
1.119044859531231 -2.637745636441789 -1.851647330636756 0.3217033133921432 0.2403735595893972 1.2025111628369622
0.752542372881356 0.4067796610169492 0.728813559322034 0.6711864406779662 0.6474576271186441 0.7830508474576272 0.5084745762711864 0.7661016949152543 0.5830508474576271 0.4915254237288136 0.7898305084745763 0.7322033898305085 0.6677966101694915 0.7288135593220338 0.7593220338983051 0.7186440677966102 0.6847457627118645 0.576271186440678 0.4 0.7830508474576272 0.7627118644067797 0.7898305084745764 0.7254237288135593 0.6508474576271187 0.7728813559322034 0.6949152542372882 0.5050847457627119 0.7050847457627119 0.7796610169491526 0.7322033898305085 0.6779661016949152 0.39999999999999997 0.4576271186440678 0.7084745762711864 0.7186440677966102 0.6949152542372882 0.6644067796610169 0.6983050847457627 0.6237288135593221 0.5627118644067797 0.7559322033898305 0.7796610169491526 0.6915254237288135 0.6271186440677967 0.7593220338983051 0.752542372881356 0.6372881355932204 0.6542372881355932 0.7016949152542373 0.7016949152542373 0.6067796610169491 0.7966101694915255 0.7661016949152543 0.5423728813559322 0.6711864406779662 0.4915254237288135 0.7966101694915254 0.7864406779661017 0.7050847457627119 0.6677966101694915 0.6745762711864407 0.4067796610169491 0.511864406779661 0.7152542372881356 0.5694915254237288 0.6135593220338984 0.42033898305084744 0.7796610169491526 0.7830508474576272 0.6237288135593221 0.5559322033898306 0.5423728813559322 0.7728813559322034 0.6203389830508474 0.7864406779661017 0.5796610169491526 0.47796610169491527 0.6847457627118645 0.4440677966101695 0.511864406779661 0.5050847457627119 0.7084745762711865 0.4542372881355933 0.7491525423728813 0.5661016949152542 0.7389830508474577 0.4915254237288136 0.7627118644067797 0.5728813559322035 0.7423728813559322 0.6067796610169491 0.5050847457627119 0.6033898305084746 0.7966101694915254 0.5186440677966102 0.423728813559322 0.5898305084745763 0.535593220338983 0.5864406779661017 0.5661016949152542
0.011159293967021805 0.0052973454847863605 0.02136768704268416 0.012587405004023491 0.009352794575354303 0.007099254489194842 0.016452762278462953 0.009537355657783924 0.008673598766793685 0.006626916031334978 0.04770216330127452 0.00945692198890187 0.00852290222990636 0.010235638578075282 0.0077580503223172986 0.009943276333679314 0.005301389474234358 0.006266266217603244 0.006877304933310372 0.010853365322701647 0.00966208477594989 0.010411951097334195 0.01303854877230829 0.009401670887712626 0.006478046016485114 0.009295981745898317 0.006168851481158056 0.004945096009654512 0.00802863237962091 0.008555042716451331 0.008491301013050555 0.010967577550625445 0.009444509819737342 0.010084387236170587 0.00797944425304312 0.020891302946056053 0.009158651930646041 0.008964562258846454 0.0044861407651177925 0.009480404108412882 0.007351594317904497 0.009307848235363058 0.0065688822160213005 0.010859191680537316 0.006598847323586105 0.005862507066680839 0.010672142840348892 0.012598420068056818 0.008420489428364295 0.017285960924024305 0.005277066257887363 0.012220517080540911 0.01067953689862347 0.024875857550298027 0.017085850505477375 0.010521328055961844 0.01218789234330658 0.014752193074007615 0.010501436812885097 0.005057531297510197 0.005629304176079645 0.005514438935572144 0.0060399659691964015 0.012238506088199803 0.017885552434526653 0.012312132370055195 0.009068752715811458 0.007715597191123987 0.006132153356653489 0.009105037436182465 0.007102511506826707 0.006137768813012516 0.005035474449904083 0.010607376159764868 0.005816955889444448 0.010767962089819961 0.012331860534548236 0.00510749577603959 0.006068210263977391 0.009076278354028772 0.010576119185987802 0.012342482794116653 0.006491531535607946 0.012198197915666528 0.009450098575479748 0.006981318883575732 0.006184255889577606 0.011211205764744664 0.005031067581600109 0.008081028977833735 0.006688346073490533 0.006083320264835749 0.011244901326624887 0.01090352415250756 0.011043886002708354 0.00625891141953999 0.013684967264329315 0.01835689649072189 0.010745047404926765 0.011058584244246432
