6
100 100 100
100 100 943
5.0 1.5 0.8
-----
100
100
5.0
0.5082856399433076 0.7812859831626797 0.7770579006175815 -0.004186108587789672 0.20111913386101854 1.8605067763574867
1.0062204752170505 -1.250132483468875 -0.6751302371768819 2.2639828039384158 -0.02805982821826447 0.8641667644074269
-0.9729978604159601 1.0825240284207762 -1.0683764453194455 -0.5549678252211456 -0.8161935140802234 3.606178237443367
-2.8325108611219543 0.1129485059997104 1.2943250464830243 -1.3363148050430036 0.2549266134564072 2.0913855291512276
2.9132373023283815 -0.8186886828634719 -1.1331139735525761 1.096578328344263 -0.20406839905978202 2.7722151827685604
-0.7032510982885056 -0.8488851384434271 -2.922151943053657 2.564071590835292 -2.1163974612362053 0.36772109843722367
-0.7740357081304419 2.810151169328554 -2.545488581115048 0.8734446516936889 0.4704405487509762 0.43758859211496026
0.6821272736967452 -1.8957375505128935 2.0136105190222393 -2.0662823482544277 -1.3894587556943483 4.203702564206207
0.29776658331635364 0.3007904441520739 -0.33923731517635813 2.477125101933707 -1.232107828337683 3.1325126240716097
1.4813182360577795 0.6496636678645702 -0.5245724201622499 0.03839107595547109 0.4749135582964472 4.096646353686918
-1.6735686723361565 0.1865460315364107 -1.5357597567236834 -1.075645862020091 0.4785589435636455 0.37461361517460934
0.02870228639142569 -0.11298120320286609 -0.8506449940562644 -1.7244134296158213 0.16889524143602053 3.444106349974876
-1.1123876436420885 1.2260408178797206 -0.7208308903783598 -0.9545583359293279 0.18716465458635412 4.553593779031217
1.5159931157075732 2.554537820046024 2.356635664409678 0.989130357678885 -1.4777705717244372 3.0381601519238908
0.386378611541633 -1.0055646570176084 -1.850356016348932 0.13397430437215307 0.44528741592424437 2.806231430646017
-1.7515601915892258 1.5140684063214263 -2.1903167954223535 0.6372966216977125 0.2687021277192776 1.5820576673138298
-0.1978564288375182 0.17232661857178844 2.7046848285000706 1.797381934512737 -2.1633919353578976 3.573663848898679
2.1658693284577692 -0.6817808604645723 -2.2281271814423507 -0.6975638770113761 -2.3623387205837516 3.3220344337760963
0.12757855027855491 -1.426613396660577 -2.7993247361563713 2.6523589356845694 -0.11084253028177748 4.6464554933080136
-0.08234316464433977 1.3137829664142977 2.7886359707999464 -1.475419109408958 0.06643361881354659 3.360293814869001
0.8735014995873973 2.5314522205373713 1.9274288530790722 0.07133573922704795 -1.589695487243512 3.8329604351445945
-0.6309404569793244 1.1156793074061309 -0.9938495961930536 1.5242659903369251 -0.7947516333397786 4.155912110049991
1.4817159776512856 -0.3302967678539481 -1.8011269740100904 -0.4354515534679786 0.4789293889617383 0.08431849282861004
2.3446514304716297 1.9694093411023559 -2.6733280889076605 -1.661735500309664 -2.004779976403923 0.5958801187058782
-1.9155090862154935 0.9320555003798212 1.3276080396774708 -0.6057336108899145 -0.6940862138273682 1.296647658657336
-2.984329290631877 0.7057572039611641 -0.6343142944730547 0.22297501738993875 -2.439174160665237 4.782617426137228
1.262656129381722 2.4587791670706327 -1.2443254516205706 0.27052442679222644 0.34458947951982566 1.1484101720657713
1.4323883309461456 1.3855602872195938 1.6602344116271635 -1.8665711485965346 -1.420776012147173 3.7648172367862474
-1.2934316427085921 -0.7146272105923006 0.86420173169105 1.6373835683916234 -1.9535780598637322 3.1060848997864134
1.5392475019890206 1.6282458001682585 -0.8905039272197985 -0.7823671493085813 -0.6820035977068839 1.8118863852089195
-0.8564963497096336 -2.575997820068345 -1.2704810012186059 1.3560153018374042 -0.3785600334506287 3.8609668048376697
-2.17287146935304 -1.1425185120430013 2.482911394479327 2.1790488823065406 0.023797475845543925 4.4729967674027185
1.8305363018705414 -1.560315055922921 -1.288917869500723 2.2171709097069723 0.4806877107571914 4.645975150067176
-2.6949589337580493 -1.3412187547541645 -1.2135217794010376 0.0669975683260291 -2.294367043410085 4.2743168323352885
-0.3196094398015026 -1.8196638876270028 0.3551134685701487 0.12360993295017675 0.3143175398944349 1.8014794569678894
1.7756667672913728 0.5268492713672441 1.3280056030533292 1.5797449402533665 0.4370565032430829 0.8013588593910004
-1.9964196645913233 2.8592594091176533 -1.9533944315544227 2.184149272364646 -1.1908814653739368 1.2045077293237039
1.403946627461643 0.9409883384225073 -0.24256854849036857 1.895390731016052 0.021128482199489707 1.5172072904469225
-1.7721455456923403 -1.1995035719655145 2.857527932916005 1.1754934362262883 -1.5927082412369085 1.806543488281216
-2.608409383990336 0.2674643524580609 -2.058595617683349 0.17736128582090727 0.33273652668813236 4.414563825922215
-1.7460298267819985 0.2799158162499342 0.7194759409705567 1.2967584241329453 -0.8216326223121673 3.4804468777204836
-1.6207651924659623 0.057772454244627625 -2.532052539885555 2.080044386288338 0.4133465962488305 2.0202770940281534
1.2882406826712538 -1.4090153593606654 -1.2889522642902982 2.9036018457378727 -0.936093517869864 4.856759035503114
-2.0382557860660127 1.8990540264208793 0.35836153828980244 -1.9533383418509382 -0.8223250137241354 1.5837012111123727
0.8812806103616886 -2.1312665154267503 -2.4490145702924826 -1.3224423559673744 -0.14321740171673758 2.7825424072962135
-0.09029323079299179 2.296228296210864 -2.1613955485143923 -1.5784299582255077 -2.536652843475416 2.2751886285372303
0.09353560823426754 1.2530870545877786 -1.6304783340377393 1.762290429648166 -1.7255815272395216 2.379166825437926
-1.8528187122930908 1.0148099045224939 -0.5342704195590051 0.7587618290805471 -0.38331129634066086 2.0046751686797624
-0.6152474267390708 -1.062939628203421 -1.6425754930625436 0.1202441256939708 -0.6370921885694885 0.2621218971072836
2.9423195863026708 1.6872083395418596 -2.4101106939897714 -0.3656838762266652 -1.5915359582734654 0.7553481823038688
-2.4154403833505427 -1.4933609065759375 1.6179387618274177 1.862707924903943 -1.9052487636756656 2.1611598939607957
-0.8873310531943055 -2.5423316676648176 -0.8275153941912619 1.971078646771514 0.012985769994200425 0.8627395734872523
2.1471015024926103 0.6352542285162008 -1.540986604703758 0.7978677257999656 -1.780054571098928 4.601041139622257
-1.4619695851979086 -1.052871357625262 -0.94309507336513 0.10434941819588728 -2.807820913278035 0.21145879770200326
-2.644177322879478 2.6830621660608465 0.7189943131669443 -1.2799546315312158 -2.9111288817473344 3.4787454371625746
-2.71453907528504 1.8275563450578485 -1.9982553415253208 1.4534185633207644 -2.381845321363161 0.4789741248075652
-2.394372641731428 2.484675117715378 -0.6465628235039218 -1.1391855788842915 -2.169818053311605 4.167488900154116
-0.8753169372751053 -2.9117589746974613 2.8376434050175945 -0.011359581988758194 0.19259365739338152 3.5154942647881757
2.178228799783014 -0.04848659603592198 1.0332864254793872 2.1755027869239205 -1.8429516620153539 1.85371694540849
0.2901221109721006 -2.1017074642350657 2.2581950825997517 0.36863247268282473 -2.4941852896012056 1.1957102797375674
1.2341072379235385 -1.9889498526748923 -2.9321147480168945 0.1791521632022226 -0.7212601152611464 4.98455300463322
-1.685195305407245 -1.5003203184147567 -1.565154383720238 -2.6062936218067345 -2.416588749538716 1.0683877620445548
-2.886337454815906 -0.6613468438312617 0.19688508876895838 0.9720486092936338 -2.566591686834543 1.7817250111677119
2.010936106429561 -1.5589847402686003 2.0416202932245042 -2.5371064956523943 -2.2959311899516877 3.5266828624819455
-0.9281728466905248 0.37536374507884007 2.237179467599052 1.5140844119183168 -0.2829199314286175 0.3155487798554968
-0.670204155533261 0.49761557818687896 2.466773257356701 -0.4114920395979871 -1.352521580923074 0.9475209885008351
-2.6572218491099537 2.7626995253886957 1.9958527120215415 -2.780582965579674 0.22204790497274374 1.100422352029603
1.3938023170359823 1.6574199932615805 -1.216277993417545 2.62081172521867 -2.317443460223461 1.6443238290745432
0.2658952827178944 -2.326768044891788 -2.7989758430928022 -0.9066294787752049 -2.958599397553199 1.40930671537706
1.6583652385489556 -2.7757521731432218 0.4026698694330002 -0.7310396653205156 -0.5507618882027718 3.9472897415184907
-2.522534332304939 -2.6598759323520382 -2.4302825543186946 -1.78525095750765 -0.7681111721657725 2.7445364602534728
-1.1721105459277066 -0.11216804104537825 -1.2834533628411444 -1.2989426541398723 -1.9405835773542095 3.946225388430278
-0.9757440506589696 0.800356346202038 -0.0340047937808845 -1.5249767956742803 -2.3619448449076366 0.22875241057067175
-0.5716865517311738 0.5231661320797021 2.0712868616055653 -1.8498358341356549 -1.9252921280949336 2.133386361930958
1.4968020545085956 -0.11716973241123574 -1.9510053969873926 -1.4808566434309651 -2.88411760756611 1.6416002649194783
1.4295424177523337 -1.9409221326762824 1.926240587396041 2.736122341688782 -1.2249600640066394 4.704401542792591
1.7631519345325088 -1.49185630748535 -2.2593148618836687 1.0723593681296668 0.0016770018297789235 0.5444726299171465
-1.8532465464234913 -0.767547942613843 -0.6686914211427983 1.69296660085827 -0.33893840523832 2.962273280198348
1.4516547367970016 -0.9027248615734424 -1.7514225391801546 2.081961272158999 0.004232053380868628 1.8927472887508545
-1.8240245254021814 1.3652865845376132 -2.0376054421541814 -2.1758490708829945 -0.13660277606391258 2.4960692538809703
2.7599407810588543 0.6120305754864019 -1.094808578099029 -2.4329721079484035 -1.2272429019038342 1.9627554472163256
1.1586121846470245 2.867856263906896 -2.782602938350953 -1.274262517352501 -2.3584681873107143 4.828838191223866
2.8163751817177527 -0.41910690051652333 -1.4016966883366053 1.4796367660773946 -0.7560643110391196 1.645975765660952
-2.518233635270831 1.3886047881011905 -1.0471700718065198 0.9357628981713808 -0.01695621921320889 2.752674615094801
0.052097262241882714 2.182210567141472 -2.5274873657919716 2.8360539996892484 -0.8969495508205645 4.964069176075351
-1.277231049503357 -1.999050542301589 0.11984895222792868 2.3485184331712983 -1.7533325107859934 0.4235700150057409
0.3583912905445996 -0.5099089914385262 1.0897742031063213 0.05648157496189388 -1.6452144986786064 2.0321996603221315
0.7640435329797195 2.900728625861218 -0.48850168230519264 -1.088104590164047 -1.9248435239714052 4.189943630889003
1.0229685505015969 2.2717982466715316 -1.1765241832235787 0.4390213020454232 -1.5814073698246234 4.0044512179259915
-2.7850409726936496 -2.5650840080411235 -1.1382207193238751 2.578036873295307 -0.7238159322019668 0.8464293878106466
-0.15020403050868358 2.487136075024887 0.27314301117000817 0.020000555661678465 -0.674605020802022 1.059068648143382
1.0794865182672364 -1.3159845100397205 -0.8200443188640469 2.428261442773552 0.3883822781999955 4.496362612861051
1.2237694531687016 -2.3129415260954587 -2.487477581837011 -2.8233016715393338 -0.07776189995419802 0.9957438298484089
0.11513077555083173 1.689273004821958 1.27977781830766 -0.8442858397259689 -0.16552561140826683 2.375425636806087
-1.2012218268940464 -0.934857648652021 0.921301350332405 -1.748541734378112 -2.244189542040951 3.0863559948993693
2.4342662305131153 -2.7560600004171936 -1.3709138267924232 1.4450594767622 -2.6660317664342057 2.1972883206702654
-1.0970310319076773 1.2682190141612395 -2.1981808678735266 2.724182556842332 -2.698954728795625 1.1547715072467746
-1.469457537884162 2.4253573597508034 -0.8997106807443305 2.14358359221513 -1.7831488293262843 0.04493645449706096
0.7045882732996196 -0.6652617081812688 -2.841712879083743 0.39113293025210405 -1.3910835235298147 0.9072725984039587
0.3925222717144927 -0.5567640859390721 -0.9261779941634689 -0.2767071851327523 -0.03662513843004689 1.8669107892885417
0.9627118644067797 0.9661016949152543 0.9457627118644069 0.9796610169491525 0.7593220338983051 0.9694915254237289 0.9728813559322034 0.9627118644067797 0.9593220338983051 0.8372881355932205 0.9694915254237289 0.8237288135593221 0.9593220338983051 0.9796610169491525 0.6711864406779662 0.9593220338983051 0.976271186440678 0.7016949152542373 0.8271186440677967 0.9796610169491525 0.9796610169491525 0.9525423728813559 0.9322033898305085 0.5898305084745763 0.9796610169491525 0.976271186440678 0.9491525423728814 0.9627118644067797 0.9627118644067797 0.8983050847457628 0.9389830508474576 0.9796610169491525 0.7694915254237289 0.9423728813559322 0.9559322033898305 0.9694915254237289 0.9796610169491525 0.9559322033898305 0.9796610169491525 0.9491525423728814 0.976271186440678 0.9593220338983051 0.9118644067796611 0.9796610169491525 0.8440677966101695 0.9423728813559322 0.9423728813559322 0.9661016949152543 0.9559322033898305 0.6101694915254237 0.9796610169491525 0.9694915254237289 0.6101694915254238 0.9728813559322034 0.9796610169491525 0.976271186440678 0.9796610169491525 0.976271186440678 0.9661016949152543 0.9728813559322034 1.0 0.7966101694915254 0.976271186440678 0.9627118644067797 0.9796610169491525 0.9796610169491525 0.9796610169491525 0.9491525423728814 0.8949152542372882 0.9423728813559322 0.535593220338983 0.864406779661017 0.9796610169491525 0.976271186440678 0.6508474576271187 0.9593220338983051 0.728813559322034 0.9627118644067797 0.8169491525423729 0.9593220338983051 0.7932203389830509 0.7322033898305085 0.7627118644067797 0.9796610169491525 0.9016949152542373 0.976271186440678 0.9694915254237289 0.9627118644067797 0.9118644067796611 0.9728813559322034 0.976271186440678 0.9016949152542373 0.47796610169491527 0.9796610169491525 0.9593220338983052 0.7491525423728814 0.9694915254237289 0.9796610169491525 0.5864406779661017 0.840677966101695
0.010000000000000004 0.010000000000000004 0.010000000000000004 0.010000000000000004 0.010000000000000004 0.010000000000000004 0.010000000000000004 0.010000000000000004 0.010000000000000004 0.010000000000000004 0.010000000000000004 0.010000000000000004 0.010000000000000004 0.010000000000000004 0.010000000000000004 0.010000000000000004 0.010000000000000004 0.010000000000000004 0.010000000000000004 0.010000000000000004 0.010000000000000004 0.010000000000000004 0.010000000000000004 0.010000000000000004 0.010000000000000004 0.010000000000000004 0.010000000000000004 0.010000000000000004 0.010000000000000004 0.010000000000000004 0.010000000000000004 0.010000000000000004 0.010000000000000004 0.010000000000000004 0.010000000000000004 0.010000000000000004 0.010000000000000004 0.010000000000000004 0.010000000000000004 0.010000000000000004 0.010000000000000004 0.010000000000000004 0.010000000000000004 0.010000000000000004 0.010000000000000004 0.010000000000000004 0.010000000000000004 0.010000000000000004 0.010000000000000004 0.010000000000000004 0.010000000000000004 0.010000000000000004 0.010000000000000004 0.010000000000000004 0.010000000000000004 0.010000000000000004 0.010000000000000004 0.010000000000000004 0.010000000000000004 0.010000000000000004 0.010000000000000004 0.010000000000000004 0.010000000000000004 0.010000000000000004 0.010000000000000004 0.010000000000000004 0.010000000000000004 0.010000000000000004 0.010000000000000004 0.010000000000000004 0.010000000000000004 0.010000000000000004 0.010000000000000004 0.010000000000000004 0.010000000000000004 0.010000000000000004 0.010000000000000004 0.010000000000000004 0.010000000000000004 0.010000000000000004 0.010000000000000004 0.010000000000000004 0.010000000000000004 0.010000000000000004 0.010000000000000004 0.010000000000000004 0.010000000000000004 0.010000000000000004 0.010000000000000004 0.010000000000000004 0.010000000000000004 0.010000000000000004 0.010000000000000004 0.010000000000000004 0.010000000000000004 0.010000000000000004 0.010000000000000004 0.010000000000000004 0.010000000000000004 0.010000000000000004
-----
100
100
1.5
-0.960303283600141 0.2274546595711202 -1.324802842689025 0.555235557668678 -0.3874089844737193 1.391332109578135
1.0707895559030107 1.650159638221791 1.272613460951342 -2.3695867479832264 -0.624946619629394 3.540001239326224
0.3966649435319336 0.17953562255304945 -2.0684489330050764 -2.224624973897628 -0.30302912183953845 3.662650745480999
0.454737959788197 0.21406602010484566 2.16777449884073 1.2561076744499342 -0.8900156228032542 3.8604136831503686
1.1703027999014881 -0.8042684767363326 1.327101074051654 -2.3585098590192586 -1.4127324994479187 4.074769823934872
0.8118494272438563 2.994891968268218 -2.80290674222266 -0.7973124867558297 -0.23397512656406594 3.1007365511465848
-2.970507574096345 -1.8985681589012513 1.5203751063569368 -2.0623494729542187 -0.16932996388739507 1.5370273179320755
1.4795681099162346 2.94860823787512 -0.5223654705671685 -2.7737124400796866 0.4312507926681944 0.17285845308212092
0.2639007526742341 -1.5727042716788333 -1.6882977507435761 -1.0782765584802696 -2.8336427689108317 3.759737726409748
1.2462748683117941 0.7759598489963159 -2.1084133143777155 0.6040121065945927 -2.6504194747931398 1.5285520608769303
-0.5458404852673668 1.0415669797851645 2.51022462094902 -1.9655518927109008 -2.5210223000161847 1.0238062350669521
-0.8047380029223765 0.31539931749937966 -1.7153979499514058 0.7603213159560323 0.017323403601796794 1.5607869561254788
-2.1910140327736407 2.6425637855693456 -2.2414831211271364 0.4906409547723878 -0.2492336097271104 0.013175235919841627
1.0249126202301047 -2.5365938403991835 -2.662299135880959 1.117422958696093 -1.9027580777428201 1.8388108506978724
2.143903178473477 1.4199239066962908 -0.5448972119173403 -2.9054373795511723 -0.8689971175945094 4.240531431951489
-2.8056147286978605 0.905864730313779 2.5065481970632257 0.9501409850681407 -0.6512679058608158 1.3346797564302122
-0.6528056781476318 0.5310891046110552 -1.1901420882584857 1.7009308426216583 -2.863789674861616 2.431969816511772
2.8433332418632635 2.705416839595809 0.9275879858904172 -0.8087417606626852 -2.2317265847057586 2.051249269817961
1.1235163455292745 0.10115964834220648 -2.814485569652572 2.4985990904403765 -1.3188224847255863 2.9722553711694473
-0.1279625381032483 0.15284303347238137 2.389206242770431 -2.3201309573507785 -0.8152551831831394 1.7774975445528516
2.4697720201233166 -1.116916206338381 -0.1312852938147131 1.8394529371096389 -2.5942921686147415 0.20159441366430086
1.8807368156519484 0.12810674601586547 0.9608585136302037 -0.22800494960131412 -0.8413768518151834 3.467678779213541
1.5944172674071484 -0.4483643096721681 1.139276122764729 2.378629919440098 -1.0730566142517182 0.3018477519242655
1.7843402482948376 1.9303174381016328 2.0496447203091326 -0.8410482780284636 0.20369082309201292 1.319624652913618
0.8269684912152095 -1.6384869263618835 1.9412537831261916 1.2430450716441757 -1.7461385121986406 0.14802504022029872
0.23629634139269595 -2.688804924266428 -2.913597408295101 0.003733824763796134 -2.1148364044843695 4.0882211246313505
-1.0313711893232211 -0.03996308690025874 -2.1746116200819907 2.5855738207148913 -0.39615174329552694 2.427931647325129
-0.10225186029407407 -0.4208433744888129 -0.4448620421513978 -1.2531599948958199 -1.5689933607770925 2.6428337089884537
2.064398938782913 0.3297222837291902 -0.11877718677204419 -0.7627787535022871 0.36262602630865953 3.0803134286146236
0.601222593360299 -0.6739740551232383 2.657730009202 -1.369545454355294 -0.8235098931008372 1.2685647692142235
1.4514529104117413 2.671354751757383 -1.9495334727308773 1.009756742324285 -2.836483248436312 0.010257647402101222
-0.24603938791908186 2.3872638148204217 2.9230060172396817 -2.077927421741981 -2.1788321846018217 2.7327871554241536
-2.502733680686977 2.5317669514107486 -2.09231789548668 0.21977433249086276 -1.8228011359461993 2.917389550310862
-0.7983746470374284 -1.6730462720111974 -1.3683467861304996 -0.22446907682099537 -0.02208206052936945 1.107397726772955
-1.261109142408221 -2.921847600888535 -0.37639407258160107 -0.9482193683780751 -2.1561619180674882 0.14109101665850943
-0.5801449800779372 -1.3780857430645694 -0.0975447516604544 1.2480480470308983 -2.6018894694197616 4.018510358440809
1.6475708015121266 0.6182568569506932 -1.2989962803768869 -0.6202333799070519 -1.3915550510595303 4.779583623335935
-2.086746247428846 0.9814326297385372 0.479679932665962 -2.867849983696555 -1.775777182478404 0.044534895689961995
-0.6268472216290335 1.595573081056643 1.7969512844266484 0.7227631170308955 -2.8558308337859666 2.2936349122064636
1.002312428987829 2.1204130121620404 2.323450893000091 1.3696816892000887 -1.2019421847962923 3.501825148059204
-1.9378658040554249 -0.5329842210230535 -2.100261403796731 -0.15710380598074436 -1.2311342250562265 4.141095732390747
-2.1324464126566003 2.4417084135255274 0.494767377339012 2.1989519600268084 0.10960403105903982 2.911456278711169
-1.6916246026367863 2.522122012684023 0.4928967631407475 -0.4363281344349972 -0.8099334636337083 0.7995243668214059
-2.548122982716696 2.733724695719392 -2.1267329049930663 -2.9385697174083343 0.16453111390604663 3.722678691827423
-2.756223983374592 -1.4098320137941682 2.121072204384975 -1.3591418988297115 0.2396361909464435 3.150578403615127
1.6793897175734007 -2.028109813012298 2.22933047837596 -2.3514294831434084 -0.8421625676439677 0.8635331581521335
0.2907051761049746 -0.19699106134165967 -1.3771409887507509 2.2311122349406443 -1.4069516166101221 2.183048892054894
0.7656766928419201 -1.8240417615221212 -2.5408685211910833 0.22438546368895618 -2.7724786715898784 1.1868717033778575
-0.5914143597550141 -1.3000011965021638 1.0934059493356272 1.3613960793393938 -1.3901689146836875 3.797742343125899
2.264300010116125 0.6807862289234216 -0.8302830409137211 2.7115724186312775 -0.19271707303650082 4.196573881656786
0.7994985098974369 -1.6703645047040052 -2.5674109179016638 -1.410055231203968 0.2413566774397295 3.2170828721943985
1.1666627878156892 -0.8181586449837718 2.091889384741737 2.2794910718068824 0.18627361200770975 4.172271551962172
1.716547090431333 1.1577888627403863 -1.6201068951756374 -0.9082689611997549 -1.964451000006714 3.434216198718178
0.2400938366680898 -0.17818570091159977 -2.1633246697299686 2.418071115918388 -0.834620684298223 2.4518741082597817
0.49779276975012277 2.524772644195419 2.4993437166585473 1.6949016341251024 -1.8371703042703422 3.7016508905983168
0.7807071019313363 0.3085788764231965 0.2452177824128834 0.6738965540220874 -0.6222725436948453 3.2441370860890912
2.186400189913199 -2.962351659325318 -0.7277530238824479 2.3556551134764043 -0.16980816506411323 1.797649751717689
0.4832758724188573 0.7038280786989122 -2.503851121055411 2.4703082445046944 -2.5989261925723044 4.195943199402588
-2.5390026297868546 1.1796377109161862 -2.972359601429596 0.4759294528422746 -0.7642030601536602 1.8103260902651566
1.1026683784311841 -0.15598549459911926 1.2256118197184158 1.4932989781325179 -0.43147071633205525 1.739945000195182
-0.726629527672761 0.2368774792348074 0.4582909396452097 1.3715279354958125 -2.9965493626174893 0.38103933295016046
-2.2346191841776375 -0.35449560682074877 0.40100094312337964 -0.14710108862063476 -1.881335821823885 2.1542830924246825
-2.915183820102107 0.2821218111350474 -1.1491720631322164 -1.4510929222113769 -2.6503844861033548 0.14129761947423303
-1.5754173899404134 0.02525814507355953 -1.391084825409045 -1.5736689280760792 -0.7308154336496568 3.687746883384985
1.813208555232308 0.9607209401928758 -1.323629716410364 2.5654576768472652 -0.4493634496001717 2.379030531597075
2.446527446021259 -2.2912088439310745 0.14703211340856726 -2.1358247323391506 -1.884699317294699 1.460865231262252
1.2176716422047669 -1.2955051750877955 -1.8006701469803164 0.5619998331142158 -1.2645700490049308 4.1961198353990525
-1.8161201200259889 -1.8802486518797497 2.5629576406292722 -0.9133458036043374 -1.637186129479735 4.220735120321775
-1.439422553655171 -1.7277762376457826 1.489884810493571 -0.6630811644801966 -1.6067906805298686 4.509123723783022
0.5382586642412612 2.9235322743757077 -0.3818795620964697 -0.09996355719485203 -0.09989469935481232 1.424938538058639
-1.3743603107869506 1.3633283100073261 -2.9689552960688337 -1.5552054042499286 -2.5159461052356775 2.91604835930083
-0.5157085770382195 1.6001518411208882 -1.7688143637497498 2.4690902796497918 -0.9672245353713995 2.500252566817776
-0.16028196944562811 -2.4171013312234484 1.0791873139135741 1.9879153968817862 -1.7892701018108184 2.234506471151102
-0.1568591582494656 -0.3858315509843757 0.30623776185790774 -1.2863122053032576 -1.8599040930975472 0.9444863363891622
0.7311103705293951 -2.7610884033023173 -1.9115738652781868 2.007371555128998 -1.5800184458538118 2.266344883740777
1.933175627780426 2.8754253318750598 2.375151648428729 -0.8125084981245929 -2.8019101337519468 4.970479272237561
-0.7317707990716718 0.13880242174393587 0.7155900051206043 2.8754887145865395 -2.551781276393049 0.4571129028496783
-0.5149117380923194 -2.019506216179181 0.1291722324745288 1.6698097282112543 -2.9877204450937302 2.263337365565457
1.0842523655271847 0.7314538515024012 0.16672576424632524 -1.8087597540158944 -1.375655862371857 1.0845988852955286
1.1653883344595994 1.7490590438464522 -0.27892246050460057 0.1790431313712001 -1.2699195189773105 3.8622448212826326
-1.1696574862557796 -2.619642753421379 -0.16753207736907205 -1.145137543025204 -0.8325441386466876 1.5211721927966315
-2.6498723343516972 -0.7560810139379983 -2.089237641119462 1.6940913916199922 -2.6027366951810302 1.4861882592885858
-1.8003026700162936 1.3671794702937308 -0.6202525595855 -2.2380005720173384 -0.9117229354763117 3.8267835826031353
-0.9564300374083159 -0.22128893286223583 1.881021747965121 2.252200604221439 -1.1249261825046775 4.384690065620182
-2.5705269937808017 2.561506046908433 -0.36977120533548313 -0.695798438266186 -1.9452771232480726 1.7935482049894171
-0.9223763372250402 -2.897252263655681 -1.5922969810102332 1.0890571988240558 0.22927164192008836 1.506489006395372
2.002858658631527 1.7611356207557487 1.5055595722213884 -2.8808804404025006 -0.3782666968538939 1.5885492603679343
-2.1916788626817385 0.18414127820716242 0.9685753997480391 -0.766366830535957 0.07597306431594636 2.8191131657604176
0.9349942680271579 0.021117953123631406 1.0001194396878026 -2.6705682442306635 -1.79789316810507 1.8480706633930826
-2.083629290785857 -2.7089872515993787 -1.504233683259679 0.6157901990990142 -0.47687651208982995 4.661895424449487
-0.8477851055011503 -2.681700549864818 -2.1851596899814107 -1.7652659029181748 -1.1007815633524456 0.8069414413428747
1.403304828567251 -0.055079231854111343 -1.0676318991164462 1.5123854550574072 -1.094322408764324 4.808107864503294
0.9306118247646271 -1.7691987462442182 2.778751189638747 1.8079323763494628 -1.886931050724619 3.7043583361808325
0.7183174628834808 0.02427017963815281 -0.8273091630275363 -2.284187281269182 -0.6029614082094078 2.5998134348705175
-2.8295753168905464 0.3906617037580683 2.278748341057848 -2.7271064694555864 -0.5287309787542386 4.364842724628284
1.0468690028300016 1.1122496057616196 -2.2280194830761753 0.6592390697153392 -0.0989555572567916 1.7210358955161504
-0.6582776918804588 2.069980390999464 -1.9383464239024475 -2.4356033939536514 -2.8751196308296887 4.640032468248505
2.557617636354438 1.601806251756906 -0.7050482331117816 2.1758105714246647 -0.8326135760977038 4.269451659120291
-2.4276936858817253 1.4799577073358636 1.373653830647124 -0.6040122607738079 -0.7991232743518796 2.3279084305178666
-0.6866224134985676 -2.5172569363067936 -0.3438978582122336 0.8782025880374738 -2.672691279544374 2.2471079068862663
0.9525423728813559 0.9627118644067797 0.47796610169491527 0.9694915254237289 0.9593220338983052 0.8372881355932205 0.9796610169491525 0.976271186440678 0.576271186440678 0.6813559322033899 0.9796610169491525 0.9389830508474577 0.9796610169491525 0.5322033898305085 0.8338983050847457 0.9796610169491525 0.9593220338983051 0.9627118644067797 0.7050847457627119 0.976271186440678 0.9694915254237289 0.9559322033898305 0.9796610169491525 0.9728813559322034 0.9796610169491525 0.9966101694915255 0.9559322033898305 0.8983050847457628 0.9050847457627119 0.976271186440678 0.9796610169491525 0.9796610169491525 0.9796610169491525 0.8983050847457628 0.9728813559322034 0.9559322033898305 0.6983050847457628 0.9796610169491525 0.9796610169491525 0.9796610169491525 0.8508474576271187 0.9796610169491525 0.9796610169491525 0.9796610169491525 0.9796610169491525 0.9728813559322034 0.9525423728813559 0.4983050847457627 0.9593220338983052 0.8610169491525425 0.9627118644067797 0.9661016949152542 0.6711864406779662 0.9220338983050848 0.9796610169491525 0.9423728813559322 0.9152542372881356 0.8271186440677967 0.9627118644067797 0.9661016949152543 0.976271186440678 0.9796610169491525 0.9796610169491525 0.8983050847457628 0.8779661016949153 0.952542372881356 0.5389830508474576 0.976271186440678 0.9593220338983051 0.9728813559322034 0.8847457627118644 0.9593220338983051 0.9694915254237289 0.9627118644067797 0.8677966101694915 0.9796610169491525 0.976271186440678 0.9661016949152543 0.9593220338983051 0.9389830508474576 0.9423728813559322 0.9661016949152542 0.976271186440678 0.9796610169491525 0.9796610169491525 0.952542372881356 0.9661016949152543 0.9796610169491525 0.9627118644067797 0.9423728813559322 0.688135593220339 0.7796610169491526 0.976271186440678 0.8372881355932205 0.9796610169491525 0.6813559322033899 0.9525423728813559 0.8271186440677967 0.9796610169491525 0.9559322033898305
0.004302274811593446 0.00986997799852138 0.007989041021230785 0.007293942299116059 0.010442346738703203 0.01022395485511259 0.016027972893887646 0.022966094370865706 0.010359827920935379 0.007337329994512773 0.014558936630686626 0.0045995215045391445 0.010206055800132776 0.008636958772113432 0.013961630222639076 0.010581570353369015 0.007230780978909335 0.0148361274483602 0.007009477864554706 0.009664445540420227 0.014951923383334738 0.006324030219616637 0.009913438368451797 0.012340403982049091 0.011895949137834434 0.012045075013080605 0.005809881213260888 0.004994644807466418 0.0072306409389807005 0.010198573878971995 0.015482942950166391 0.015465099842704876 0.008572709763497301 0.005831025008006811 0.013083535447376135 0.00853921464890851 0.007579347924421979 0.014765606918149382 0.010034515491763275 0.010117227811096655 0.006824563059916071 0.010530648889129954 0.007314216207371051 0.021582006598133065 0.0137554529442448 0.020527670794516974 0.004930534381566524 0.009543592228897798 0.006201425272559754 0.00878494367761577 0.008375309128376359 0.011052584675040354 0.006807292871523305 0.005253100174072797 0.01342723433860483 0.004502716647115812 0.01034441690811957 0.011641001095588 0.007394569526136922 0.005863178971350709 0.00983765009808196 0.005837503759332098 0.013823991433223349 0.00634746268636174 0.00658782515368189 0.014524358364828911 0.006081231357872966 0.013693247287332209 0.010017491077954408 0.0070125860948790555 0.010486473376396549 0.00584602973344973 0.008059200072788167 0.006414964657143081 0.008031348862325595 0.02976907232693221 0.010955207871891028 0.009996437548115966 0.0069706444828462645 0.005834025469459688 0.007876084378304673 0.009600078979923078 0.008032286737058558 0.00882385289915898 0.008318330893666324 0.007963538150212836 0.016110896279258092 0.006606835543140811 0.009441798212593309 0.010740393742876712 0.010486526509438097 0.006504651934658868 0.012558144494497232 0.006365487203415069 0.020139561528877286 0.0053240215594506386 0.015565768920202243 0.009862886934937844 0.006806663511803882 0.0088149267124061
-----
100
943
0.8
2.2129322197568424 0.2647502418566896 -1.7236617410949884 2.4629324110776025 -0.753336631064775 1.5152693557222405
2.2247536732301283 -0.6544895742287108 -1.7379176520011348 1.0312496715078139 -0.11218922548475199 3.9569449223088884
0.7268771199770915 1.1842057181913315 -2.2671994413772154 0.18524488251024263 -0.8701317176648786 2.070952515704063
2.9431303061028626 2.0706715795586614 -2.9865486565501316 2.2050342465238333 -2.031456847775477 0.16099482013939975
0.05826427128187017 -2.0258858837192824 -2.7008019863074955 0.7989018015723361 -0.017425477209506157 3.1812772894865216
1.0453805365369997 2.2608669749528767 -2.2721901602253363 -2.877989855367656 -0.7506356172460513 3.2787236990962483
-0.2938300041128007 0.7611374831993747 -2.7196312530378126 -1.1632494758835186 -1.064804627819143 3.85831861442795
2.721890436321928 0.4790228584770393 -1.3194174404421022 0.36362863871347656 -1.9014216159598805 2.8876599890040837
-0.44481777611059137 -0.47472475709951256 -1.6183418218104373 -0.0042392191580686855 0.04391089207098403 4.46983972447012
2.6907639422652556 -1.4777937453648726 -1.1653552672926173 1.3325869114809106 -0.7041362705462964 2.8942736435611485
1.4348327758304587 -2.820114204232233 -0.8803032215582877 -2.9017030164609334 0.24054121190055577 2.9388779770376905
0.6176802589734061 0.1470632487248975 -2.306549003273018 -1.5238600602783996 0.05020809771653359 4.728373581238854
0.6598443388767306 0.8837279023617635 -2.6554318072045557 -2.008093743433002 -1.8152244279108438 2.0816123002251876
0.4146269285031332 -1.574853228055542 -2.4369848210778082 -2.638206922734186 0.44795901297325913 1.7719509919445797
-0.12578381879302092 -0.0015914766569506966 -1.8084402196733174 -2.2334921739951206 -2.2584183674576597 3.7099091326010023
-1.0716207619265177 -2.074464173751349 -2.21789340816334 -1.730694382108824 -0.4023458536271765 2.1694019121790546
0.14005899462333016 1.3066332464787127 -2.3309641884218637 -0.23004351996429473 -0.9088114124183357 3.700065778515672
0.23732550561993904 0.7607505105999981 -2.1242794194279844 0.2888489515216106 -2.4612885142269816 1.7017916211556032
1.2027947735140967 -1.531674261191514 -2.0223839552741114 -1.021370017434763 -2.106712602782468 2.856975171534862
1.5445830731765302 -0.13564074937366266 -1.811183891858742 0.44126907724818043 -0.2080825474283608 2.602080145278495
2.2470452850257603 -0.2814639020055477 -1.2817046377121972 1.8278074827731545 -1.0531428270386414 3.711225476343057
0.7089850702652347 -1.4176530509145313 -1.9024400983170475 -0.5626592144783491 0.3102092624120759 0.5348895624574452
1.7423315085130582 0.33386655660617826 -1.8603260096463672 -2.1080314949718804 -0.8469862031133751 3.6088940001418783
0.6434255895937544 -0.11970764530414568 -2.120024851371046 -1.7185308002631077 -2.4938676337425703 1.1202642061575705
2.710496224265947 -1.181187561427307 -2.344986099711451 2.144306083381964 -0.2175868739722311 3.7028379766553647
0.15823656333034508 -1.7781975563167567 -1.8108446971356296 -1.0572190141230542 -0.4359739407864286 4.995707654654115
1.0666425557518528 -0.011029523393948804 -1.6011546187073609 -0.7766438585304094 -1.9897167487554461 1.7615884963304873
-2.1299906893811005 -1.4467956206821773 -2.9422009321029927 0.029658306846277682 -0.24433841573154202 3.4383647439893155
-2.1130656505404506 -2.387591079151415 -2.2848003602024085 -2.1306780864653203 0.46147975929108476 3.330294018551502
2.6026332972632416 -0.17656232957076856 -1.6162069682893487 -1.1682136287274247 -0.7817037218009222 0.9009459509251743
0.10851945589272116 -0.2632808749947264 -2.2320826197099533 1.4061868274440088 -1.8934478171581015 4.824744042881028
-0.4148683111875695 -2.616527237590557 -1.7890830701370897 -0.8195276767942897 -0.11427931753907983 0.794635119123809
2.6998806314375785 -2.573374606616428 -2.6760517031757103 -2.872003257494817 -0.42003196103371593 1.24710528724775
0.5817638283021074 0.9295462304591169 -2.6521580959168216 0.5287542639942937 -0.4065888087836222 3.7771096618067648
0.9989782290996222 1.024511021283819 -2.2561901728697933 1.2440180586350782 -0.9957188014095585 1.5815274478056138
1.199195260761504 1.1191511091873292 -2.1730253872691128 -1.4873811522565183 -0.34583808552874523 1.0990573971662574
1.0789676189102972 -1.646530420214287 -1.9911213036674529 1.0777596111871317 0.4200288914897421 1.5716510742489473
2.5004562331413673 -0.628647894053235 -1.2300759508894816 1.1037450324064983 -1.487247137980545 3.9729249176036254
1.822518135415424 2.0025514496210803 -2.3394089229444246 -2.14362179478837 -0.010605426125406492 3.608796721147095
-0.46881648498980955 -1.3737545881764162 -1.6305648339146677 -1.7868033387772244 -2.40468554079391 0.9561253721302541
-0.1776540455547735 -1.1939501978631815 -1.0383676248345697 -1.939625718023472 -0.8087015386081398 2.6599009395738142
1.3784679787764675 -2.3437076513093436 -1.1279583286846973 0.5391883660578847 -2.381371672265485 4.867525786630087
-0.7795533827048411 0.6030661979993974 -2.9349469946476985 -1.5783162103414277 -2.8498978465466696 1.3585994071020662
2.4075071143554636 0.7485142517630199 -1.3529141990660438 2.0559848223805326 -1.2845348433874961 3.887327368990679
2.522353773696437 -0.7576886384712376 -2.7920229458788066 -2.6293494039183165 -1.3327398956102623 0.22759669673448346
-1.7740765784626265 -1.3474503744859427 -1.9078954865259408 -2.271320199841635 -1.802208141740567 1.8360389132786255
-0.8715389776217409 0.8746462794981151 -2.7835718021061484 -0.30823679045137764 -1.7242629638248372 4.759702555950257
1.8926552173442097 -2.8679005325438 -2.125142666746039 -2.6606165781015547 0.002936414723847647 3.3974737068789276
0.9696738588222245 1.6659976257631361 -2.4489730665990432 -2.9282900321762506 -1.1786665926627165 0.8145454344088576
1.6568433816480506 0.6080861898020169 -2.6209554807475834 -0.1740362199267047 -1.9280196246936927 1.6120456561124101
1.698344003424063 1.8483963570805781 -1.9291826528856164 -2.4238111087557166 -1.8915550791625684 2.2235349672429594
0.683673014476311 -0.41373321727211954 -2.3431772303478238 -0.9905197850723678 -1.8963507508874746 1.3091483662684085
0.8443069255097226 1.20207818334194 -1.6956203694011456 -2.1967499839003253 -1.2633858474175812 4.872692717076237
-1.4873683356209983 -1.9381092169931986 -2.1993517533678864 -1.669160545554947 0.3264390414217015 1.598693257328786
1.399910058580295 -0.39360512467589803 -1.4819861387577478 -1.1233041892834945 -2.5634350937691712 1.2503481716460776
-2.203080988598651 -1.2480726122076966 -1.430974731532459 -2.10596306109772 -2.728220167278381 3.707584427674765
2.376207195095016 -0.10949656003752367 -1.9335363344496672 0.5117386597445437 0.12675175510610925 2.4012780866678707
0.17846516976830024 -2.495807649143252 -1.9291298694320558 -1.12154484589502 -1.6100684667941094 3.723005670531619
1.001355495046674 -1.4651460992777208 -1.7238145126987732 -0.7190210442584162 -0.9794291113031283 0.9573211613296579
-1.6713763433594817 0.3362764886079046 -2.7906949831738244 -2.9978078211002646 -1.295897964837835 3.540306651059956
2.028545583158205 0.8433787352147739 -1.4636154211681032 -0.21707167550553574 0.21776548239780635 2.1870715960284883
-0.24772907436566438 -0.9427955359022695 -1.4338726206215209 -0.6011784137484825 -2.1851428306242973 2.71200081049934
2.079771048242959 -2.0090798826742313 -2.2262787020868053 1.169132274823736 -2.5496390728933624 2.3435641392038766
0.005954011749573329 0.2320119870471158 -2.6429957910523343 -1.5974707761362916 -1.5943245727065432 4.40547798310133
-1.4095301580137218 -0.9032851855626952 -2.204191181963997 -0.37173929764280444 -2.8192407360454963 3.577618832142676
-0.12536117357387344 -2.8952555472281856 -2.165321514848571 0.7052818532850231 -0.09637853879962432 4.383601618816946
0.5183305677153756 0.7672832971502557 -1.7870317055528933 1.0789989798195088 -1.419674460653099 4.91822208974787
2.2976144541372627 0.010030619333918134 -1.5047355695465345 1.3581927020255022 -0.8472335632246232 1.5133905135351209
2.4842890423971284 -1.508914464294162 -1.8408123006510404 0.25173227775993645 0.190662547311499 4.102390027035849
0.6669245489024993 1.198021019768302 -2.7058947728583975 -1.7644685593132898 -0.6967039369723373 1.79898679796425
-0.48233531305568 -0.8654653675074372 -1.594732540487584 -0.9934085463671106 -0.01574642709501001 1.4616821294507705
1.8841092999812956 -2.854026589561733 -2.345362529946973 -1.4748396917345636 -1.4403670116637413 1.2311129550035689
1.4139777643165456 -2.2909487287705055 -1.0370866288500333 -1.3564047406617754 -0.32532945096974414 4.234284577682828
2.02505900991091 0.8915665107979455 -2.209953176967158 2.2750276654659816 -2.3511111738411126 3.62613168548949
-1.1355030690699033 -2.1082397631077088 -2.190821204513638 -0.9198646091358809 -0.6085102956485855 2.1422723961535217
1.2943953228027945 1.3731768049681963 -2.223181728098035 0.44548092812155515 -2.731071204746716 3.8589458885977206
0.39099101648016976 -0.29014810565407956 -1.9425886807891393 -0.24771333213240898 -2.0621656550032745 1.9546302591466276
1.6973866734982437 2.2947240943457823 -2.2525864696251885 -1.1349654301525338 -2.8506048244552322 3.547828139505363
1.7019666740692938 0.8037863785706936 -1.829374766516275 -1.500232055751229 0.127471228124312 1.3801457247386502
-0.5869776920172933 -1.83106144692443 -1.3743689615187713 -2.6800024044930653 -1.0261309115766741 4.825772027400852
2.071214685983069 1.6857556093419646 -1.583138066702019 0.9029473352925099 -0.7741947008344429 1.9231004236301574
-0.8442144341305622 -0.5960692542301349 -1.3257846464460437 -2.75512692905197 -0.9809672964963608 3.5968045185186543
-0.7613055385262868 -2.4285961356315577 -1.7737852044654263 -2.4320786911845262 -0.8011185326847979 2.093257027019427
1.6065416694582257 1.3588095015792927 -2.5724034285509845 0.6050516938568831 -0.0709922538927863 2.228522323749839
1.0723339623539312 -1.7830969256680227 -0.9361419629185337 -1.5094062048254726 -1.900706984264749 3.461541690156963
0.3158312951970801 0.07440833204058261 -2.021584036131155 1.169300843647863 -0.5758601994379859 4.468941412857005
0.6123206789816116 0.10796173299774736 -1.4552269328981255 -0.8555853771549122 -0.43617495776776644 4.195697870971009
2.173372325139273 1.689052083406993 -0.9929096522445648 -1.131061283669117 -2.813364015202112 4.323653319418809
2.6473275105664262 2.2610317211217383 -1.7526301234813424 2.448735894203624 -1.3686875352980437 4.154278710717184
1.199715057050265 -0.05222057501810695 -2.731011635488631 -0.3358818297519095 -1.1421465614085098 0.18045675460369415
0.9882882191618759 0.5269933840952472 -1.6524636195761802 -2.6606756733251538 -0.34241708295979256 3.278208417084447
-0.08011222000389706 -2.1748297469955595 -0.9887678891909761 -0.5121407617295823 -1.4224944428670956 3.200997747594958
2.1651473514627027 1.6363272683194412 -1.769676375601103 -0.6011245611786737 -2.1370695379483564 4.128922030239046
0.7237595254101792 -2.24885295987553 -1.3970127627772984 0.12604302980843574 -1.0217773723478678 1.891956197749511
1.522896935980818 1.3238872454887087 -1.6470523730935653 1.414929159177031 -1.9175297642466576 2.7569604193255977
0.15160175158054123 0.6340656660821805 -2.1176194000084716 -1.3815297747688162 -1.3327537997177634 1.7970019335707972
1.637389320923708 -2.2397292736687655 -1.1719111659384651 0.5428130793254187 -0.3071037353758048 2.5922455285121107
1.0043156426610882 -0.4470530293046647 -1.1685512437045245 -2.4431310907124986 -1.157463490996447 3.825799271717112
-0.77070567045351 -2.150520485360964 -0.8636564985758088 -2.7584099239852096 -0.9825909965871786 4.978496660857957
-2.888551331855369 -1.9157741881218997 -1.9154568391977569 -1.6713759698802972 -1.1596218780296992 2.9795934018847747
0.7966101694915255 0.5457627118644068 0.7016949152542373 0.7016949152542373 0.4949152542372882 0.7694915254237289 0.5932203389830508 0.7389830508474576 0.7423728813559323 0.7559322033898306 0.7966101694915254 0.7932203389830509 0.5016949152542374 0.6372881355932204 0.6813559322033899 0.45084745762711864 0.7389830508474576 0.7593220338983051 0.4440677966101696 0.6237288135593221 0.7457627118644068 0.7762711864406779 0.4813559322033899 0.6779661016949153 0.7322033898305085 0.4271186440677966 0.7322033898305085 0.7966101694915254 0.2915254237288136 0.776271186440678 0.7593220338983051 0.7796610169491526 0.7220338983050848 0.5491525423728814 0.728813559322034 0.7050847457627119 0.7118644067796611 0.7152542372881356 0.4542372881355932 0.776271186440678 0.7864406779661017 0.7389830508474576 0.7593220338983051 0.7322033898305085 0.6745762711864407 0.728813559322034 0.7457627118644068 0.5898305084745763 0.7694915254237289 0.7322033898305085 0.7220338983050848 0.4949152542372882 0.7084745762711864 0.6067796610169491 0.7728813559322034 0.7796610169491526 0.5559322033898305 0.43728813559322033 0.7593220338983051 0.7830508474576272 0.7355932203389831 0.7491525423728814 0.5152542372881356 0.7966101694915255 0.7389830508474576 0.6915254237288135 0.7423728813559323 0.7593220338983051 0.4576271186440678 0.5627118644067797 0.7694915254237288 0.4915254237288136 0.7457627118644068 0.5559322033898305 0.6338983050847458 0.46440677966101696 0.6745762711864407 0.6745762711864407 0.7152542372881356 0.6745762711864407 0.7457627118644068 0.7593220338983051 0.6779661016949152 0.6406779661016949 0.7762711864406779 0.7322033898305085 0.688135593220339 0.7627118644067797 0.6779661016949152 0.7254237288135593 0.6813559322033899 0.7898305084745763 0.5728813559322035 0.7661016949152543 0.7423728813559323 0.7389830508474576 0.7661016949152543 0.7389830508474576 0.752542372881356 0.7322033898305085
0.01022561200155935 0.010399361533170674 0.006296410636889846 0.022106687807973115 0.010587432658354944 0.00936225800162746 0.00709355961992877 0.007699094953750089 0.008939427565351002 0.009364871809570506 0.01828847264664865 0.01126944927173751 0.008029458034272565 0.015496457284597153 0.007544367072266248 0.009368905491443076 0.006523305145084908 0.006458730427276253 0.0073658595957305185 0.007201731871460753 0.008046000439843264 0.01242951550300771 0.007929823483618259 0.008551017189071239 0.014930268264316966 0.011595444393558965 0.0058362382137826145 0.011757403305967796 0.01860628620165668 0.009776689281985359 0.009036985802556777 0.011198995341315429 0.02825076793723105 0.008075352499159177 0.007231989889301525 0.008049538256719562 0.012118064503985091 0.008435909048723385 0.01123159496346156 0.008065397509999638 0.005986533965463512 0.01231033051084893 0.010614580368281975 0.008918973668319351 0.021258186897331253 0.0085691935551479 0.009252450179623346 0.02239425404443406 0.011218142219737687 0.007904858879959974 0.00923830671052 0.006971339087436884 0.008787773468445247 0.013041259189404058 0.007683339011332322 0.01243986250956437 0.010248583275059914 0.008445404271154245 0.007325568485541285 0.010022181178033863 0.008480354874201308 0.00549266691896722 0.010148326949782937 0.008200968523575883 0.008974235723375136 0.014166548093467351 0.008262467440351258 0.00815202043044568 0.014913794820445681 0.0078502430257497 0.0074083615280577985 0.012874386535310171 0.011633123865779573 0.010960648659223608 0.008126523900810728 0.009222182063069071 0.005593671939931603 0.011634733479033705 0.008672216784268383 0.012338898450491227 0.007876622937193923 0.0073170440405278415 0.00960922102569761 0.009495865418019655 0.007259987270180829 0.008185032903536588 0.006766935062150906 0.009864764241061714 0.014069605016237769 0.010442579285710355 0.00768644863029303 0.0060530338334184265 0.008906349873423116 0.006494918915326142 0.006873011556298612 0.0059938239604065335 0.008581658543821816 0.007207795623067519 0.013769575431865922 0.011033495491827899
