6
100 100 100
100 100 1039
5.0 1.5 0.8
-----
100
100
5.0
-2.9880791353791576 1.0384799145906811 -2.753195046542443 -1.3665446072700957 -2.64586739690935 1.179641997815799
2.4474867833262763 0.9649693862904436 -1.187210710057157 -2.5337111480259717 -2.81495505951904 0.6361744222925514
1.333199646884605 1.3346346840444427 -1.2906255152733745 1.7303266271648639 -1.2165160842677125 3.700594053497835
2.031301751291492 -1.1483137953839027 -2.9188185832962867 0.9928708780311375 0.03801068021233389 2.7184352807630296
-1.758945223849516 2.432657059660343 0.8396645973921175 -1.2236448317998403 -1.1392933579271427 0.9049614609364975
2.035673046256248 -0.3244767960523456 2.214941037168412 0.9811363915023348 -2.622702273839236 4.817730339494401
-0.37012398871620533 1.8459615203590642 0.6533648124733462 2.871615929914949 -1.514582761028818 2.1805579748885364
2.4925667287875095 0.06345653652040095 -2.290713064296871 0.3122810072659421 -1.225813708933276 0.5986986420222784
-2.5998937634540544 -1.3419828749780836 1.4841678292866805 1.4515358021252984 -0.4465138219832019 2.2881474461037588
2.783638764349261 2.814528570986976 2.0087405327192043 0.7436028118445699 -1.6355393545175057 0.018278031879124246
2.6369747744754903 -0.3062037901852599 0.384207333561966 -1.3060786897544459 0.487754273757369 3.4638586158905094
-0.8257021829231999 -2.373478918344314 0.2873493222400092 0.7627187991497322 -0.10898564836014613 1.0628375197889461
1.196234003248276 -0.3164645303952178 -1.9928187561987292 0.6430105916557789 -2.4180471100742023 3.8741718412015
0.8848769955499449 -2.837881745344562 0.6838649077719099 -0.5310082173183392 -0.3924044278617327 1.2645980537009804
0.9093753018105715 -1.0691458302736057 1.7284766359766497 2.3076022222995274 -0.3685198762722237 1.389881822980129
-1.7915879773105878 0.5090311313392557 1.123833879410796 -2.8504861499122898 -0.16010482638694112 0.5563121944205296
-1.559887673905016 0.8860515065277479 -2.263924912595343 2.13213854779599 -2.003957210007417 2.2627838310188952
0.08465433180044268 1.2885354681152297 -2.6347109706170317 -2.913086378554135 0.16265241733133884 1.0762901229036947
-2.779635642096477 -2.2623621057683794 1.8083383202442782 2.092499685377394 -2.349731380802634 0.4703634702894355
-1.5184160061128305 -1.0583729138630633 -2.1773830950900694 0.9770855024694862 -0.6527988900586905 0.673784563758969
1.242947436741714 0.8071610284620476 -2.3887140515100156 -1.449654813942757 -0.0492201860488537 0.609851021732658
-2.046915278698075 1.9755010382920997 -2.9016926267454206 -0.8672463326899651 -2.471527258723946 2.5494871061233173
1.8840063465690227 -1.8745376082764245 2.5163921103802185 -1.3923736323258091 -2.479159185337493 3.7110149611857035
-2.9744195537980143 -1.116770854866341 2.5331397227135515 0.3857548401258053 -2.877170260067404 0.009241255110549185
0.03824231343793061 1.508152359577421 1.8343723078822567 -0.6668780335355371 -2.691685279612929 4.307873975387185
1.9746587057382783 -2.4870234073126114 -0.8297533778501558 -1.6566408216682391 -0.28338065103331056 0.5242381165988075
1.356068441136686 0.8921821647866408 -1.4608514209134063 0.17231193417887347 -2.614420304025315 2.2972623763732702
1.9234428112499158 -1.644774137386392 -2.369797965742755 -1.4036142057503187 -1.7304888832046983 1.1052651668582525
-0.8554179858294328 1.67791809257396 0.6574454649342876 1.6389815179459646 -2.0052252262755355 0.3790412435433832
-2.7092954892614474 1.4799931237723953 -1.4845079603885107 1.0719328202415568 -2.6920802014029714 0.3420374907588075
-0.26611008600002783 2.3996733849697254 2.6083692464087935 2.1810198407192978 -2.0194938685486394 3.1386521761782946
0.8487725553946208 -2.7162434166476577 -0.7974068004484685 0.9844721084445922 -1.7674155959266291 2.1739563116338556
1.4610247619091243 -0.3786258640186051 1.2009542135019124 -1.0754706138914742 -0.21253390044593123 1.9637084795084048
-2.4596320824306184 2.29429152895759 -0.8659132795412239 0.7449413182164255 -2.534394941123124 1.50312958244316
0.5399187249085982 -0.22139323901782149 -0.6701489426624283 0.5712495250189535 -1.51114016486853 1.3466952399601062
-2.9728871322603685 -0.34104152876421523 1.4076676563697585 2.64827670623815 -2.8366133780314 4.71283193764931
-0.5298412547931712 1.9202317273914176 1.2345484391571269 -2.0568897345979016 0.4241013976090007 0.059424467566641104
-2.1469050916111687 -2.626299186961243 -0.7149664548561332 0.8703226538928184 -1.5941378532119141 3.5727522261736624
-1.4490360027406077 0.14663535953063667 -2.2002046984444323 -1.738135968001533 -2.18444169086198 4.700826192312876
2.390682104813889 -2.848741845490117 -0.22179738899893886 -1.2946096828939 -0.7528618515494712 2.6684879355365587
-2.371681685225481 2.042639180001675 -1.5405834576939093 -2.392574960305084 -2.3079987093148278 2.990815409002817
2.6359125137855237 -1.6921336324088108 -2.552632118800539 1.9244054795508418 -0.23538727711651264 4.192941891647219
-0.9028656545604634 0.10713881111912071 -0.6293087354190128 0.706542479408383 -1.0143453017000215 1.544929519079199
0.9227991591372215 1.9974529894002169 2.009625875381773 1.7121646260225907 -0.7801448253637986 1.5462259841726267
1.1748129272396106 -0.5146193003750081 -2.3407580421893575 -1.5728840406123292 -2.4660623943012334 4.0588369823012735
-2.8017508281531476 0.5956699033686839 -1.0680373871616822 -1.2686158664477385 -2.056284644852685 4.198397956259273
-1.53752465371835 -2.083643297425575 -1.0279181288574812 -1.1417396909109527 0.007125662794253973 4.879574189862436
-1.0622934020220849 -0.4672587110568247 -1.6872834844945688 -0.8574126828906152 -0.019607642866709796 3.5015215271220947
-0.19069504868062515 0.7036631864316014 1.0944366355969564 1.7562062115848542 -1.6472013403889867 3.229485805354356
2.6618351298541203 2.0324557861430037 -0.8608368015255907 1.6933128977152352 -0.22749163364303726 4.082939762143391
2.0207088748022404 0.8342186000636627 -2.85436331723415 -1.7460668682965554 -2.513596542447158 4.745152497125299
1.022180467368952 2.189922956772886 2.2888915417965627 -0.9444259403236397 -0.9491867776685483 1.355986367790527
0.6440594210456156 2.9810447330272947 -2.966698203643289 -2.6737632621953082 -0.9577163494602492 2.890117542840316
1.468261565739815 -2.9056589076737214 2.4313460813297123 2.3555334269301778 -1.4406689645635553 0.7593121833585725
1.080885928209394 -1.5683907985736876 1.3849559548558048 2.240750121988121 -0.09434081216842127 0.7844017326756336
1.8357243507847674 0.36943254616637455 -2.006540434886223 0.9609281057705803 -2.0939897565595826 4.900825914877416
-2.142326781245923 -1.535111201829289 -1.8195129866669846 2.0795052502293334 -1.5425188008012638 4.074830679281033
2.727113967299955 -2.8854492493809327 -2.6706884852021004 0.07040053560416393 -0.7911511047094621 2.106003785131312
-1.2385312596286484 2.4004771298969088 2.3672686298985886 2.8298748836010166 -2.753520406106128 4.354985921409518
-2.389375104667436 1.702538317406658 -1.705092115054632 2.5720114802989933 -0.410244454636127 1.089919540842187
1.1155304346463755 0.9613688136473044 -0.5461645633156449 -0.2157952997211554 -0.5069747375745166 1.9919210869935633
1.7494350838078265 -1.000318345534783 -2.2605750015037938 2.8224939716336124 -2.7637895851114753 4.625354584022815
-2.9456590141973296 -0.829769991251208 -2.8317590724843127 -2.5533393787221916 -2.469085481768039 1.5053323407757147
1.6036686274796832 0.5930037194694098 2.4286407865421253 1.3338507106792186 -1.484527078488054 3.5530512133831404
-1.217532921774196 -2.674122893438704 1.6498521265460084 -0.1914651799756384 -1.5202258096400616 3.959783935767968
0.6737264429529071 -2.075568047839226 -0.5460729509268991 2.9918821793540094 -2.1523470267854146 2.2022799320409883
-0.14832934430611733 0.49727860075691765 -1.7162148855573842 -0.17466136747433625 -0.9983796194500427 3.4706271230329753
0.414302146182949 -1.3379318393069322 2.4856891751567662 1.2057056867546843 -0.9299535054225698 4.783411035694501
0.22657399613790208 -1.0492449569871054 -1.7069549685211727 1.6033602953699777 -0.5108731812911627 0.9472933129002703
0.22021090935791943 1.591521175886216 2.972940308176687 -0.13072725362867077 0.49725377687326544 4.9138367540650485
-1.4505185608207372 -0.3211532677585627 -1.1685544236288514 2.087808110184957 -1.0886089342843794 3.2836472133435644
-1.8060138996266013 -0.8026053443091374 -1.7988514926314925 -1.030406639765003 -0.6005523960719326 4.724556541401501
0.16280933563212807 -1.7524363614021188 2.543456353974424 2.4415989245803633 0.12304499254095624 2.1523556624795406
-0.6627629722840669 0.22842334153789867 2.2230691614227744 2.0738086778188816 -1.7851188663006543 2.710471026909058
0.3190361927946448 0.4616740628620737 1.0772035875259762 0.4841655552264412 -0.5574447175550481 2.048257714922105
-1.759192788402716 0.4920686406742689 0.9530824222711072 0.6305032859028783 -1.0054238607528285 3.3150460443278487
-1.0895480637451338 0.2521728538028847 0.6243532629364199 -0.5089123425268518 -1.6787136740934145 3.531786537098458
-0.5816379778864382 -0.2775538748767552 2.574112259870489 -2.6001939781455303 -2.617328480901084 2.0222317223950457
-2.5902008849865 -2.4111227568400633 -2.973723310017857 -2.5664302946937934 0.007207886149112053 0.4877419559467244
-1.627522747550703 -2.817366298119844 -0.24385545020668475 -1.2636036506740451 -2.2755739232512955 1.8664148423791693
0.8097126963209247 2.0568364538812016 -2.911846582765488 2.733133067704185 -1.7198821133105775 1.8478831824204267
0.6373689831517866 1.035457108685888 -0.26301319862649875 -2.7404698107403798 -0.8676831148324551 1.2468301788055292
-1.47719720349876 -1.2995553583971677 -0.3903782639372966 2.399338716597299 -1.5465590015548254 0.8487159812822109
-1.6892238458773106 0.5567270543262159 1.834993500234944 0.3164614949807034 -0.39965684633732357 2.8461246204310333
-2.761549296218978 -0.2505752130987382 2.6671817981637123 2.050672781439955 -0.95525220790904 0.1685708466855751
2.443602441289764 -2.605085579689825 0.4028947317180509 2.142286650387506 0.484358505993459 0.9858278703064405
-0.7780435450768612 -1.7860099783566388 2.0235475853149065 -1.4862056700495807 -2.786309034997611 1.696222306458871
-0.8908539145984489 1.4146947221042003 1.9766341228660282 2.9311534332700493 -0.4544001563289921 1.2739066650907138
-2.435337074604183 0.6771376044567212 -1.3095199941986424 -1.1638071415699285 -2.460616463535489 4.7836579126703525
-0.9634859810577021 0.3722652536206832 -0.7461960547640665 1.5955162519990775 0.17223304972669196 2.4210145308200515
2.878284721880819 -1.8015964529147772 -1.8680202828721613 -1.8497842082342864 -1.7893266942857058 2.1275681417234438
0.14980767631837377 -2.3410084705072323 -0.8373683378810184 -0.42653414042621973 0.06659139246324575 3.5640830575999907
2.420107317103996 0.025655539568406827 -1.9686520158672725 1.463789663038094 -0.6678592876478411 2.652638915550194
-0.726726852228845 1.1544056813846648 1.1077739363696022 -0.8388702142063806 -1.784976809510177 4.3946920691372915
-1.7435663562125745 2.4000408308634764 -2.0334137052050933 0.6001395791945923 -2.7141964083590473 1.4354307369123964
-1.4384933131382578 -1.8237662421146945 -0.31780057551675656 1.068410457263992 -2.7086855077321244 2.9859852365289044
-0.6084499579731713 2.953068896180893 1.3481023939861103 -1.2085480133360944 -2.6257019846378418 0.3261316051995389
1.3657512720003293 1.002488541831692 -1.687048351461121 -1.0795443317888016 -2.5964451554582633 0.4053582320618798
-1.9997496448793624 -0.844421312638509 0.19151742043610254 1.3654569973265271 0.3004322657908256 1.2965788439574388
-2.455568877539121 -1.2474636968803594 2.2096171254594736 -0.8234804061901899 -2.6172358143761913 0.7106590546390557
0.952542372881356 0.8847457627118644 0.8576271186440678 0.9966101694915255 0.9661016949152542 0.9559322033898305 0.9627118644067797 0.6576271186440679 0.9661016949152542 0.9661016949152542 0.9118644067796611 0.9593220338983052 0.5322033898305085 0.9491525423728814 0.9627118644067797 0.9661016949152542 0.9457627118644067 0.8440677966101695 0.9661016949152542 0.9457627118644069 0.6677966101694915 0.9423728813559322 0.9593220338983051 0.9661016949152542 0.9661016949152542 0.9186440677966102 0.7661016949152543 0.5389830508474577 0.9661016949152542 0.9661016949152542 0.9661016949152542 0.8847457627118644 0.9457627118644067 0.9661016949152542 0.9118644067796611 0.9661016949152542 0.9661016949152542 0.9491525423728814 0.8305084745762712 0.8915254237288135 0.9627118644067797 0.9898305084745763 0.9457627118644069 0.9627118644067797 0.9661016949152542 0.9593220338983051 0.8 0.7830508474576272 0.9491525423728814 0.8338983050847458 1.0 0.9661016949152542 0.864406779661017 0.9627118644067797 0.9627118644067797 0.7559322033898306 0.9457627118644067 0.976271186440678 0.9661016949152542 0.9627118644067797 0.9084745762711864 0.7220338983050848 0.8745762711864408 0.9559322033898305 0.9457627118644067 0.9457627118644067 0.8101694915254237 0.9627118644067797 0.9288135593220339 0.9661016949152542 0.9457627118644069 0.7898305084745763 0.9593220338983051 0.9661016949152542 0.952542372881356 0.9661016949152542 0.9525423728813559 0.9627118644067797 0.5254237288135593 0.9152542372881356 0.8677966101694915 0.9355932203389831 0.9627118644067797 0.9661016949152542 0.9661016949152542 0.9457627118644067 0.9627118644067797 0.9661016949152542 0.9457627118644067 0.9457627118644067 0.5491525423728814 0.840677966101695 0.43728813559322033 0.9661016949152542 0.9627118644067797 0.9423728813559322 0.9661016949152542 0.8813559322033898 0.9627118644067797 0.9627118644067797
0.010000000000000004 0.010000000000000004 0.010000000000000004 0.010000000000000004 0.010000000000000004 0.010000000000000004 0.010000000000000004 0.010000000000000004 0.010000000000000004 0.010000000000000004 0.010000000000000004 0.010000000000000004 0.010000000000000004 0.010000000000000004 0.010000000000000004 0.010000000000000004 0.010000000000000004 0.010000000000000004 0.010000000000000004 0.010000000000000004 0.010000000000000004 0.010000000000000004 0.010000000000000004 0.010000000000000004 0.010000000000000004 0.010000000000000004 0.010000000000000004 0.010000000000000004 0.010000000000000004 0.010000000000000004 0.010000000000000004 0.010000000000000004 0.010000000000000004 0.010000000000000004 0.010000000000000004 0.010000000000000004 0.010000000000000004 0.010000000000000004 0.010000000000000004 0.010000000000000004 0.010000000000000004 0.010000000000000004 0.010000000000000004 0.010000000000000004 0.010000000000000004 0.010000000000000004 0.010000000000000004 0.010000000000000004 0.010000000000000004 0.010000000000000004 0.010000000000000004 0.010000000000000004 0.010000000000000004 0.010000000000000004 0.010000000000000004 0.010000000000000004 0.010000000000000004 0.010000000000000004 0.010000000000000004 0.010000000000000004 0.010000000000000004 0.010000000000000004 0.010000000000000004 0.010000000000000004 0.010000000000000004 0.010000000000000004 0.010000000000000004 0.010000000000000004 0.010000000000000004 0.010000000000000004 0.010000000000000004 0.010000000000000004 0.010000000000000004 0.010000000000000004 0.010000000000000004 0.010000000000000004 0.010000000000000004 0.010000000000000004 0.010000000000000004 0.010000000000000004 0.010000000000000004 0.010000000000000004 0.010000000000000004 0.010000000000000004 0.010000000000000004 0.010000000000000004 0.010000000000000004 0.010000000000000004 0.010000000000000004 0.010000000000000004 0.010000000000000004 0.010000000000000004 0.010000000000000004 0.010000000000000004 0.010000000000000004 0.010000000000000004 0.010000000000000004 0.010000000000000004 0.010000000000000004 0.010000000000000004
-----
100
100
1.5
1.0225812318327963 -2.2291235743505715 0.5853661105586367 -0.08452775548056907 -2.1351183243554495 2.014573335049917
0.37152365534197007 0.21108497572614437 -1.6408141648934929 -1.322309607968916 -1.2871844336772036 2.50972793067283
-0.8575883210237714 0.012541451249758084 1.0071115932520172 -2.9772943711877637 -1.3429963393902897 2.7124209942380553
1.8500464391392226 2.428337841853632 -0.4390819756017996 1.4874127667310622 -1.4074087436394067 0.025288392135363047
-2.600825493779072 2.013666217576846 0.20258480993376038 -0.3433803027221851 -0.5307193465576456 2.1088029900024194
-2.834132465767299 1.7104075053427787 -2.256078239229925 1.1960210863342222 -1.7457728797168282 4.587109852811118
0.022172724593281234 1.8637645909277598 -2.288700728308763 -2.3423505741359447 -2.9254027711298827 2.259681232030995
-1.397293862425961 0.8217983849155457 -1.8205525957311277 1.6009990744335858 -0.6188407049603419 3.993712116841495
1.9156880196146981 0.19489606429946876 -0.7154285714226658 0.1878299981794893 -1.0693256459961225 2.5408861637339832
-2.5545738762378116 -2.837336482851841 -1.228225745517422 -1.3637202788536456 -1.4387584152343558 3.299114616820348
-0.8977665937089632 -2.8316516371688847 -0.3377186169119508 -1.6072405340713127 -1.3770325731068094 1.8163712468803954
-1.311408427141152 -2.116218491355799 0.6671965252790288 1.802510066076835 -0.36234369862842686 4.320610291855111
-0.04404973644791821 -0.5530313652409669 -1.3861219374865918 -2.561614302422827 -0.4754612559711975 0.9279072021846391
-0.4945822976746228 -1.6519038236331705 -1.005889351892833 1.9709686452026927 -2.8621845692982406 3.3442027017667444
2.0409076705905993 0.7497374509637953 -0.09710592321493339 -0.8460331813225146 -2.8584688143045485 3.0428001686906114
-1.306513523319607 0.344496217173272 -2.2510708256240872 0.6289741823718359 -0.1940260032485993 1.5607097263269731
-1.1588781070661203 -0.3609901879270604 -1.6036160814591205 -0.9112580414758633 -1.5765267791878281 1.8445310332598908
1.610413500324463 1.9067703208266487 -2.021650487579551 2.948246977143865 0.1028499768046992 4.986419112118563
2.6447910240053303 -0.5764882206304536 -2.4831567858067536 -1.280152519714737 -1.0748627785539195 1.1288943849861175
1.6871089450266543 -0.24162594780287228 -1.8694042396734873 -0.5465741122159695 -1.4487344909932087 1.3297022932284637
0.33703317570091584 -0.052144408779036144 2.696297854979714 -0.2577008297393433 -0.8497676546332105 3.092405842143976
-1.4960601707782373 -1.7985067799326981 -0.42239957121652383 -2.0900032174396648 -0.6240770094068488 3.1746714900873583
2.9890044912315656 -2.6592414950222683 0.7547847522425565 -0.8073537590168383 -0.30907710015236284 1.9013027509977998
-0.22331732730076825 -0.3995922436063344 2.649317029260344 0.1316657036441246 -1.7319822530359212 3.9009287695607204
-1.7627654569489113 -2.53832302649252 -1.4609710145003847 -2.1659357347427095 -1.5598918147000187 0.29887326935706643
-0.5844071781905595 -1.6991035168928454 1.2982833620655487 1.5414592277533616 -0.856310170574511 2.4499692550177423
0.3011877926971467 -0.020023523691349077 2.9707169990740843 0.7899302096423574 0.0796023501799179 3.8461461831620953
1.9124130592799915 -1.129178286302143 1.5286780210342867 1.0835760828436865 -0.44017417979807427 4.663717982766513
1.9473835287418453 -1.424852421834899 -1.9258629327310017 -2.7201515733567865 -0.1048980181492617 2.5533561253386092
-2.6263475228595636 -1.5865999734237302 1.3732997792357184 0.6792441062399133 -2.4716049767006854 4.097335019333439
-0.4369240268744341 0.9044637096369121 0.7161619887245574 1.255603755708569 0.08267812673161146 2.6919779018139818
-0.17820800098102874 0.441828954472431 0.32799790043300653 0.5175764767743667 -0.6709373668780034 1.8845659829937325
-1.8038019190971797 2.3735759830969108 -0.4127294931195975 -0.10674485466317055 0.16610675048298362 4.990377301689062
1.0962557716394872 1.0006891570746768 2.4371516533284243 -2.3042047263296457 0.16241846268463034 1.3556344454933895
0.6308891022190939 2.2002689614157473 2.4067870962902873 0.9856543444469315 -1.8554515044824351 2.304640024162658
0.9496939961726327 2.9367322919559458 -0.5622767190629203 -0.2501117716159693 -0.055364260961127475 2.662443922699679
1.9264870068605058 1.5543526660873987 -1.2930557294518854 -2.9966241224333565 -0.3259543578654598 4.429241512233769
-2.029994403389714 1.8631530095528381 2.414105786957838 0.7698860586443961 -2.846927134305174 0.6486102922487094
0.5461130448182211 -2.4177558634995036 -2.2858714563632523 -0.6390424346323922 0.3814431753988582 1.7734550685216317
-0.32088611311350146 -2.2688903516948757 -2.26347524963043 -2.0421244022440854 -0.9422841760194078 1.507030345952789
2.6223655734050766 1.7623228833523696 2.623303414241811 2.3611546535715995 -1.1318035808182487 0.9482131410080644
-1.3732321208717508 2.565622263453326 0.688048435236556 -1.141217070718746 -1.196356786619558 1.276477610067575
-0.8237105381713463 -1.596379629784816 1.0339695195140122 0.5627149446157509 -0.5803248521215434 4.551076914795348
-2.02753731246764 -0.8895511627197876 -1.5984625079629042 -1.1356094960160208 -2.8764073990938117 3.5416057797168574
2.076108067304291 -1.955679536233921 2.4750680743978077 0.19527276994931286 -2.830651360819739 0.9481543098860115
-0.45246110862444694 0.5594565441286692 2.486437771548622 2.759548113372129 -0.05784495756003705 2.348207041572856
-1.6963100201532852 1.0864672371457678 2.1154785885466114 1.7075938523737748 -0.9264083368637812 1.1889059368854746
1.5908067921458566 0.8832755104082244 2.8496742206855767 -0.7027224706463429 -0.43854268654445216 3.443692474319703
1.5785220679749283 -0.6569260407168818 -0.13907482157807016 -1.3945813010799415 -1.1019132867020396 4.897946301832189
-1.9305448145173094 1.8179272076960793 -0.8364330740827763 1.6853064351966485 -0.23011670925053163 3.444144383528352
1.482981416861409 0.23910976707144194 0.4869798612937253 -2.302964671340337 -0.9112125338279649 2.0208288539725103
2.5310033063223694 -1.8842849972174263 -2.3867965958262896 -1.7713438897892753 0.16018806395572538 2.8290151495583222
-1.7199557987486442 1.1071641210734384 1.8912585331022451 2.0502887674198274 -0.9682933977503541 1.328510340763655
-0.5583746395381382 -0.37853602633922945 -1.4218898052424198 -2.718382694921083 -0.3328657505937636 0.0355145975602662
-1.1796975715830356 -0.4801681664063906 0.7739102097329427 0.5742802374910636 -1.8427025426397106 3.6459095392553778
-0.7778096476449039 2.490594794736407 0.1756192671081931 1.9631786175953336 -0.5980995882088127 2.0219871247163237
2.741856111761334 -1.6732827319308234 -1.001033469940152 1.2224029812296857 0.3917588610413218 0.8866732505283239
-2.3967254762198946 1.487803482028966 -2.052176494191332 -0.813805265577684 -1.3455865078788738 1.4757278806300187
2.624136285624804 -0.33841831778539655 0.027129375251726207 2.8420875964010897 0.42428362723048707 2.1718639126775705
-1.783583285011733 -2.32098716346486 2.821167848075774 1.3227963638183127 -1.2899387093223476 3.318219830259186
1.9243341550754824 2.4491428219573432 1.6944544364882077 2.164833205670229 -0.887106576146538 0.9139238328106387
1.3060166037715444 0.3443386868398536 -2.810629024319198 -2.39485325830323 -1.725269875126226 0.9202143690732114
-1.960705287896902 1.379801928928252 2.7770471176470175 2.134854022336666 -0.9672697703031312 3.207816303934163
-1.9062246931041489 1.8716426384977356 0.7768886357260483 -1.3045759862343933 -0.24847490292733293 1.756454486381525
-0.020951559504045036 -2.9061113170762187 -2.32134397858717 1.8074855833679493 -2.0795226576432015 1.805925580994628
-1.4001725504820586 -1.8407292625607294 -1.0550214315025945 -1.2601542092410352 -0.145859100096702 3.2934043912944615
1.1920643756331053 -2.3035405675488465 1.308220468437363 0.8575871205117792 -0.11244308031099283 2.583685749315881
-2.838236269607758 0.642082278405419 1.206206623967867 0.22683628733659672 -2.3374801374284706 1.1479742011909582
0.1089844208956312 1.0776120316452995 1.80191128026585 -0.5965512124888392 -1.680292525219814 1.8240502677211354
-0.16536199999966583 -2.449842817648644 -0.4017163845265115 2.1196926546552044 -2.7548951918722713 3.9935635034140677
2.7312173629162912 2.3475659048507205 -1.139244804247951 1.7972484830932942 -0.5593765412453852 4.043095801938426
0.4157418727650528 -0.8765396564682648 -1.1652340490150173 -0.3804041804920373 -1.6620108991599096 4.498076029329939
-0.39207358357605215 -0.7991871196939642 0.5568863795078951 -0.3765215636049166 -1.947009628694289 3.4081832752215777
1.0699463820298494 -0.43710346686057866 0.876314002353046 1.339404144645028 -1.803359028167027 2.337451222232805
-2.0439986109216406 -2.781048513973962 -0.8634724538100009 2.8671414939504984 -2.102648083923789 1.1297181187942744
0.8565285875850774 -2.8664610921648332 1.501852727290368 -0.3872603218474726 -2.6599478470620186 2.4065506830794763
-1.7569619055138461 1.1567175013345743 2.7912960316856372 2.455389054259055 -1.0731430178566739 4.137735465462143
-0.26197527380650776 -2.5700667902067815 0.25759353833290977 1.5333833962788215 -2.47435565544994 3.2678404554737424
-0.7832891741929933 2.0321984707029266 -1.6577098254301315 0.6937237273586978 -1.309658216914143 2.140992349893649
-2.18785789662516 0.6955715350178673 -1.307161557923696 -0.5777080099112237 -2.7680283040775153 2.1219966273931985
0.27903312646724276 -2.0351731323741253 1.1793010577783771 -2.521116458159362 -1.667189743583628 0.4691724766305092
-0.3258076979353134 1.4793897123928699 -0.4900417790153968 2.189694055621569 -2.3141940391243994 1.9540413302299453
0.06909620767003655 1.8533992023172057 -1.4066871583486322 2.2989592112552835 0.35836935079085586 3.0043930198591218
-1.842931666958935 0.2459430205885349 -2.481839925218292 1.4678358156792197 -1.6362298599080198 0.4934044767179401
0.02930739595832277 -0.054756989426143945 -2.7483108792348037 -1.1089609029146077 0.265954883009744 1.2643314342096044
-0.5796526408546763 -2.7371982460918725 2.3452607021357577 2.5355497607574424 -2.294396813116693 1.8647543539755516
-0.07319946797786692 1.7721333374820147 -0.15852748985828846 -2.072140540842718 -2.3285510740635784 0.7348687811646504
1.4408268043282342 1.509873353699357 -2.18402750849475 -2.0944627550781876 -2.2735880808544677 4.774600967970794
-0.807014655623175 -2.7691342927074114 -0.41842118897214586 -0.7403856065856174 -2.156318375811502 0.5625851864163898
-0.7352036797587855 1.3565608486866931 -1.957936820678773 0.9209130911679269 -1.3454911191416112 1.2345496988993958
0.14699636573993224 -1.8632953753478119 1.591042617896715 -0.9763563960779924 -1.8375732221480827 1.1314922983976947
-1.2554988645864509 0.32334754090022677 1.7725817943143993 2.8798838865333884 -1.842625681801385 1.7766434344874265
1.4959930843221274 1.4230331142551125 -1.4943678828882767 -2.178753389154002 -2.120888801327535 4.388511105701304
-1.4602769183385327 -0.1990877455044533 -2.344345321159647 2.6803683094328385 -0.24077045595995278 0.4173342102048043
0.6880190726934423 -1.6177812218139143 2.6532306284415776 1.9203863194886024 -2.357089782880197 1.8068554328867397
-2.472171162905604 -1.8166522779352774 2.7306353183499317 -1.9073857917543569 -0.9637414608286792 2.514972243517071
0.37699668882074866 0.6208798217896291 1.8665581762273553 -1.5281550684805354 -0.4728511346218113 0.7689438055117387
-1.726677707015278 -0.580548074846813 -1.3222419707259856 -0.9796416011338207 -2.2677188818912333 2.3313879738257803
2.364428521572202 -0.18240872736809413 0.5860257021744291 1.2436973830106912 -2.3784540392144806 2.141306615575586
0.01792936752557761 2.5532463270293 -2.5155504619321323 1.1215467113730195 -1.2493245755128806 2.12485060864024
0.9355932203389831 0.728813559322034 0.9627118644067797 0.9661016949152542 0.9661016949152542 0.9559322033898305 0.8847457627118644 0.9322033898305085 0.8711864406779661 0.8542372881355933 0.9050847457627119 0.9457627118644067 0.8677966101694915 0.9355932203389831 0.8983050847457628 0.9118644067796611 0.8745762711864407 0.8305084745762712 0.6915254237288136 0.6711864406779661 0.9627118644067797 0.8779661016949153 0.9389830508474576 0.9525423728813559 0.8983050847457628 0.9491525423728814 0.9661016949152542 0.9423728813559322 0.42033898305084744 0.9627118644067797 0.9491525423728814 0.9491525423728814 0.9661016949152542 0.9627118644067797 0.9661016949152542 0.9491525423728814 0.7254237288135593 0.9661016949152542 0.6271186440677966 0.5423728813559322 0.9627118644067797 0.9661016949152542 0.9457627118644067 0.8508474576271187 0.9627118644067797 0.9661016949152542 0.9661016949152542 0.9627118644067797 0.8813559322033898 0.9661016949152542 0.9355932203389831 0.9322033898305085 0.9661016949152542 0.9627118644067797 0.9457627118644069 0.9661016949152542 0.8813559322033899 0.9627118644067797 0.9288135593220339 0.9661016949152542 0.9627118644067797 0.888135593220339 0.9661016949152542 0.9661016949152542 0.8915254237288135 0.8305084745762712 0.9423728813559322 0.9661016949152542 0.9661016949152542 0.9355932203389831 0.7864406779661017 0.7423728813559323 0.9322033898305085 0.9457627118644067 0.9627118644067797 0.9491525423728814 0.9661016949152542 0.9457627118644069 0.9457627118644067 0.9491525423728814 0.9627118644067797 0.952542372881356 0.9288135593220339 0.9627118644067797 0.7118644067796611 0.9627118644067797 0.9627118644067797 0.6237288135593221 0.9355932203389831 0.9322033898305085 0.9627118644067797 0.9661016949152542 0.6949152542372882 0.9627118644067797 0.9627118644067797 0.9627118644067797 0.9627118644067797 0.8779661016949153 0.9355932203389831 0.9084745762711866
0.007308692933038787 0.00564345162699581 0.009495727592475838 0.012436324360155125 0.009040120132876162 0.013158056574118199 0.01102302244057666 0.00853330620189938 0.0056877167839143915 0.011477739599681385 0.008664532293819334 0.010391408698843132 0.008637743604749004 0.008990451288019582 0.00933370148736599 0.007477286398545683 0.005542472969045392 0.02510237329921969 0.009267911846533056 0.006444928251112585 0.0075359086452208585 0.00903071146521815 0.011583542068519031 0.007792522477547342 0.013077896295924664 0.0059902121151848035 0.010969091303330113 0.011168566552318262 0.01228396212974001 0.010284426667729912 0.006973768335581329 0.0049734432790562244 0.019958179890555563 0.015125106727134576 0.008492660089547119 0.011258997045026625 0.019913997884696267 0.012286156563179728 0.010256475721128531 0.009281669188930863 0.015600120067869096 0.008481262856817983 0.00850986250995308 0.008975521174390362 0.017293785270584405 0.009772890395381147 0.0075875543921683775 0.011500447726641947 0.009979940830773868 0.010259220081506794 0.008132943941795517 0.013211224594658266 0.007495129941063649 0.011270049023546636 0.005613771068953505 0.008287768898477516 0.011293527074472948 0.007675457457604329 0.012701951441324301 0.01071549279463153 0.012599087345970122 0.010214262205713403 0.010178519993516634 0.009573950310762346 0.01106545008959763 0.008648342096896189 0.007903883632263228 0.007701116957882356 0.006417573185505002 0.011324384245534773 0.014741065963677627 0.006731992059235597 0.005576153238168205 0.005670229986823365 0.013171839706844319 0.011332464219310421 0.011806000885980996 0.008690561442102888 0.0063766515631206175 0.006914576891733269 0.012652758783652095 0.006859266408787623 0.012476962825275512 0.008647067492756242 0.009528123683788876 0.011809383842386143 0.009033882081092787 0.01318134159173013 0.00994535883229848 0.006343104266284002 0.007965695673088021 0.007493883744598836 0.01133507644603907 0.012403346038623938 0.010116306668260076 0.014940469276775161 0.008958681011959554 0.006187438837581268 0.008445867526493797 0.008785694576718973
-----
100
1039
0.8
1.3516976986433715 -0.03863029090717218 -2.2424241081703533 0.5095550675968221 -2.7772343049544572 1.0625458828492318
0.7369218105873265 0.06988051063538392 -1.654333548177177 -1.2419740619178585 -2.9601454362937494 4.908619403197812
-0.3306369147308168 -2.0616641079982028 -1.1380335126676902 -1.3995281807891362 -1.807110870387112 3.378181038837747
2.3782804857885935 -1.523854154564238 -2.39099500816765 1.9873785154773385 -0.4220929618118073 1.7029668908706328
0.7926151989346342 -1.1773637324014135 -2.440190029692963 1.2600838156334153 -1.8175817763745723 2.9502639179124404
2.5087267035163627 2.688413336488166 -1.822964857774729 1.466654316217941 -0.21446103244593895 2.9192405887041724
0.4347477074880919 0.4167853126118968 -2.24075154390753 -0.673891116391213 -0.07863268402339169 2.6663812582015947
-2.4574517540438077 -2.7620964769510508 -1.6695413315277787 -1.481079454133606 -1.8840192378939342 3.4891150168173914
0.9216055418758569 0.688324824866346 -1.3378315282434194 -1.6255400053284543 -1.9142224124023723 4.967757362567526
0.4405890366072831 -0.43464849049125986 -2.5146975243805825 -1.366318094148908 0.2544204208049139 0.6516667019607691
1.4451666454886405 0.6392086899332818 -1.3030957029211085 -1.238020399397695 -0.5326104400034486 2.268894868438907
2.500414735758943 0.7686008736423792 -1.5934939453203438 -0.3166755232570071 -0.1026616884019626 4.42401305613959
-0.291161550919671 -2.4798951067539257 -1.2274650470045998 -0.7854128614941227 -1.7058928881435964 3.9951665346614504
0.329368798742089 -1.0059197085571179 -1.3862409517905443 -1.0313948429134394 -0.5419975172525712 3.933089986695345
2.574817275185924 1.1238836832933954 -1.6689692409988761 -1.8702305360166933 -1.3607016547680708 2.405484042260785
0.9664146151966851 -1.205464378297802 -1.8954935142115399 -0.23237641877629217 -1.5314078252186094 2.1100861383264777
1.242333447360909 -0.09774444003134208 -2.228310750778628 2.047946738389241 -2.573418725024824 4.36364823654598
0.9939653430798431 -1.4074247061453722 -2.651868393269619 1.4915989666887421 0.35477677261107676 4.3204194318929305
1.8263956634486591 -0.5725083952914635 -2.1117110211378565 -1.5759326504168767 -0.4601100537852485 3.4283278864447424
-0.245166918681341 -2.4182222183858295 -2.088847949128556 0.7036748410213056 -2.7974022300116816 3.000343171312938
1.446648205712374 2.6694964146124693 -2.528270691228106 -0.6437590251446998 -2.7994631969131025 3.0940198144462396
1.4387068514669827 2.650440471768396 -2.8213837644232105 0.7139531382597899 -2.774462049427107 1.4447643489830102
2.189084686709568 0.63784512045609 -2.2500458485949104 0.8156340558824617 -0.27490926316467035 1.3146045362957304
-0.6457853347225324 -2.625601434201041 -2.2569705333723284 0.11386863837748784 -2.4605056451440674 1.6625423221517468
2.05459460090078 -1.2902119562100907 -1.3167584508007342 0.6601807679537819 -2.244405898509446 4.60920784817471
2.5884395973197662 2.3840453758928746 -2.2144472807423994 1.6156271072326034 -0.5880625097020731 3.9033859847703414
0.9814319516826335 1.798878889314968 -2.58498626374463 -1.250791105224979 -2.6787589329977046 4.372201700709879
0.3947516528813497 0.7261856829742297 -1.7300980275324067 -2.9259160235782944 -1.5230724327934746 3.6095673320206165
1.9500444606553256 -2.743528739526836 -1.0187531043177107 -2.5824190835870016 0.3509948882279341 3.2929278853842234
0.9456529581863746 0.7833444464317257 -2.0499208772604884 -1.8609748056383086 -1.931408786324623 1.7186017240474454
-0.5642126503238236 -1.622449711085359 -1.02205397508706 -1.7647368793773286 0.24732559388667852 4.016906857388512
-1.2769931976949698 -0.4759122795358748 -2.2453586113048876 -1.6808414849213433 0.13603840358802466 1.905526527675569
-0.12932351588588287 -2.3158000284336424 -2.08094453788037 -2.941357990336357 -2.3824558506095723 0.4026830014885495
-0.22017597501915542 -1.0881792560446237 -2.8585102176530786 0.6629296645960097 -0.8608407133717715 3.844381938637568
1.884973792073152 -1.9428579802648902 -2.03175898522003 0.5683700206454143 -0.6173823112274985 2.8012674475715604
2.3186300763327243 2.2497819352665838 -1.2980301956327938 1.7286932934776071 -0.953535439253327 4.7541855519296785
2.3025972302648996 1.542095487678073 -1.1658556908117026 1.093776633218844 -2.112277034405042 4.97162231545584
2.7725326224004743 0.015580872605627016 -2.2658214270765984 1.4542173695421807 -0.8637009634414377 2.1068622763423934
1.920825173069557 -0.9838179241494642 -1.6765100179179278 -0.7830569453877598 -2.3260554425449818 1.8178993328415798
0.41187300733161014 -1.6928728627996623 -2.553449391233402 -0.17923822960471003 -0.11968675486454868 0.5363644522409787
1.0601759639572517 1.0676479148344473 -2.683333561333688 0.8737603234683686 0.4464398346219084 1.010313325322468
1.9961634934973642 -0.16835466708827895 -1.3730360893332667 -2.802177438080293 -0.12537911483404943 3.7884944873597486
1.0768325463292516 0.5918763292896374 -1.7954841324489736 1.805405444759712 0.40215080355040334 3.7839224418008444
-2.4186457929176246 -2.6848885861440652 -2.222361158463134 -1.5335125142953834 -2.278981929414703 4.67422454547245
-1.064703392012282 -0.2810190152261023 -2.5653584267350853 -1.9470862437697058 0.1549645422459094 1.0653417570173382
2.6670874165279908 0.8359326753978606 -1.5339082007740408 0.06094735381334093 -1.6237674837618736 2.8929604009420116
0.49868066252863397 -0.12060316051193887 -1.8156267673602489 0.4227945457276639 -2.0204753274000256 2.5168146554378357
1.683752906293319 2.1156182347310653 -2.8997827684221162 2.2643010343513383 -1.7678036884898283 3.5366410805962247
0.8016778043313351 0.33390391986466117 -2.3098532944300403 1.394262575427708 -0.23389276455803065 1.8332762638454752
-1.1357960015197635 -2.3582404173479983 -2.135934186334444 -0.2781780252873165 -0.6678075353755691 3.9985838935743074
1.107052721627001 -1.5199916234166972 -2.388452275890651 0.4799592586586712 -1.9840826571739076 1.3280887430713075
1.1828847735300867 1.0742307990120559 -2.1276553755517607 -0.3956093912082017 -0.42175067157169555 2.076676668265047
-0.44910994640086876 -2.5391874102572958 -2.4703279391333153 0.3184144758996361 -0.3666882877236469 1.6180819660742523
-1.2377467783225933 -0.12902469787908277 -1.9942562486221158 -2.4814229383127486 -1.1714255156740743 4.019709532309602
2.0884534132037174 2.601873436494466 -2.154899172043145 0.9960191397955611 0.23205521970495013 4.861043797754178
1.1990695383335623 1.0421677339413926 -1.6917117977404084 -2.8051836174468296 -2.688533732940651 4.3928459503411394
0.6582717641739094 -1.364250394425849 -1.65227219290706 -2.576531604522498 -1.9800595431552535 4.3203584899952965
0.8895709534009865 -0.5108488042070396 -1.7555374956637153 -2.7671369454676507 -0.03845235737599134 1.2065314938847527
-0.7785703745153054 -0.33342964171329326 -2.5642531596953653 -1.94782669451264 -0.4454005934028976 1.9526930050395013
2.154653262767685 -0.9614438413089474 -2.2453662389773514 -0.24812011932957162 -0.03996275510690067 2.5200050161731884
1.8353495928120918 2.8562709609100985 -2.812134327402851 -0.8455779280111562 -0.6849772564930391 2.4078708676528304
0.2469098055098249 1.0668951661585633 -2.289262626994099 1.2553210606289331 0.04701337422494682 4.239844172185603
0.24473280354876747 -2.4508017871239987 -1.7318871070427742 -2.8186516288353722 0.33468484489534545 3.698564926737794
2.938060404672316 -1.3428466860937185 -2.1189182024858693 -0.5804550129568775 -0.8691368514363274 3.242056772281306
-0.08735395606784613 0.4944736726090375 -2.0139431211369567 -1.2783064055294875 -1.7812490168002388 2.445207052849872
2.106185711640897 -0.936639815801982 -2.865978660339428 2.637026993568073 -2.01072590971794 1.1804504426514202
0.18175023994146766 -0.1164818670640253 -1.8028086731419002 -2.55999255435199 -2.2210219072247046 1.6165599001826347
2.023883511378451 -2.2756984496224613 -2.771095045471402 2.581491193835193 -0.6144677484264935 2.9356482877304266
-0.4907943517215816 -2.6302546738502577 -2.3475361523557874 -1.5000268620656398 -0.20636983706519293 1.1333767265771253
1.6603709681141734 1.9754285655216433 -1.7527698934155007 -0.21000786070666932 -1.212419102734608 2.618930065165464
1.318943602172593 -0.3703010815084964 -1.506142487441073 -0.8487122070763493 -2.5980378064635343 1.8067425811671158
1.5266250904893606 -1.6525684971149437 -2.2573515822355894 -1.8634013892575318 -2.818475652859644 0.7829305423006312
2.1134167859161757 1.703228122440451 -1.902348531160098 -1.33748948655597 -1.9026329050985182 3.8703289510300483
1.561294831606902 2.20271017785777 -2.763530449504947 1.7736207125909407 -1.9994772887705898 3.86351104976565
-1.8727538483014787 -1.6981956621396725 -2.452437356266733 -1.7541658915182485 0.0009889907812823395 1.9281922092362693
0.28668000094219703 1.5016431826447838 -2.8333145064005283 1.859020161576833 -1.8999702202344781 4.977277108466144
2.304444371190632 -1.2791227157633742 -1.255627258033257 -2.2015766587992913 -1.4725241460264722 3.0473397181824105
2.117377997706533 -1.6155769577600232 -1.7277201174265417 -0.9519764718980954 -2.6004311129188005 4.549694622151237
1.9284117583435714 1.6973363583064802 -1.031391595125273 -2.867735919406007 0.11512912968427164 4.488426262959882
-0.7509395089967533 -2.5426375411008184 -1.6116166112031323 -1.067315974037466 -0.14974282991126697 3.3061695402172475
0.4496086434172135 1.5091419621459201 -2.314392756574664 -1.378423340051737 -0.2896040872118544 4.9334750346554355
0.9977580015455738 -0.5965280253172762 -1.4858269221468199 -2.5732214012528987 -0.9696138946142308 4.333161093253322
1.1403348262537434 0.6804960384339607 -1.1165925740129365 0.3064582462680008 -0.572339413283019 4.242465672953136
2.722680217989531 -0.2795533830422514 -1.6545831725431 -0.4615187186391101 -2.8907652369832073 3.8725303401321773
2.6811276371110995 1.9604199275036365 -1.4864565387029955 -2.2708221836873568 0.4346379754722485 3.1235013624372128
1.4371183259690579 -1.6446530541137914 -2.2436791536200724 -0.2632652675386882 -0.9865468962517551 1.5764496140444209
0.166264995598248 -0.25030099425769653 -1.3587214435063437 -1.1739667424761577 -1.3037028122518095 2.6025614838394304
0.9201658084134949 -1.1428247328140368 -2.9834785169927835 1.7543660716247589 -2.606573633193619 1.6799617309013755
0.4851878771731573 -2.4219328858438356 -1.6203082986773 0.5893975176785939 0.016039022715358092 2.202685736178802
0.8166361954146534 -2.4504757983941037 -2.1616849303857535 1.61290784332769 -0.5757487387886612 4.243695635736539
1.2154016206174312 -0.15621530123982552 -2.1013730183311443 2.0039960348707675 -1.7995327496866247 2.3331420599085098
2.8763794987561226 0.7748654137354554 -2.0190955181552317 -1.234461521684958 -0.9289006131192543 2.8827123049892087
1.756617948134183 2.4515412234386154 -2.3150383556663847 -2.8301026155532765 -1.565852568999475 3.5225694678025246
2.3568272790912084 0.9441370021633477 -1.8288179224608654 0.3632933176499722 -1.10558973780393 3.4158979298480903
0.8215828546617652 0.05169071870415687 -2.39796321243442 -2.082821739544638 0.2228767192016683 1.9114693825257747
2.9635540601533377 1.8056446710569478 -1.8064855329897038 -0.3274237753242457 -2.7452756325113272 3.6375534404711525
1.219111376566127 1.4187444480631217 -2.2025163556687346 0.9147721557981673 0.23879450471783575 3.024421264157671
1.9277507352750918 -0.4204569352152707 -1.7834132675982401 -1.9155309020009779 -1.2185491627194174 1.016724176972859
-1.2413032459493314 0.024577488102594802 -2.733799706674861 -2.524287217570813 -0.12454300875765734 2.643733189365474
-0.04196171254869285 -1.053936492318088 -2.1066930708744476 -0.8621791770837108 0.20637698996662313 3.5317044301477463
0.576271186440678 0.4474576271186441 0.7694915254237289 0.6169491525423729 0.41694915254237286 0.7220338983050847 0.45084745762711864 0.7389830508474576 0.7118644067796611 0.5084745762711864 0.7898305084745764 0.4779661016949152 0.7423728813559323 0.6610169491525424 0.6372881355932204 0.5491525423728814 0.6440677966101696 0.776271186440678 0.7830508474576272 0.7830508474576271 0.7457627118644068 0.7694915254237289 0.4440677966101695 0.7762711864406779 0.6474576271186441 0.6983050847457628 0.423728813559322 0.7220338983050848 0.7830508474576272 0.6372881355932204 0.7796610169491526 0.7559322033898305 0.7898305084745763 0.576271186440678 0.552542372881356 0.7627118644067797 0.7152542372881356 0.6915254237288136 0.6847457627118645 0.5966101694915253 0.48474576271186437 0.6677966101694915 0.7796610169491526 0.4779661016949152 0.7491525423728813 0.6610169491525424 0.6983050847457628 0.7016949152542373 0.7186440677966102 0.6847457627118645 0.5389830508474577 0.552542372881356 0.7220338983050848 0.7796610169491526 0.5389830508474576 0.5932203389830508 0.43728813559322033 0.7389830508474576 0.4440677966101695 0.7932203389830509 0.5864406779661018 0.752542372881356 0.4338983050847458 0.7593220338983051 0.7491525423728814 0.4915254237288136 0.7220338983050848 0.7016949152542373 0.47796610169491527 0.7661016949152543 0.7491525423728814 0.5966101694915253 0.40338983050847466 0.6169491525423729 0.4305084745762713 0.7220338983050848 0.7457627118644068 0.45084745762711864 0.7932203389830509 0.6508474576271187 0.6779661016949152 0.5898305084745763 0.7898305084745763 0.4711864406779661 0.6847457627118645 0.5389830508474577 0.7728813559322034 0.44067796610169496 0.7932203389830509 0.6644067796610169 0.7864406779661017 0.5728813559322035 0.6000000000000001 0.4033898305084746 0.7593220338983051 0.4067796610169492 0.528813559322034 0.7491525423728813 0.6983050847457628 0.6677966101694915
0.011698833549611392 0.014074236388265339 0.006773610646453405 0.011286974368883812 0.007922430484920986 0.0092434392683422 0.006154735244700038 0.011592958277798607 0.009342212630708939 0.00910923437824695 0.005560259028957909 0.008483079185929783 0.008077114549807203 0.0063654703141059876 0.008349687414007611 0.005725476296855585 0.015259112799602513 0.012948006278265738 0.007042616401130074 0.009909623521290047 0.014978668662769437 0.019749200343751334 0.008548193003665322 0.008940436410459907 0.012760543467957243 0.009013408231272689 0.012976166901236635 0.008066960024169364 0.012682829481836973 0.0072058336868232285 0.01012766995033018 0.008407967170907226 0.013790243528645692 0.00843303098173 0.007821193771628791 0.009077795828661812 0.01385076032142355 0.00929938939631086 0.00825722502357196 0.008970490622011808 0.011227448783811484 0.008916289770808656 0.0072809069346124345 0.021080542540684397 0.009721546405668052 0.007925244903722798 0.005900239281816428 0.013269139889343935 0.00685992959552407 0.00985466286067657 0.008270870510209033 0.0061832150027332404 0.008493393990913116 0.009464007645545851 0.009839083007336056 0.013045378148481442 0.011060410765802518 0.008007508979730623 0.0071077662615942365 0.007365174633138334 0.011288870444549922 0.007148590025530989 0.013699303869317983 0.009180030272823377 0.005846537260148996 0.018587468236812427 0.007819467412608359 0.01607357077385898 0.008985289111986419 0.006815116358281691 0.007791783088122836 0.015088750748018367 0.009216523504962207 0.013486562723751334 0.010465233598925622 0.01385433136276154 0.00820178127992383 0.016147386783968445 0.012023914530685222 0.008718048773901598 0.009829899739014505 0.008443746072329044 0.005855924138286176 0.01530408859551516 0.013264680558202388 0.006692835294587208 0.004846855843291846 0.01347377101761452 0.007795181653594379 0.012576695860431959 0.008133949078627778 0.008238570658213637 0.011684279944253978 0.0071413805790722824 0.007983969792025298 0.016667561976860694 0.007183402590598593 0.007462581854446884 0.010264769332506387 0.007967417510385918
