6
100 100 100
100 100 2823
5.0 1.5 0.8
-----
100
100
5.0
0.04269843742571533 2.6814162421055903 -1.3337870925904332 -0.26948830047216044 -2.1018436694781752 0.036284969627158326
1.3548414429683007 -2.714528994149961 0.17673987557134474 0.9571287348067412 -0.5420819459184929 3.639518173498857
1.2054620626944708 1.6449170236263235 -0.830455198583627 2.667616604018381 -1.8586545371635554 2.3544988627965022
-2.2957689314269114 -0.893127574053584 0.9829470551844932 0.25570865775392093 -0.3210758858089062 3.5076667289825156
-0.6029083061666234 -2.977412217867335 -2.3401408355324063 0.573931912341997 -0.7418549138753421 4.915814794227203
1.2383828162148074 -0.29204355221804246 -0.7011566965885141 -0.6278937312019601 -1.9051716849100764 4.767822429761493
0.24659221645312845 1.8977508970395718 0.46632244366236053 -0.8586787528191686 -1.9943439585815552 2.21400028367849
2.9794422936582414 -1.879391397185592 -1.116206017331642 -2.232354903770158 -1.9172808305254474 1.152379049475637
-2.3798680371809775 -2.284469482302665 -2.680729147799743 -1.7013657768640433 -1.4667228973642454 3.4433927963763655
-1.249688370081945 2.9164452267288468 -2.16277722033847 1.0533044790594106 -1.8382339995561383 3.043314200971823
2.610261768742453 0.6061940327790571 2.4159578598443288 -1.8545365567926693 0.05214952177929755 3.5389840630080363
-1.6923664790876263 0.07320228266808915 0.5226342641165451 2.8974226485810046 -2.5528219675673522 4.657868586223523
-1.9522696526235817 -2.8551771869302147 -0.07439489881591665 0.06551026339115706 -0.8542379581471016 3.3502335133144046
-0.23459327273417374 1.5108722901463878 -2.2936434737483165 -1.904946429803133 -1.9186516377180935 3.2004648880783373
2.0697741486095262 2.853328924222092 0.17309300631479063 0.7964449814907031 -2.4018585650812603 0.4605562987331713
0.08186640683451696 -1.0331526491568463 -2.1698313715504383 -0.04218838505276867 -1.0161272264255232 2.0776402578588096
-0.5570830361139247 -0.5846911726155488 -0.243441942419083 1.0745356746749959 -0.8145495538265024 4.361981015694987
0.16964587582980695 -0.28440284622357614 -1.6504291957527841 -1.0667506950939205 -2.823027418333769 0.7844539135793427
-2.541603929184756 -2.850392354761081 0.6232536231230998 1.809661955884744 -1.373512726470889 4.9846031747421495
-0.2640566997628957 -1.7528529436767628 2.6111570876312022 -0.09715755246479585 -1.6326253724510225 0.4173612949940275
-0.3792521856918354 -1.2422897609921981 0.9911940202549969 0.336905252568926 -0.4792746745313803 1.4966222491166725
0.05772779154046992 -0.9865696614035375 -1.7000060068455163 -0.34738490788323606 -0.6534001923295709 1.6265823716922578
2.117130688790091 0.8730750820065944 0.13801218858018593 -2.187726438494376 -2.629439148953385 3.3363271149006026
0.20910010613953078 2.5652248692967765 -0.8577737799738352 2.0627682327769143 -2.3889043748168683 3.157010845886199
2.253292155087271 -0.3671792720366658 -2.580292701744319 -2.552647654591317 -1.5446077130319753 1.9497769238924767
-0.11208848831744511 1.8946026846330781 0.9010375262797483 -2.3749628715489726 -2.3449086327459736 3.255626188694527
-1.1587799763550608 -1.7011147435726093 -1.4665137558896917 -1.8966405589583881 -0.04290853811780515 0.6719479271481499
-0.34440295217541816 -0.7341780370255666 0.7053933026543988 2.0157318432302436 0.3940705216055389 3.590978116733665
2.9333562625569467 -1.2795001870275984 -0.9944861939478682 -1.8140547220508814 -2.9575266840220733 2.29506333290195
2.250550453507911 -1.4175613732646322 2.712747384091937 -2.041078213419788 -0.7942487015176516 0.31204195409065827
-0.33444099963627316 -1.8304242666346813 -1.7632978253843428 -0.5630415125047556 0.3565538108839026 3.6618185308639797
0.12480363893156365 1.8686434980659623 -0.7630041615463301 -0.5637573050529028 -1.8189311000564836 3.4854436365976427
2.870129572517631 1.6518324575585401 -1.038934987515058 2.3077010111734104 -2.9802205661327856 2.373836488513763
-0.09796485233450047 1.829284234606746 1.3794686148252495 0.24272745469066548 -2.502064871038158 2.8161801033533407
-0.9738435755318835 2.265292472723112 0.683193963338931 -1.7117538330017736 -0.4887273123557052 3.487672939762997
-0.13500306482095414 1.4206534879824426 -1.4004246343025568 1.4896549681978772 -2.914464676164389 1.294837874164787
-1.1743516008189796 1.6779864424142659 -1.6398875046024126 0.5372758826698352 -2.573417494557562 0.6191786723587467
-0.37152127734576634 1.5134493896051389 -0.012527839128958718 0.7124652018758999 -1.90796605490485 4.230258836672331
1.9331073823194034 1.7675511286362244 -2.4443383736415996 0.8648244434911065 -0.3029681366285226 0.747347630002847
2.7768966144294014 -0.9688646729942612 1.3342039544189186 -2.6248089164670674 -1.274549515080102 3.3117854626324226
-1.907036566939425 -2.336763308209535 -1.653614116898091 -2.07275837822209 -2.6226416555690437 2.1130224653212624
1.5829462162583186 -1.6456100977515336 -2.2307774921369075 2.0577415817178917 -1.3746696769949978 1.4842785161239835
-1.778594203943316 0.9049258312910551 -1.3181047157227663 1.7656443100082804 -1.6342782195921899 4.372347915483066
0.2049537019138139 -0.45018618527972265 -0.9232756964072193 1.676952223398973 -0.6350473279241706 1.3547071295275737
-2.754528422793941 2.580352600963163 0.08870451734389784 -1.4906814744617463 -1.4930197263099538 2.0522294114212847
2.6184145715620977 -0.0068612572543163 2.508991563896373 -2.5284856998603282 -2.8296577239128364 3.67302660693827
-0.03828429770128716 0.15245546238864627 -1.1546962427900649 2.5631175990899298 -2.342560151271566 0.9292228570709904
-2.423726216383684 1.8774826686505435 0.13471638335100433 -1.4643660343556362 -1.146445165613052 4.237180065729199
0.7570048298557759 -1.9675636887315644 -1.6302473469426615 -0.166918704199297 -1.3606706127407624 3.84261682578968
-2.253617422548085 -1.6529880239117674 0.8002350035844095 1.1469307736823104 -0.2512649197253971 1.5960760281191766
0.672477759036016 -1.3902470369257758 -1.8549523075937886 1.3270514917789464 -2.9112757577734403 2.510722290125733
0.5239372185324069 -0.5329600426857186 -1.5130385165617706 -0.8469742304461292 -1.0291756474159461 0.41449978667753684
-2.5601797811454126 1.7110743862740936 1.4280933558673077 0.6976027579312079 -0.24950783663591558 2.842151435296972
1.3345673147755086 -0.5067964461367991 -1.3909523220936104 2.866569083757722 -2.8813684797570303 3.063602924420704
-1.034207785624158 -0.6657433565928366 -1.769369821301225 -1.9253383355955371 -1.2205129903494036 0.7200679727059078
0.15275356852039934 2.5049050857698134 -1.4262480696479636 -1.758638808767182 -2.9118745107966943 2.266134539354152
-0.38449225555164634 -1.5693106198725677 -2.7827237379252074 -0.3432858674609638 0.3513987788274946 0.41438435558624365
1.795672628646403 1.5606259437930765 -2.947903962381709 0.8985810820752569 0.16320422875139862 1.047124446089568
-2.782037887166993 1.7193105212021518 -1.970906935110131 -0.23783797943245144 -2.277024781409692 3.6557030279889515
2.2197278644067193 -1.9773054303448898 -1.832592118639559 -2.9886261642018663 -1.5690647397485942 0.3183373340955087
0.3368490750068065 2.5055500686839007 1.995707924182085 -0.7164835959180595 -0.8177676611796336 1.838694336813238
1.218249247741369 0.7220639204031083 -2.0929537898226873 0.28101702884795676 -2.9884562344251138 3.0792261916703945
0.3121391390524306 -0.6688898563399643 2.7740780428376546 -0.7359050350770682 -0.8064737553008108 1.9393600904069963
-2.8753202123586186 2.2691397423187 0.35649320883511626 -1.679315894259973 -1.448138513347831 0.9465586539070114
1.9015186434758071 0.8744014105231299 -1.5681124256169499 -2.612959670160223 0.2837325970333451 3.6578508471458218
2.0455974466975473 -2.0541465964496557 0.6044048534325053 -0.6143177579267687 -2.7849157200089074 2.145114477930794
2.6978088178710955 0.9949612781043871 0.8831765334149488 2.232438692605337 -1.576955308463353 1.6517311438812043
1.7365060692605923 -1.1379757150943215 -1.754517160188764 -1.567175190699941 -1.0461064050144904 0.25084389228202997
1.4809345518000132 1.6845396232929097 -2.4480431143009023 0.6727067318442379 -0.9424757833938848 4.6216391438359485
-0.060687775523337706 1.6774724535307994 -0.5537783100002573 2.5552591289697233 -1.8174595610945072 0.9492177685558223
-0.7695488342978134 0.26809429962115416 2.4418311735139504 -1.6536681157442588 0.24392310139449247 4.509432334518876
2.867710545463524 2.6385002365614802 2.00827073616745 0.47745972778462686 -2.8015881802498086 3.6376754445593518
2.4700759475038208 2.1709661886762674 -0.5962352640028841 -2.0538898332083724 -0.17464505015175913 2.60944556849123
0.03902144348704972 1.1688888105334252 -1.853678116408684 2.1269302341698744 -2.426402799714322 1.3721732550876042
-1.127737634186818 0.5769345723838648 -0.03033800288447397 0.7043872152644295 -0.2687277599650608 3.1373233808252596
-0.5499868732768922 1.40024070765846 -0.11588952725180324 -0.4936843114632272 -0.8758238328112142 1.2568481574280377
2.839581162117323 -0.20519915323778903 -1.8621816417778763 1.035624644977883 0.10509579404933467 4.796726452749626
0.3082028013411504 0.8521647302144952 -1.5074245353550055 1.71283429538353 -1.7584293570029585 4.628618206433336
1.5283334903346013 -2.633625872283797 0.6308165917334083 2.402719757509054 -0.14041616870978046 2.5699710550178323
-2.591754704945054 2.4859467537007376 0.5334116555850636 -2.1731396257464746 -2.0256915156959967 4.257860978125015
0.5315898127367604 -1.8563489660269732 -0.7600210926571425 1.1428355013980092 -1.2557804893124838 2.613810165394579
2.1712873320753268 -2.998996139573635 1.0509200113104376 -1.9934672469194106 -0.10630160420253087 1.9445516408960961
-1.2861688116909509 -1.3346317452956278 2.7782822594950813 -2.701149396785558 -0.4838950141578975 1.7881054564635723
-0.8778412940059819 -2.9026579396023786 -2.6815009724954533 -1.2196057375757694 -2.6273336972731816 2.0342974749568254
-1.5344577869850093 0.5588211687130515 0.44300298241028724 -1.3294709530887485 -2.9407991928421975 1.5467232103152972
-2.8128873398842775 -0.029461921617061293 -2.938433692185455 -1.9777005591637487 -0.9513400337457716 4.395507187969172
1.0332845805398438 -1.0060260212430654 1.2219935364952592 0.5075230291892403 0.45146744131050687 1.464442495273206
-1.0179764164525489 2.6222000905533314 2.331741218558447 -1.033046749044816 0.06868199739961334 3.5180218685025078
0.7479318214186117 0.6800169460458729 1.2515468702235442 0.48359376858119774 0.2965218130405338 3.192020975381331
1.9024914718997685 0.7846108296473191 0.7539063784604068 -0.8271699225637019 -2.4714906185449332 3.82556110439926
2.664835663606125 1.5786198651597578 -2.035130516858947 0.19203147327567915 -1.5513398041597928 0.28508761574389085
1.2522222283076632 -2.270002570606532 0.22160230533382874 1.2101025169560913 -0.20791538048778113 1.6737312301258578
0.18630633238632344 -2.621193922283798 -2.6219003479223972 2.7460342077139632 -0.717434774886847 1.940648179060528
1.9398209287250783 -2.4949969339300417 0.6470314610908732 2.1908722861718095 -0.4488134952721454 1.4151225631112663
1.5191577378115984 2.5591816895630455 2.08421506120903 1.4797235110163873 -1.803830079946072 4.738192943947176
1.4783141112883103 -1.646534395263831 -0.8794519606723012 -2.906795420019839 -0.3113408923044303 1.9984597753273448
1.9579337071032938 -1.929114037772166 -0.03797238689013582 -1.6820510286064203 -2.440415874265149 3.891047126841171
2.064293969836127 -2.4785791150146497 -0.06778633243713506 -2.069305631224125 -1.8474486354429285 3.7702736403058292
0.1935795612129625 2.992904576640596 -1.43101996648203 0.8310184896642667 -0.5898089498004384 3.9642231356623037
-1.2127585928305864 1.0462970685811843 -2.987524011018417 -0.94894151214281 -0.9138328735338987 1.3072234932877203
0.9966101694915255 0.9966101694915255 0.9966101694915255 0.9966101694915255 0.9694915254237289 0.9898305084745763 0.9966101694915255 0.9966101694915255 0.6169491525423729 0.9966101694915255 0.9966101694915255 0.9966101694915255 0.9966101694915255 0.9966101694915255 0.9966101694915255 0.8949152542372881 0.9966101694915255 0.9898305084745763 0.9966101694915255 0.9966101694915255 0.9966101694915255 0.9796610169491525 0.9966101694915255 0.9966101694915255 0.6338983050847458 0.9966101694915255 0.9966101694915255 0.9966101694915255 0.9898305084745763 0.9966101694915255 0.9254237288135594 0.9966101694915255 0.9898305084745763 0.9966101694915255 0.9966101694915255 0.9966101694915255 0.9966101694915255 0.9966101694915255 0.9627118644067797 0.9966101694915255 0.9694915254237289 0.9796610169491525 0.9966101694915255 0.9966101694915255 0.9966101694915255 0.9966101694915255 0.9966101694915255 0.9966101694915255 0.9084745762711864 0.9966101694915255 0.9864406779661017 0.9966101694915255 0.9966101694915255 0.9966101694915255 0.9966101694915255 0.9966101694915255 0.9593220338983051 0.4847457627118644 0.9966101694915255 0.9966101694915255 0.9966101694915255 0.7830508474576272 0.9966101694915255 0.9966101694915255 0.9389830508474577 0.9966101694915255 0.9966101694915255 0.9966101694915255 0.4915254237288136 0.9966101694915255 0.9966101694915255 0.9966101694915255 0.9966101694915255 0.9966101694915255 0.9966101694915255 0.9966101694915255 0.6644067796610169 0.9966101694915255 0.9966101694915255 0.9966101694915255 0.9966101694915255 0.9966101694915255 0.9966101694915255 0.535593220338983 0.9966101694915255 0.9898305084745763 0.9966101694915255 0.9966101694915255 0.9966101694915255 0.9966101694915255 0.9898305084745763 0.9966101694915255 0.9966101694915255 0.9966101694915255 0.9966101694915255 0.9966101694915255 0.9966101694915255 0.9966101694915255 0.9966101694915255 0.9966101694915255
0.010000000000000004 0.010000000000000004 0.010000000000000004 0.010000000000000004 0.010000000000000004 0.010000000000000004 0.010000000000000004 0.010000000000000004 0.010000000000000004 0.010000000000000004 0.010000000000000004 0.010000000000000004 0.010000000000000004 0.010000000000000004 0.010000000000000004 0.010000000000000004 0.010000000000000004 0.010000000000000004 0.010000000000000004 0.010000000000000004 0.010000000000000004 0.010000000000000004 0.010000000000000004 0.010000000000000004 0.010000000000000004 0.010000000000000004 0.010000000000000004 0.010000000000000004 0.010000000000000004 0.010000000000000004 0.010000000000000004 0.010000000000000004 0.010000000000000004 0.010000000000000004 0.010000000000000004 0.010000000000000004 0.010000000000000004 0.010000000000000004 0.010000000000000004 0.010000000000000004 0.010000000000000004 0.010000000000000004 0.010000000000000004 0.010000000000000004 0.010000000000000004 0.010000000000000004 0.010000000000000004 0.010000000000000004 0.010000000000000004 0.010000000000000004 0.010000000000000004 0.010000000000000004 0.010000000000000004 0.010000000000000004 0.010000000000000004 0.010000000000000004 0.010000000000000004 0.010000000000000004 0.010000000000000004 0.010000000000000004 0.010000000000000004 0.010000000000000004 0.010000000000000004 0.010000000000000004 0.010000000000000004 0.010000000000000004 0.010000000000000004 0.010000000000000004 0.010000000000000004 0.010000000000000004 0.010000000000000004 0.010000000000000004 0.010000000000000004 0.010000000000000004 0.010000000000000004 0.010000000000000004 0.010000000000000004 0.010000000000000004 0.010000000000000004 0.010000000000000004 0.010000000000000004 0.010000000000000004 0.010000000000000004 0.010000000000000004 0.010000000000000004 0.010000000000000004 0.010000000000000004 0.010000000000000004 0.010000000000000004 0.010000000000000004 0.010000000000000004 0.010000000000000004 0.010000000000000004 0.010000000000000004 0.010000000000000004 0.010000000000000004 0.010000000000000004 0.010000000000000004 0.010000000000000004 0.010000000000000004
-----
100
100
1.5
-0.830538604767991 1.4627262263984928 -0.9027729972298396 -0.8434600976325466 0.2789733334760561 2.9411298459214663
-2.34994573626481 1.0043857486983672 -2.519498662184406 0.40074844913488405 -1.7134689205302756 2.3486860895033947
1.288047001274712 0.9249504224250398 2.0877129669270666 -1.3632319187772637 0.22455939617254805 2.055221419135999
0.4609195597444027 -1.9696114189709146 -2.5151280717456306 1.2661043075453362 -1.3659679078730675 3.5061441467830052
-0.7487231793990465 1.092443491115314 1.474823182648874 0.12608044294246396 -1.7753421497596458 2.6782770384041843
-1.1409192245203068 2.1538293076190573 -0.03963583512271285 0.21323835579386463 -0.5368899796491828 2.6969832700062444
-0.8544475590851123 -1.5317772579961026 2.002149040547154 2.9211954571019096 -2.2211235766989166 2.424749431997013
-1.1119008828827441 -1.6048252680857513 -1.5216158875926544 -2.4545839280961177 -2.4751400319595347 1.4675577185428423
-2.363324784284192 1.584290198978552 0.43256514095537746 -0.4326767726568508 -2.4778498599999303 0.6915624958442317
2.448127963008509 -0.28285158000938715 -0.5444742359267276 2.9246778038790398 -1.45893976657816 1.0534691651182255
-1.745304214659814 -1.4607991066372463 1.4586246062408976 -0.4694582433875757 -2.7865744074812273 3.218231607160543
1.5960177100881119 -2.9153097926192406 -2.4625834262654065 2.7778114361745887 -1.340744817728719 0.9263254718061217
2.8894731605238118 -0.2759320188679144 2.316486313062308 -2.0572475646788377 -1.1186917052698242 1.5696942159724019
-0.18862739259404693 -2.7220130508509848 -2.095777935739647 -1.0982563412009136 -2.28732368681628 1.6110893135682587
2.885618213793419 2.116454010550773 2.287614885202239 -2.34771956224166 -1.9061691025482244 1.0133102260793252
1.2590058157261623 2.083443179876615 0.3555109667829265 0.865437542722445 -0.9860880250025816 2.7735314872336376
-0.9360965420832198 2.616857511330701 1.649321860253437 -0.9975449363936888 -0.20418700946703494 4.6502314894891
-0.6213934307141157 2.4659463477685106 -2.5100810960943942 -0.32244101650111645 -2.3163929639368974 4.384909428990493
0.9038919039479762 -1.0767076806051932 -0.4553535296463321 0.3694768159630226 -0.7951334707785864 3.458030599023874
2.0492254773998804 0.5010308436335511 -1.2729496127085846 1.823662885597789 -1.56529506592929 1.3791753776081124
-2.434074728175775 0.3212097792135984 1.1428239961479805 0.9007256357624043 -2.5577358533295955 2.9727423253710157
-0.5375914338893166 1.3337367673119767 -0.07513610845621674 -1.2306798392778382 -1.5381615962382316 1.7654764997754442
1.9617684357499017 0.9326227632425685 -1.4488361507045489 1.7310501716597178 -1.6105576434998763 4.90329385153284
-2.037818070420608 1.7189746795545178 -0.9045278191718822 -0.03549195902527941 -0.5881979235989445 1.1905425809569266
-0.36182824700559335 1.6570263303887307 -1.0839336576661855 -0.01598919928930642 -2.532097694590024 2.7983695379161344
2.1598545690954287 -2.204826212313492 0.278603867195222 0.9056690387515903 -1.1595442750009284 2.092282533433531
0.5062079010363985 0.5557768418375939 -0.678121853005863 0.6873761226731521 -2.370041882786155 0.5258378096351763
-0.5070858748167613 -0.9924286039130139 -0.5943089418896013 -0.3062631089185179 -1.323397676383362 1.2416109060025478
0.8035825678782125 1.8296946902255047 2.3209194694737243 -1.1405558384164909 -0.06642230279945038 2.963077418696643
0.5687293510307838 -2.2436021745732226 1.2264956320263285 -0.07124363922581223 -0.5151090812329843 0.7360778545710925
-2.12774267596324 -1.1787097403176208 -2.2631597460693538 1.8110403327804028 -1.87468027427902 1.8515156211276413
-0.04850440135597722 1.1022735078519164 -0.2722406482899862 0.8663773975617414 -0.5588739877515784 2.1775479267076907
-1.0951129623960498 -2.8403897772797957 -2.5084536424057045 -2.54556707469524 -0.8338130076747549 1.6570315117474346
-1.1648861078129902 2.5725914565716828 1.4924543474375584 -0.4433432129847519 -1.9900419006247652 1.2546265105704646
-2.789118416368648 -1.6895598748095724 2.247842643689487 -0.04570060995960734 -1.9117270133367974 1.8334746562013156
0.03337389041928723 2.663491110615229 -2.091455831631685 -1.0853904097016998 -2.7751668531490337 2.5538567714154072
1.7112429580901536 2.271257035800808 -0.18240561589843818 0.8017578789352411 -2.2758851037563215 1.6165069651271091
1.1430137324954117 1.0437906359623883 0.056974843303359 -2.0233865006982104 -0.6641050283814756 4.153372696642667
-2.0302781129970198 0.5595496733671668 0.011466871245951138 1.8224929349522963 -1.039077837392191 3.6548362606073796
-0.44556195191746584 -0.7322513270671576 -2.7589322735863093 -0.03468878388605323 -2.1638389354353 4.112965055833817
-1.7600134598362156 1.6126842417149523 2.849607131773977 2.1997874108955315 0.26656213289912123 3.222096871151823
1.6617588633423561 -0.43816228694274817 0.6845669494441498 2.206291072851897 -0.608755267200952 2.196406564061123
2.4709741048656113 -1.9256821398843647 0.33735295366411266 2.035181346232818 -0.17526310852261012 2.0233301572276137
1.7396066907469352 -0.5221691653049716 -0.7347351591970777 -2.0035653236268693 -0.05602465744727869 1.024384342017512
0.24466459655490386 -1.1264840068993083 0.13413312732299154 -2.2111181096348353 -2.86693801558076 3.935327977476337
-1.6732523204350762 0.5661641776004118 -2.874880813435153 -0.24202025486087964 -1.5101609044909372 1.7454580558113166
1.3054662764221128 -2.788417283962317 1.3341775455333438 0.939979725010788 -2.4582391725129393 0.6093729483574064
1.305267036810858 0.5898346223867524 1.7694076717785143 -1.0425433174957457 0.029802555321200908 4.257101600515554
-0.18322469315665185 0.6309283064743647 -2.286978102882099 -0.5888537694834786 -0.4780163400825726 4.685053798874155
0.9550331099006106 0.9911486705624963 -1.0173642367152849 1.5257537944930586 -2.1648807139760704 0.2655728430174043
-2.178878774660188 1.679637840949642 -0.5530961704119336 2.6533643442925974 -1.8464433282777555 1.345705342778061
1.975112807482986 0.48730429692145183 1.5744786650145333 -1.0190623275275075 -1.4080420410539756 1.3131851358324012
-0.38896403132939117 -0.6657241936485927 1.014254843801817 -1.0672973257832574 -1.6940683105907997 4.375418841185985
-0.5831339096777979 1.445223630932344 0.6454030230559428 1.4928813037639863 0.28362309433792254 3.1367509842103773
1.0341883054771905 -1.0883934516733824 -0.7213178417436891 0.590199488670901 -0.09920291037195361 3.9021440511180843
-0.09109910255319087 1.6270929650358656 -2.214293887899038 1.070277733647237 -0.856903177155548 4.909040862527551
-2.4810159880582687 -2.9844405671477343 0.9730358188428555 1.113593074745968 -0.8589863278134956 0.2730284496253519
1.2681943893081526 -2.5581213626221335 -1.1433695984747518 0.1281770316787384 -1.5327399674356352 3.1263617322374184
0.022584475952039718 2.949005568427376 2.100247782938539 -1.7524814212180555 -0.622662701911529 2.762557027418467
0.08572531332050737 -2.1106058887496166 -2.3130484395734388 -1.5370358835203561 -2.6252155487016795 2.6712978503880747
1.20833885787848 1.8615931869337135 1.6937376679825578 -1.7010118086113886 -1.349310818468977 0.3448616152264208
-2.3502940881624683 -1.571187419290307 -2.920633900048654 -0.7514527928585979 -0.6969053845164819 0.30244456977935325
1.1815335499587998 1.871128404342853 -0.3452474628955251 1.4930522121901524 -1.6363434028078205 4.633518668110783
0.49205942402826963 0.48403981032225585 0.15909091529653807 -2.9402636905655717 -1.3319329420000683 2.9236792007820487
0.2632315756613026 -0.9144055314354482 -0.7820584192131501 -2.8406480892013226 -1.9221472295258697 0.32723801978201505
2.6516438051762607 2.622876690238306 -0.060858232920907085 -1.9686945989854054 -0.6177401495983124 3.917404776020309
1.6903964634063313 -0.0653461693940296 -1.5981871454288776 -2.487864539226293 -0.2569804030858378 1.1862104356044099
-0.28265262826937754 -2.9547791015455385 -2.7633253582421426 -0.4257334047806114 -2.0180004196104946 1.7783219662768257
1.4558404853656381 0.4615506827870641 1.2643942362087577 -2.150683402843959 -1.1538617673644718 1.183952356389267
-0.963592846656478 1.4490545186231807 -1.235844902815001 -2.924935130092819 -2.9709233859327155 4.493271993950087
2.0794094820001696 -2.0772257922995347 2.3028483822532464 1.7260742694992892 -2.2201982594141687 0.669826708404583
-2.46165196380744 1.9872265425731368 -1.7684703667916637 2.9745337313639184 -0.7517295684272078 1.970771308682565
2.512317643352017 -1.9144190341578176 2.3647564682650564 -0.39746502786065263 -0.7978177790351388 0.7324940971632272
0.6093951178513857 -0.27638636464494815 -0.6941563613979655 1.6037267368016856 -2.822982304190445 2.4249981541250705
-2.327621949817365 -2.695454711207386 -0.7907592535532678 -2.632886613369799 -2.798836806257324 2.8278464094487923
2.9143601517845363 0.307065291108775 1.8153521680178817 0.5197133285517839 -0.33048989367034304 3.2764718891440427
2.0457874132937244 -1.4743667638082758 -0.6539146175218015 -1.1907274842405209 -0.5631896022360705 4.716755630684303
1.649293358123562 -0.028347105423168484 2.6769299639555206 -2.9286282597996003 0.24098753132907097 4.93361250231057
2.9568110589332006 -2.291757449422676 -0.9766145056728839 2.336312615687009 -2.1077011217435366 1.7119324246775882
2.442679605348878 2.502065574350534 2.5543899656745945 -2.5636113696107303 -2.416034777071081 3.5033639142839976
-0.4946799058161148 2.987059733980705 -2.46498642698639 2.46604042249617 -2.28674638124026 2.202721855622536
1.270337458866582 -2.6785066587140944 0.8443719682814147 1.4835454680189029 -2.1342897499821474 1.1310942178787435
2.6954894022496285 0.6911160636802874 2.7425229284205614 -0.8117163674511341 -0.8688745858234543 3.291917835343159
-1.6601121360961564 1.7710994838222502 -0.8794785842855428 2.8607144870672006 -2.339321027578509 1.1148351616735266
2.859864203366678 1.5359806824071374 0.18052618825033662 -0.2578214452850316 -2.109338316731322 2.3045906384701764
1.4452342916652523 0.4326980261559705 -0.3870424158018102 2.322726509081754 -1.3135681443317335 4.852164583804404
-0.062328133004801334 -0.5655120202653937 -1.1384936160822652 0.8586851209197084 -0.7909263167887793 0.13673066739247042
1.8702348447427415 -2.488814020481604 2.5557563605358644 -0.21592757062286894 -1.403511365403114 1.5194353246182535
-1.219348857029927 2.0437028358756932 -1.9241795192684181 0.40251524290404017 -1.2249198346542758 0.8401767278625885
0.3455527148118416 2.9922569309412763 1.7926420746608618 -1.5199337674083706 0.11698203991706546 0.8255530067653306
1.8693432410650255 -0.9933468102811598 -1.7082094176982001 -0.6809756519329393 -1.2616738405930776 3.762078175055927
-2.0938973065730644 -0.33777629267756154 1.4069041897973191 -2.4900082320741657 -2.080432995603839 2.3119575025510137
0.28430272731180195 1.4719368650131448 -1.0663612608222026 -2.5785929090234845 -2.3381144484515017 2.1889606087690994
-2.8196431965153703 0.9485790074718312 2.1752983804043975 -2.356124872365095 -0.6898767142740498 2.9791302589134334
-2.860966079854763 2.2073795910515726 2.2236480799058325 -1.1506129112923649 -2.7546410233150995 2.5070357967548818
-1.2163094702369337 -2.0866057585540347 -2.76377724676161 -2.6418230763489374 -2.910586771005729 2.1106859640284754
-1.5609704301297276 0.6020130439816144 -2.5959681569741537 -2.378256513292663 -2.5620690162554376 3.436886436573195
0.676851222352217 0.9949948060734018 -1.2231361846129678 -0.11808678816783291 -1.44589635788318 0.28221761585638294
-1.2154443816171576 -2.33362173340994 1.114630820914447 1.113689196674287 -1.1998151794252006 4.321702197873383
-2.9863814140011105 0.36029141055657066 -0.15191117419156352 -1.554617817665461 0.4784334599928206 4.516066330697608
0.9966101694915255 0.9966101694915255 0.9966101694915255 0.8949152542372881 0.9966101694915255 0.9966101694915255 0.9966101694915255 0.9864406779661017 0.9966101694915255 0.9966101694915255 0.9966101694915255 0.9966101694915255 0.9966101694915255 0.8949152542372881 0.9966101694915255 0.9966101694915255 0.9966101694915255 0.9966101694915255 0.9966101694915255 0.9966101694915255 0.9966101694915255 0.9966101694915255 0.9661016949152542 0.9966101694915255 0.9966101694915255 0.9966101694915255 0.9966101694915255 0.9966101694915255 0.9966101694915255 0.9966101694915255 0.9966101694915255 0.9966101694915255 0.47796610169491527 0.9966101694915255 0.9966101694915255 0.9966101694915255 0.9966101694915255 0.9966101694915255 0.9966101694915255 0.4406779661016949 0.9966101694915255 0.9966101694915255 0.9966101694915255 0.9966101694915255 0.9966101694915255 0.9966101694915255 0.9966101694915255 0.9966101694915255 0.9355932203389831 0.9966101694915255 0.9966101694915255 0.9966101694915255 0.9966101694915255 0.9966101694915255 0.9898305084745763 0.9966101694915255 0.9966101694915255 0.9864406779661017 0.9966101694915255 0.44067796610169496 0.9966101694915255 0.9966101694915255 0.9966101694915255 0.9966101694915255 0.9966101694915255 0.9966101694915255 0.9864406779661017 0.4915254237288136 0.9966101694915255 0.9966101694915255 0.9966101694915255 0.9966101694915255 0.9966101694915255 0.9966101694915255 0.9898305084745763 0.9966101694915255 0.9864406779661018 0.9966101694915255 0.9966101694915255 0.9966101694915255 0.9966101694915255 0.9966101694915255 0.9966101694915255 0.9966101694915255 0.9966101694915255 0.9966101694915255 0.9966101694915255 0.9966101694915255 0.9966101694915255 0.9966101694915255 0.8576271186440678 0.9966101694915255 0.9966101694915255 0.9966101694915255 0.9966101694915255 0.7694915254237288 0.9966101694915255 0.9966101694915255 0.9966101694915255 0.9966101694915255
0.007663416264628077 0.007703056824967457 0.00974523402733931 0.007128558304665905 0.005962941664333195 0.006224147558442825 0.016607201880274175 0.008681689409773392 0.010708059721831012 0.009486754522153432 0.012102085825084314 0.014326197627678545 0.010564434322296 0.007660332954332924 0.018304889818159822 0.005862634187342836 0.011715060374248723 0.009516274236403256 0.004917590563473042 0.006076163762872134 0.010273829724328788 0.005050082982650637 0.009335279461757835 0.008068919646376184 0.005145603207817303 0.006720144526098319 0.005995431152650122 0.0049594483498303695 0.009468236568093582 0.008207684964525666 0.00973261207037181 0.005122889267584851 0.010896797055759468 0.009243468353526208 0.016806930411115275 0.007874685313825751 0.006162666251377681 0.007159615059504405 0.007514600884778874 0.007512603878029799 0.0226227176646788 0.007301653015547193 0.009616609976836023 0.007528852790294188 0.008921954588587123 0.00701591293793125 0.014707072795803614 0.009427090607010509 0.00824528636386625 0.006938721413325707 0.0112510324066747 0.007120773174570125 0.007032766249106056 0.008979465024433938 0.006451551963654289 0.009152199014571465 0.021382256758937467 0.005993183689988059 0.010294455201780758 0.007731100847051815 0.011664130099919881 0.01374972287651328 0.007502212483896943 0.006483335280947937 0.008531768878813155 0.011619640965281884 0.0078773945622745 0.008492194657454323 0.007423349095143105 0.014390083779411563 0.019592408630597285 0.016521314689673165 0.01206504721479948 0.005926881836283979 0.016113451844616464 0.01031278893971967 0.009027754658233363 0.022465583392017065 0.011923338040471866 0.015717879805339695 0.01024136712337474 0.010696898432939205 0.010627334438242883 0.011199812307777208 0.006597447203505042 0.009082907572541092 0.006922561118256444 0.011253975059248966 0.007382256420674194 0.017618508765581187 0.006008596988899584 0.010923649218258582 0.0068030915215232125 0.013489596792032037 0.01797593717333667 0.013053548611304878 0.010299977006421528 0.005839935385041634 0.009650046834101126 0.017009360830578486
-----
100
2823
0.8
1.7732486735439414 -1.5859665814810124 -2.354661639365553 -1.554694365224678 -1.923361054562394 1.7777429836487928
-0.9097327871669669 -2.0058472909519875 -2.3963794723021916 -1.188610027085232 -0.4260971218064223 2.1614818014392103
2.3344133523864303 -2.049714704960401 -2.1911565572758187 -1.340952717383713 0.039222448602826865 1.8583079551058224
1.0767982824350888 -1.7336088622784904 -2.02298297112685 -0.49899870893304543 -1.298514075491694 2.9862333870334963
1.6063911767993195 1.3503115345348715 -2.1755988147606398 0.2813037074257143 -1.0189964411121228 3.298913485348634
0.9968889157944596 1.204545041454729 -2.7049830332371343 -1.5434395489021875 -0.7677046591339687 1.8456261491615336
2.6187095007589116 1.9713177930231247 -2.3542429111568155 1.9185012055600792 -2.757187898655423 4.603973386824397
1.1131957717795293 0.10472365072673684 -2.4196284653029063 -1.3892115209619313 -0.5676548897405114 1.2081426539388658
1.6214780442289727 1.47696952040645 -2.781314423801297 1.5174124734034309 -1.5617300362925528 2.8659585397021807
2.271771864382013 -1.7329771857775182 -1.9433695591115925 -0.8275862230102642 -1.4574587167716373 3.790870401276193
0.9822607856255219 -0.7890748872239488 -1.8198578879005747 -0.24440089492275366 -0.10315204668360578 4.171687999428869
2.998417436083849 -2.266954721284482 -2.1446432646277755 1.892065646081368 -1.6714455923086273 2.222004870034297
2.109490002567593 -2.520765205704679 -1.9752816784698974 -1.3802405999651977 -0.9633866340495685 3.3620290051985102
-2.4508010293829825 -1.8357789168165972 -2.8682816194679415 -2.6779383435146085 -0.051807319665881923 3.592195431223409
0.05874390230076498 -2.3500490770716773 -2.080325432727398 -2.521301513108502 -0.8941214332815228 2.2759530744856633
1.924261251280719 -2.9369013506187573 -2.117404367474172 0.8351885920537688 -1.9184499636928287 3.898929944658944
2.585064365891787 2.101689976831647 -2.4900343298685303 1.2807161439463801 -1.3699528786794108 3.2652277625315165
0.2824365017557121 -2.0592192042907427 -1.8154496934283546 -2.1345603927037047 -1.293514113283762 3.8535714150222056
1.859523472199901 1.5141850666534031 -2.343524983392742 1.3119319653440618 0.12525158924464797 2.4630624865886617
1.5170380150308829 0.7242101662092324 -2.072904058889802 0.4409350454628478 -1.856256591723985 3.5224280066063907
1.6332286777919016 0.8096407057343704 -2.357926219842928 -0.9463187559470572 -1.6487658771538487 1.3725334437361962
1.298924560606774 -0.7156184359091877 -2.9161703077503622 -0.5905424146942204 -0.9218377747217434 0.8080573766989786
1.068744398314579 -0.9734065421028384 -2.6825593018912883 0.9934129300226437 -2.4454926676976942 1.172569708437192
0.4393663331869294 -2.994714336083148 -2.00457175576201 -2.636806348866161 0.182013358191345 3.5016647512376884
-0.9026577084333178 -0.7616230618922422 -2.6824903579428767 -1.8354219656460145 -2.523872745660407 4.282871735814686
1.23000134803906 0.6471481864692217 -2.411463842464408 0.5074146367384034 -2.184486362112532 4.8709151698856274
0.9630677882419341 0.6102818858091716 -2.6893784237023035 1.2036007195108105 -0.9595231650506416 3.4848806875348757
0.46856690846877513 -2.208742445576683 -2.5344992113826916 -0.34251692412177315 -2.538795751398814 2.9014388202219523
2.8923070110024547 -2.1968733494234507 -2.3020029198477516 2.823359362675437 -1.6642558504617728 3.3350713037181903
2.011608478980637 -0.18445936114624528 -2.493970615751356 -0.8082911927404814 -1.4272548984187008 1.8214792954298966
0.49735125695466764 -1.9018239652406832 -1.9873156915272019 -2.26949523589227 -0.0845828911926636 3.2844366879179683
1.3092355906207755 -2.3207525527480604 -2.223924581654476 0.4653514181032814 -0.067554482939578 2.2427065910907067
2.4364771665284444 -2.3517658797971293 -2.838794341409401 2.7406798115112823 -0.9971119826641355 3.3266841612413804
1.8337296240722702 -2.3103772793018797 -2.285351900486929 1.3041043598752315 -1.5855553630815558 3.26759554979614
2.0312653512351972 -2.525620132842356 -2.268589656923236 1.0533483149545326 -2.7955154494771346 3.7591776993646935
0.7673016186523679 -2.622477568787626 -2.710258571223984 1.3984012342022156 -1.7521170302713882 4.71829372173707
0.3085782956702179 -1.3704044082978917 -2.721611396165766 0.9082733352552654 -2.6289966978114236 3.292427231103194
0.9890967386202122 -2.81796322449127 -2.746223591848467 -1.651967891256797 -2.675375669970408 1.437436873672272
2.2402804846857696 -0.9485807878999077 -2.1850794413487824 -2.5788516772724077 -1.836166490604751 4.888581584811234
-1.0868447259300953 -0.6377100198904952 -2.6667333691776918 -2.646169424442819 -0.5555790506138751 2.935063608052127
2.878069215231518 -0.20625689615201503 -2.2229851926060755 -0.046718468463956775 -0.443895026243037 4.273979675779586
1.1175753687904535 -2.04374503025753 -2.535964049336622 -0.13935677317766082 -2.83029480565377 2.4643313345434636
2.5824448911050255 -1.2179275380211174 -2.2196855356586838 0.393767101994706 -2.498249264684094 1.9109810363326973
2.046190887649564 -0.32103871892731006 -1.8228283019504206 -1.550810969077358 -1.5543881354494782 4.457567542160551
-2.282733943325674 -1.713568491404379 -2.944120997606839 -1.9787554974443347 -2.286177073050409 4.496034866598916
0.03958155878138303 -2.7026474837539665 -2.202586030975147 -2.0594279849273827 -0.6324998487717486 2.3444238038930947
-0.4102717950022199 -0.6022670009828441 -1.9306533973254196 -2.8651511798475116 -2.688031664916526 4.844090666443381
2.0287943561277495 -0.16093167493273353 -2.1047595208448526 -1.17377770791076 -1.4087503121406841 2.7283774774322755
0.29223049480412167 -0.29120854277408303 -2.698105762283905 -2.185873912767215 0.2463476965275109 1.2858335286796208
2.9975570539725522 1.8100993612523202 -2.6471111456614893 1.9507887462119253 -1.3347553138852368 1.7501429549955627
1.64260563951124 1.4552922190775563 -2.7508506084072204 -0.28109912572996754 -0.8136697214265138 2.352313300683887
2.237149865860705 -2.9812764526261697 -2.154458741672327 -1.042758067097639 -2.2453479359718105 2.248565671814186
0.6318323858423565 -1.5160653087068363 -2.186550388963372 -2.393430788088925 -1.4518285603892176 3.8472355112513767
-0.028741472502283316 0.41706932020358867 -2.6122622032932044 -1.5465784773813964 -2.0953981487953706 4.8520440698133545
0.8193972861245824 0.4624082862160602 -2.4970390169161694 0.330352447602245 -2.2024179431922364 1.6179052060982186
-0.09642409061778057 -0.8354795883074497 -2.1154993097462373 -2.654251774572482 -0.3467802130139557 4.796550699488894
1.7666898311640205 1.6693378892515995 -2.3208627622504467 1.6541357094987408 -1.4551810607234041 3.320842101339398
-0.9809440888401608 -2.4840591586253127 -2.662587413815971 -1.2251300274765493 -2.461171941931682 1.6956595188257682
-0.8995240965000779 -2.6428105183763657 -2.5355482400849105 -1.989775268079122 -2.2936767462493974 1.1715267274323318
1.8384853769204383 -0.47771892214228906 -2.808684229127025 -1.9246816663856703 -0.6682124620456775 0.6874980952380196
1.9031311692912933 -0.40349315610816827 -2.0255796460888673 -1.7289632119022316 0.4411698067427266 3.053597303782168
2.246491626248006 -0.14075916472922112 -2.437526206852254 -0.556717972388711 -1.4838741202519938 1.9706184277282732
2.3424481118781646 -1.1034596686923301 -2.4034878004105784 -1.5892275131877802 -1.4999211478647474 1.0905954137380105
0.4576064575383582 -0.912544490477659 -2.5411257645893492 0.7489454420958428 -1.832292410795461 2.246081939348956
2.2322542710069304 -1.9620822670532656 -2.7153765735330673 -0.07071856040235991 -0.15948342707495355 0.5893288232930438
0.9138442399380429 1.5718401328006952 -2.851852028463843 -1.865050473599236 -2.474903592626961 4.104665265474458
2.2838203179619723 0.6132855757957871 -2.645184148581862 -1.6822973737222389 -0.9576461902588604 1.5833208993631314
1.9309966129440683 -0.7314157354105948 -2.7792386735675425 2.8103184775595285 -1.4895257431624405 4.234660004632792
0.5219895189930746 0.7897206098734444 -2.7865185445376968 -0.932472862666758 -2.801115141436573 2.2375365591672747
-0.6431341969740507 -1.7586153298719946 -2.1620411139588622 -1.858431318607026 -1.867203660583648 2.3885086977888057
-1.2671189261584654 -2.1580598744010278 -2.15628970837039 -1.5138467428204851 -0.7793961555717054 3.35728891149419
0.5631833622486448 0.5752893248994561 -2.6174386025795964 -0.9477399638586186 -2.158586618052178 2.510850124512738
2.2777017139885825 -2.05276677299963 -2.155341210605276 1.4952479463461819 0.2950537828679022 2.414424678838932
1.021841228254969 -1.287256644822748 -2.088917209828756 -0.4508955644730217 -0.31368923900363144 2.3081731298847026
0.38207209904650785 -2.14727655114607 -2.2953201485746466 -0.5750069837551893 -2.004142964814805 2.8650311348301165
0.7553200633311017 0.5572852192127935 -2.9163954968857078 1.6606294816596232 -2.1313407825729715 3.220635484025109
-1.5046932623330855 -2.5601670030867014 -2.6086485276527176 -1.4476709836260975 -0.08571219051383794 2.1574953210223278
2.0061544299369194 0.08809254917210896 -2.0852534469718274 -0.6617301108574802 0.1418786958238538 2.491351494504527
0.924669273198683 0.15742243270351164 -2.1827251176748335 -1.7080559717021033 -2.207315390482393 4.480240225282538
1.312486644616949 -2.138126640769234 -2.238966344233379 -0.26853867830966993 -1.013774898917711 3.9328534294902076
1.6819682816950718 -1.7775280345169404 -1.962295037697047 0.9169401611244977 -1.3644477946714377 4.320333416065964
1.8050646068490481 -1.1496904176023435 -2.628184193228538 2.330498330892117 0.489376704394217 4.059518611978698
0.7745671532336043 0.5469098473423843 -2.2512117417695254 -1.3759384375859796 -0.9330733910878353 4.789269625927919
2.4440876601261454 2.1561974898132226 -2.003956780014817 -0.878734952421123 -0.5811161145449171 4.545219066744816
1.3600784057856412 1.5487800271718106 -2.7325674674633196 -2.111800883284049 -1.9586895810069862 3.6020878013253776
2.717927379320802 -1.5174831682381207 -2.76576776256819 2.9847299447667757 -2.068953736013166 2.8266164511898837
0.7168111940804928 -0.9688227438455643 -1.9316321022261496 -0.39506922819202783 -2.5191512908533227 3.6369209208237088
0.9111816441123151 -1.4825988377621009 -2.6347205181164197 -0.7991361746926997 -2.6754558995310367 2.0962792800638272
2.829051288825671 -1.1245908290790672 -2.3993893607035712 -2.798122559768149 -2.074941201712018 1.390221771574583
2.542489893923165 -1.6113676586375887 -2.473391007118973 0.3823334625345306 -2.191838007156184 1.9269797473260433
1.8286621302778878 -0.1564706786597987 -2.552206619219342 0.9929310328888622 -0.9304332287543374 2.3762733098876683
1.9392497783620088 0.6578796845102695 -2.435927286937827 -2.7585200992423085 -1.7692938925949653 3.7553177065779613
1.742915294377592 -2.7072106127612723 -2.4339728980138835 0.9376549672076337 -1.9323187959104628 1.1611257596883422
2.5971961434539454 -2.7169548576483358 -2.801845552881063 2.553562075060619 -1.1778182230136713 1.0142814401867044
2.4796345164185625 -1.2199640019520317 -2.1820928377423314 0.32668433084603077 -1.7940860537306462 4.014522409642969
0.45338693511672057 -2.7855508162216958 -2.0063122279217938 -1.4597116995740687 -0.8182480619130481 2.736431512743352
2.5383678514341437 -1.6615029355038113 -2.479585994441289 0.9680099856180671 -2.3803844545736954 2.4335896768871237
1.9464442881619826 0.6414552423209918 -2.675459443592986 2.082183415819742 -0.7962708688937294 2.3958622202044793
-0.11549011034790402 -2.025270725211972 -2.723636334701103 -0.7122024430389566 -2.655831180718442 1.61314526513143
-1.4726555053527606 -2.3164655659970874 -2.5369947839184084 -1.0481195108189847 -2.687765575464561 3.787073695925289
0.6033898305084746 0.6610169491525424 0.7694915254237288 0.7254237288135594 0.7254237288135594 0.6813559322033899 0.6203389830508474 0.7762711864406779 0.576271186440678 0.6949152542372881 0.7796610169491526 0.7762711864406779 0.7084745762711864 0.2508474576271187 0.7864406779661017 0.4813559322033899 0.6067796610169492 0.7830508474576271 0.7152542372881356 0.6983050847457628 0.7864406779661017 0.559322033898305 0.7423728813559323 0.6677966101694917 0.6033898305084745 0.6915254237288136 0.4237288135593221 0.705084745762712 0.6711864406779662 0.46779661016949153 0.7050847457627119 0.7084745762711864 0.6779661016949153 0.4847457627118644 0.5084745762711865 0.511864406779661 0.6847457627118644 0.6915254237288136 0.6203389830508474 0.6067796610169491 0.5661016949152543 0.6813559322033899 0.7220338983050847 0.7254237288135594 0.2542372881355932 0.6576271186440679 0.7627118644067797 0.688135593220339 0.4847457627118644 0.6169491525423729 0.6847457627118645 0.7186440677966102 0.46440677966101696 0.44067796610169496 0.7661016949152543 0.4338983050847458 0.7728813559322034 0.4711864406779661 0.6745762711864407 0.5491525423728814 0.7118644067796611 0.46440677966101696 0.7898305084745763 0.7898305084745763 0.7728813559322034 0.4542372881355933 0.5796610169491525 0.7559322033898306 0.5050847457627119 0.7254237288135594 0.6745762711864407 0.4677966101694915 0.7457627118644068 0.7830508474576272 0.47457627118644075 0.7593220338983051 0.5016949152542373 0.7491525423728814 0.45084745762711864 0.5322033898305085 0.6847457627118645 0.535593220338983 0.41694915254237297 0.7423728813559323 0.6542372881355932 0.5152542372881356 0.752542372881356 0.7457627118644068 0.6949152542372882 0.4711864406779661 0.6372881355932203 0.7694915254237289 0.7864406779661017 0.7389830508474577 0.4915254237288136 0.7796610169491526 0.6067796610169492 0.5288135593220339 0.5627118644067797 0.5457627118644068
0.00747630061276275 0.007969395210243525 0.01390639016624965 0.005948284046534652 0.006903453683773038 0.008493274696817262 0.022111341020307568 0.00811273265295173 0.00858811570823325 0.008752509403100111 0.00857929372212488 0.009286453815744578 0.01025023668659349 0.020096891398199746 0.008098881734301087 0.01135156304249284 0.01148383417611771 0.0078820018124864 0.013245370934520929 0.006379560255929568 0.007128813270115199 0.008590646708601877 0.00748525810953539 0.01987295641682067 0.007865346935405259 0.009800005968090875 0.007498536104306415 0.00701608078230425 0.013676646003301216 0.007163359628162223 0.011163252374948439 0.010244169384385347 0.015118737886513238 0.008444515631640302 0.014253809918231622 0.014796418193737459 0.008079462599365142 0.00957620217979441 0.01553354183682258 0.009522631539280235 0.01194529784819964 0.00814357370942011 0.008700751612481702 0.008777801809152122 0.011618911847467122 0.009009998048211803 0.009898986310286524 0.006629484232021138 0.013659226344338615 0.014467660140480726 0.008614465534053992 0.010004201504660287 0.008126684716473084 0.008658841514960505 0.006104703190154269 0.012893441852044997 0.008538665360937022 0.006547297383767597 0.007206427847259924 0.012222038527610954 0.01290123999784564 0.007277800464772195 0.009356514640260466 0.005489451444565799 0.014866376392603386 0.00988031395265009 0.010266090556327281 0.014078915412158152 0.007438992654000899 0.005355486571792676 0.008255786654349893 0.00588516809676139 0.015464771668737299 0.007225560654190627 0.005920605536504254 0.007954252415589067 0.01197503926303042 0.009983249545600375 0.008015747432642472 0.008722391761393602 0.00909052423813319 0.025546345035117123 0.008587629990715396 0.012011881735601602 0.009362004929257817 0.013511458647828316 0.006392229087023624 0.007010599560384958 0.014619222439772083 0.00850934770294209 0.007311350011260662 0.010692183946895008 0.007881132208877675 0.011834161870438687 0.009503457022663742 0.008044896016217268 0.009332239900044313 0.009822187967944979 0.006749570607255612 0.008359086381020843
