6
100 100 100
100 100 1575
5.0 1.5 0.8
-----
100
100
5.0
0.10810252674709231 -1.1902798461917072 1.6298382378040976 -2.451769957929004 -2.2071317679114486 0.7011779862976464
0.8951421349753161 1.4741291884832748 1.4305950530123255 -2.9274909748302105 -0.5457230090211023 2.3591569215372155
-1.400332293215191 -1.5418864727604555 1.8271431061343097 -2.930051486005107 -0.35038942955046704 1.3043403142863597
2.6449719725710406 1.5825955146778288 1.8070674718432027 -1.5945404681208326 -0.31617161400105154 2.2334458128576165
1.765523873649939 0.6868735671258968 -2.693802216449359 -2.0614742243917363 -2.2378974182666327 1.5530058368292687
-2.829825189650447 1.7679880307190157 0.6703517714656746 -1.3434417720931764 0.034622178675420834 3.5817696265499013
0.912268388870221 -1.268925617098306 -2.5415865661427652 -2.2764812590578103 -0.06535021389092499 0.2208850127336659
-2.7614313954809373 0.5004571427288496 -0.13570529634926887 -0.3542225427513319 0.2671075909495255 4.938449658714107
-2.11215618831353 -0.4591131386923508 2.174085611337299 -0.04144441698354662 -2.2743188730366466 2.6102666228943026
-2.3671089784323986 -1.612106588386053 0.2924939049802462 -2.4841600241138635 0.37423264488886554 2.6467013612963495
0.43064265160805126 2.2703982088368555 0.8552903747407048 1.9121300462928819 0.426511199039183 2.680062883366735
-0.2596857653339555 -0.5015853824039938 1.419194619217489 2.3091940471411387 -0.9995437195651005 1.0370580081585146
2.174112364530579 -0.30595715588529293 -2.103016927169176 -1.5689149509673692 -1.3271268368731894 2.9890663372066975
0.3695013338319941 -0.6390412573022175 -2.424151907665775 -1.0813296972628357 -2.7447750727303255 1.9770332242350008
-1.882123517684637 1.8462974791887907 2.7568499479052546 2.3598898090800633 -2.88472989362376 2.5181359854649465
-0.5288942036860322 -0.915907495244658 -1.8332937539392593 0.07563812609556031 -1.7180255434501688 4.953580562481431
0.997828733861764 -0.4943325338670119 1.5498806756786987 -1.3118458021395831 -2.319118123813034 4.517625354208824
0.280552825367995 -0.5693691089366819 -2.901146495216872 0.43755154285176046 -0.8762790430389327 3.64031731760185
1.6321363745219344 -2.5839613394669096 0.657452106328722 1.4393932230297377 -0.6507463719714344 1.2591823952490955
0.30980706515441403 0.38606252840081057 -2.115454208171268 -2.163617523885259 -2.7504216596920976 3.6848630577860355
2.6262601740015032 1.4420970551695076 -2.906898173844452 0.20311735479791437 -0.1398631443070455 4.815895392342079
-0.4979265186752042 2.1414356394377734 2.750085755380722 -1.4174608236862047 -1.405256821776352 3.632715018143533
2.033549159949124 -1.183035079694203 -0.9120108479611995 0.7226293244079809 -1.505087965743193 2.604926342811824
-1.9950804620130311 2.209827300213056 -2.348219848591593 2.0480516102858424 -0.3387061278762755 1.3825916799625315
2.7278500079038865 0.38588375921804685 -2.514401162139642 0.26042309518661044 -2.5653335004634474 0.8439599112984375
-0.8451320657878978 -0.6882273589131844 2.908018797077636 -2.4310237111471804 -2.047480027348432 1.999600526009666
-2.229760412042013 -2.2454092883628554 -0.9539666685200334 -2.93920516498731 0.31953149236518597 1.2807857314912319
-0.10784516716585957 2.540113707453645 -2.5289673825877075 1.3625942609714077 -1.4049074527567127 2.3416240896733553
2.5067106823340684 -1.0726845435348173 2.776176336717964 0.4875103393901683 -1.074192466562299 0.7942106224932166
-0.3299396229028764 1.0339917239972323 0.17987429041393943 0.806864299674769 -2.0793564571312397 2.669077858374309
-2.8023924542319767 -2.4020580072781508 0.16057553224007615 2.2151674529192977 -2.8956196604895315 0.84394489996098
-2.0279237843828284 1.531943449631088 1.896457206682217 -1.70185772281935 -2.5653280296567327 2.841687275392075
0.03497036369902151 -0.9013325859993029 2.9910371936344085 -0.8497603245010668 0.47856433509642304 3.978058220340548
-2.8904356952277577 -2.481684014630832 2.9107745818734783 1.1401771373511007 -0.6373386139534207 2.7041801552316915
-2.2405373780439923 2.5722951593127474 0.5924599743545493 -0.2419318077287569 -1.0682391816552452 2.8433921335704038
-0.35333366784939546 -0.7098456336383565 0.31500431527583794 2.9756721617066075 -1.429385493532259 2.1263001834790574
1.4280008544510743 -0.0688420146124642 1.1537426700239592 -2.829848404875187 -0.4678915552494871 2.1898587503348943
-1.6501914810060225 -0.2019118661447159 -0.406989970497472 1.6590789198430969 -2.4303111428123194 4.584828780314593
-1.5439411037995319 -0.9747531254946273 0.9015452702370763 -0.32533550338842865 -1.146978959566575 4.750513291797381
-0.7523294517362475 -1.8605895459189448 -1.8350972186754144 -0.1353690687380027 -1.4123073920368112 1.470399898747562
-2.9866962598587747 1.4983856151370158 2.161473484597776 -2.122604412214565 -0.030554382561470472 0.02816038122308795
2.1388827735897475 0.3797552045041628 -2.961328045739898 -2.2739200220669464 -0.3446871245138232 0.8918617807379925
-1.6693343205910725 -2.593963607325985 0.32112102943029575 2.69788137956939 0.0768250077104966 3.6297720713241874
1.6037070704158243 0.5566924320616726 -0.6837748630776503 2.102644140068808 -2.5911505419052 0.7852562670506635
-1.8475352695350096 -2.699155141688413 -1.746104008745104 1.090960506250168 -2.310491360533807 0.8355953923288406
1.5263802951257492 2.0023182696062563 1.1789795660980467 1.7839605283337345 -1.427531285127292 2.2562084762280943
2.7327397181256377 1.8897161078813092 -1.9418091173961747 -2.9066623028072196 -1.6526762305388902 3.6338455300834682
-0.963555088183524 2.7049899922643643 1.1532452910534712 2.9501736945325865 -2.943416050605173 4.134972211998001
-0.0033007813300622857 0.1944619974924251 -0.0769442724834275 -1.7824306920405433 -1.2573622954990613 1.7918020315145544
-1.8557540342577536 2.702462977066064 -0.16572322285303365 1.3706469042560343 -1.7935696897001905 3.735737926529281
-2.676731423124909 2.1393550353978092 2.38363336045275 -1.4523356813971855 -0.46499960450027 1.863653194704572
-2.621092060520374 -0.5348159308508955 -2.5925383753923175 -1.3040120151977397 -1.140151494235906 2.887004582027587
-2.683720875247774 -0.6410771353905322 1.950208719959603 2.511590768803746 -1.4321949010632555 4.142015038045237
0.01604018966837284 -0.8642197313440807 -1.0980132952965227 2.237572575106226 -2.6506401133178787 3.688941015441239
1.4625553718202084 2.1543965442319113 1.2071239098257038 1.8488275905875522 -2.5432504662949578 2.4483437058202817
0.23210857122062567 1.8266321874569833 -1.5786894222116468 0.006005179474577904 -0.11258825505022063 0.5070580475725339
-0.7668478851285312 0.7078180536518861 1.483426371790129 0.7773714301821841 -1.7640619426700495 4.518491579480518
2.886743469637068 2.7627322580351246 1.861893182734315 0.01905187511397166 -2.1551811024230196 4.2885422599681435
2.5234804546169425 -2.5009799794701943 -1.0024464264461623 2.065497836056826 -2.749879607658037 3.708330890245964
2.072811362616771 -0.35366991626982136 -1.0032397908295314 -1.1659166556795837 0.23036931384771941 0.5717304692427616
1.6287116959482644 -2.15253104703721 -1.3116983662563064 -1.6342829989960785 -0.033010638355295274 2.0454645354565173
0.8645312321503886 0.10513377857810235 -0.8574348557767277 2.787774934424533 -2.190939843780817 2.839237516955503
1.5875693066552419 2.1910213924231075 -0.5852371165959429 -1.75698507755156 -1.473071375931518 0.8822824785694272
-0.2767135003976793 -2.209331721403312 0.894941482525911 -1.1596022777604764 -0.5839194546491386 3.039194051369878
-0.02499911876618599 -1.0793138156957078 -2.999736067393169 1.5624817366226669 -1.008476181024323 2.263339174922029
-0.16277252232220496 -1.71293871980608 -0.25077478946193255 1.767974173064454 0.14568941681798098 3.6928182095463926
-1.1430857464395814 -2.933715482131626 1.8090800445033448 1.106412594510184 -2.6370009740399967 3.666708437716093
2.2141123957290407 -1.4186893531057927 1.8684229431471984 2.4179753023496584 -2.9436377939702387 2.921555919320048
2.5496176119858527 -2.442333061602358 -0.685225628277526 -0.7320182356670837 -1.591057203575805 1.9784497755106434
-0.41313364765367977 0.4118137839998015 1.0055468807291899 2.4217271009489414 -2.0664379752162283 3.9226716188603747
2.5052423952861442 1.9309643253131323 -2.6924011511453316 -1.3515773243964349 -0.935728920323307 4.705831135715764
-2.907074790285872 -1.2366064427909524 -1.1471391034318401 -1.4464416459301344 -0.7885000890298848 0.4150122723531924
2.9831895056359947 0.2709764477396055 -1.6060039804275665 -2.899394935903995 -2.1953067567836317 1.431614979524527
1.2256010105208244 -0.5839293492816826 1.0778533218388553 -2.784628989329939 -2.6244163088004555 0.9462815007072123
1.469623830013962 2.545201300933491 -0.004031778476324632 1.9785052480597738 -1.8695144232307426 4.345159997005036
1.678716658439063 -0.6937175205098844 -0.49111669749246856 2.199505637674985 -0.7088192269904043 4.517750760985785
-2.4042468685300347 -0.34328368990033065 -2.582252754313994 -1.2259381438661472 -2.6204884922449736 1.7986485869443447
-1.7577880024395212 -1.2682892715131806 0.7426221520524958 -2.307025051692129 -1.2756330271769607 2.318410418978487
-1.680033167995818 -0.07768247747163981 2.9503651548138095 0.9274772545708703 -0.7641820277362759 0.24419473433884176
-1.6320539431361767 2.704106238010163 2.7734138759452325 0.5286254195403277 -1.35129033870316 1.8087714225262241
-2.91841452728235 -1.2642120794536047 2.259689439679888 -1.8253762105700369 -2.1693667324659587 4.092228051878282
-0.13221249062306928 -0.8626343265624188 2.628161578948106 -1.2877740031571236 -1.6839438146637473 2.2626998309115742
-1.5387833298809386 2.0433604586990706 1.6045905447946858 1.0913167893041766 -0.6591887182157952 1.1753955618665268
2.1241148241947823 -1.87427766767017 -0.4142914611538768 -1.680264409971739 -1.775656916129234 0.7294467922503023
2.2033769664928835 2.17053014647092 0.34648220462805046 1.946890410469563 -0.9297620770566541 3.8659665961864222
-2.6142739656283234 -1.1418877842051312 -1.392829327814482 -2.9974097491624296 -0.2310139690525146 4.957334407875637
-0.9641771667279819 -0.030198430953481292 1.4860797029407768 -1.0270099176790741 -2.358601775164444 3.3564075757426504
-2.41702080519882 -0.22083318103013916 2.756920085384168 -2.6777083414875635 0.295870330812563 3.2215004038191655
-2.08194502954897 2.9518099801238993 -1.3843213512627712 0.03657656606609194 -2.090820670454116 4.665302562268174
-1.7650142674764844 2.7753901776229455 -2.340362131108546 -2.0923141604211724 -0.5439909358875323 1.139764287363918
-0.34648157347344855 -1.239001807170201 1.9697795774645108 -0.7630237475539112 0.22504369158826965 4.896169470616913
2.112398920393198 0.42776491912405534 1.722621020932186 -2.1913318100183092 -0.8184863004185821 2.5050682428420346
2.596872321438309 -0.21532832283402703 2.858662076102952 -0.2126624712848617 -0.6677221977054395 2.732173788941956
0.5177373456757968 -2.723430236499336 -2.637887552129545 2.3453214683866506 -2.3959740790063533 3.8895082182586185
0.9615291533655723 2.0049411349204656 -2.6333987379861576 2.1336259885340896 -2.428621886362562 3.916112664972239
-0.9258069034374583 -1.359077870479796 1.3566606810131763 1.9355142494930728 -1.3686555316251119 0.7099805281034843
0.7248779549164381 -1.803617670242525 -1.1839577259463465 0.015694478273508228 -1.4400756020301748 1.6773791177586472
0.5349221714534176 -0.7829188964995022 -2.110980752518364 -0.2503999920349891 -1.4433975590582842 3.633508546160625
-0.9682902292387232 -2.1521163961384104 -2.41337448968716 0.8717581910070948 -2.3063857338508487 2.544134618567484
-0.9980740959873051 -0.2564165361158257 0.2880047715359013 2.7132176109705135 -2.7255011642676656 1.0653395972477575
1.0 1.0 1.0 1.0 0.9491525423728814 1.0 0.8305084745762712 1.0 1.0 0.9966101694915255 1.0 1.0 0.6711864406779662 0.7932203389830509 1.0 0.8 0.9966101694915255 0.9966101694915255 0.9966101694915255 0.42711864406779665 1.0 1.0 0.9457627118644067 1.0 0.5389830508474577 1.0 0.9796610169491526 0.9932203389830508 1.0 0.9966101694915255 1.0 1.0 1.0 1.0 1.0 0.9966101694915255 0.9966101694915255 0.9966101694915255 0.9966101694915255 0.9457627118644067 1.0 0.9728813559322034 0.9966101694915255 0.9966101694915255 1.0 1.0 0.5220338983050847 1.0 0.993220338983051 1.0 1.0 0.9491525423728814 1.0 0.993220338983051 1.0 1.0 1.0 0.9966101694915255 0.9254237288135593 0.9932203389830508 0.9084745762711864 0.9966101694915255 0.9966101694915255 0.9966101694915255 0.840677966101695 0.9966101694915255 0.9966101694915255 1.0 0.9830508474576272 0.9966101694915255 1.0 0.9966101694915255 0.8576271186440678 1.0 0.9966101694915255 0.9898305084745763 0.976271186440678 0.9966101694915255 1.0 1.0 1.0 1.0 1.0 0.993220338983051 0.993220338983051 0.9322033898305084 1.0 1.0 1.0 1.0 0.9966101694915255 0.9966101694915255 1.0 0.9288135593220339 0.823728813559322 1.0 0.9457627118644067 0.6779661016949152 0.9728813559322035 1.0
0.010000000000000004 0.010000000000000004 0.010000000000000004 0.010000000000000004 0.010000000000000004 0.010000000000000004 0.010000000000000004 0.010000000000000004 0.010000000000000004 0.010000000000000004 0.010000000000000004 0.010000000000000004 0.010000000000000004 0.010000000000000004 0.010000000000000004 0.010000000000000004 0.010000000000000004 0.010000000000000004 0.010000000000000004 0.010000000000000004 0.010000000000000004 0.010000000000000004 0.010000000000000004 0.010000000000000004 0.010000000000000004 0.010000000000000004 0.010000000000000004 0.010000000000000004 0.010000000000000004 0.010000000000000004 0.010000000000000004 0.010000000000000004 0.010000000000000004 0.010000000000000004 0.010000000000000004 0.010000000000000004 0.010000000000000004 0.010000000000000004 0.010000000000000004 0.010000000000000004 0.010000000000000004 0.010000000000000004 0.010000000000000004 0.010000000000000004 0.010000000000000004 0.010000000000000004 0.010000000000000004 0.010000000000000004 0.010000000000000004 0.010000000000000004 0.010000000000000004 0.010000000000000004 0.010000000000000004 0.010000000000000004 0.010000000000000004 0.010000000000000004 0.010000000000000004 0.010000000000000004 0.010000000000000004 0.010000000000000004 0.010000000000000004 0.010000000000000004 0.010000000000000004 0.010000000000000004 0.010000000000000004 0.010000000000000004 0.010000000000000004 0.010000000000000004 0.010000000000000004 0.010000000000000004 0.010000000000000004 0.010000000000000004 0.010000000000000004 0.010000000000000004 0.010000000000000004 0.010000000000000004 0.010000000000000004 0.010000000000000004 0.010000000000000004 0.010000000000000004 0.010000000000000004 0.010000000000000004 0.010000000000000004 0.010000000000000004 0.010000000000000004 0.010000000000000004 0.010000000000000004 0.010000000000000004 0.010000000000000004 0.010000000000000004 0.010000000000000004 0.010000000000000004 0.010000000000000004 0.010000000000000004 0.010000000000000004 0.010000000000000004 0.010000000000000004 0.010000000000000004 0.010000000000000004 0.010000000000000004
-----
100
100
1.5
0.6464788493298623 2.8578146858437736 2.7846563801802726 -0.6598633870419486 -2.1644972096104786 1.2300860792230133
1.542688203244765 1.3063190740674162 -2.9019530557608184 0.6525192069382633 -2.095733091542468 3.803780873924938
0.812787456973509 2.7612561782133818 -1.4088708023433272 -2.8967063735378256 -0.8178642146189282 3.686039326557032
0.29152961337822747 0.574326392669019 2.9395931753424196 -1.151149219890306 -2.615317492473951 3.477160344291347
-0.27637679796902415 -1.0244767154756702 2.392630834645417 -2.0201412325162442 -1.7632575042440595 4.850755306751183
-1.1088151058865043 2.8505985495314796 1.6367161138311135 -2.498614948404079 0.43421254005209325 4.717751322360513
-1.456558639959837 2.0203009374837175 -0.4853013023818318 -1.054746695400608 -2.5424440822148555 2.817148409019242
-1.5638326535139888 -1.864755215678613 2.303204343220365 0.7233661398385007 -2.752874093687617 0.7849441373696604
0.8920980497959172 -0.5065125774277334 1.9352047502480807 0.16141366343161717 -0.3217610979807083 0.144434463135929
-0.6984988367039463 2.3138263090642486 2.593871844742937 1.8024485794828637 -0.9496378788484119 2.9503973949054725
-2.46388613710843 -0.6702067177984921 2.2912159080521586 -2.878138972339677 -2.6481765326016355 3.6566471718850795
-1.8663244905680259 -1.2500852513312128 0.4904120874027771 -2.08003914087033 -0.8740028228341163 1.2665780744631354
-1.7725400006229846 0.49773956047287204 -2.7666275197442594 -0.2357240332706599 -1.4941608663916517 3.398200376838857
-0.15107120447923394 -1.0104000999716323 -0.11460815418071457 1.7922415715051523 -1.9306512055837286 1.467285472927958
-2.051409252899634 -0.977545415409522 -2.707752478170967 1.7464506289682036 0.46685735632051373 2.888379988027631
-1.9774040605618268 -1.4793601970674242 -0.6634664196185096 -2.3217531755247114 -1.5651068264341403 4.298964373056922
-1.8885825850388467 -2.0241153590398273 0.23026382286667202 -1.4601953377854833 -2.3730328199444495 1.9152329478008174
2.4838759040154157 -1.1240693069207095 0.22572225543201097 1.0779589041834323 -0.03345182654871759 4.233956712757687
-0.2658922381013391 1.321388829031784 -0.15035357069752628 1.6682874328090462 -2.058729223515684 4.112758549958001
-0.3414129792638847 0.40585103970715264 2.4471816477275135 -0.34710563160186503 -0.12097356205916476 2.209095490045385
2.630547626315956 -2.115675836241362 -1.8121925699455153 -0.815102430176393 -2.934296337224824 3.036307298652504
2.2144974625841565 -1.0607608394632857 -0.9637362153467983 -0.692878210210083 -2.101349498876221 4.025368949365929
-0.912386587850798 -1.7112660823832022 -1.6407891212056056 0.18959040751057898 -1.7476449832694727 3.5376618870562466
1.8537750923074947 2.969454229462647 2.4177793286746865 1.0544246511689652 -1.7815508216743192 4.326518625677738
2.203692848538067 -2.018255146126892 -2.251497912913413 1.20850084372312 -1.2347991964638472 2.6806171575803392
-0.4182152750090434 -2.7265287477216438 0.26678129276200324 -0.15059087658302872 -1.772260522025873 4.755418632772366
-1.612513375485808 0.22040988047365073 2.113948885422248 0.6110486542024423 0.1551019787763901 1.2410865758560372
1.5353024400337367 -0.13889556674763293 -2.228036111164927 1.3871673066108898 -2.2410164194771687 2.2695983597924583
0.12802043500444116 0.6476987146162754 -2.736104669588808 -2.0268759449204135 0.4997279460947568 2.651798958095056
1.1335232392353503 1.1858164323519744 1.2628130859366258 -0.8896525267805738 -0.927301057148207 0.20630062400701998
1.5894543608325735 0.0648724919712027 0.19246963314214138 1.3767936005804298 0.3622787517126671 0.43182761904593336
2.026364184903775 -0.18283227291777937 -1.7202711901302594 1.6242770044859824 -1.320301880354039 2.037599414026378
2.9655897234286095 -0.3054198428414112 -0.7598239347177498 -1.2470154635463326 0.1664041729090896 4.384270385869037
0.01867691677169821 0.21594538576034816 1.8490355085429058 -2.3935373774480952 -0.10755734998387456 4.476660292451394
-0.39035482545170597 -1.66316482421488 -2.956801705293586 1.1696761546597454 -2.3256104787071554 2.2700171190791956
-0.6715616816836363 -2.940485330660588 2.1415306968969228 2.661689834956471 0.17661270918650296 4.920586328455325
0.40728907379982104 1.9297321364248894 -2.0447245106472876 -0.27487540915374153 -2.412634273279084 1.8727461449734033
0.14399320418625838 2.7870363652700987 0.926774222138608 2.8322175085397414 -1.7313458089621023 0.8700609179563232
1.9450451208617219 -1.8104728311441427 -0.7248114295917318 -1.6497479054742064 -2.6967965618689305 0.9330282669816464
0.531718970058368 -0.8791189480843975 2.9528939407777854 -2.724984443193534 -0.11603277890726016 3.6141468910919263
0.20278267787461335 -0.31163154949957805 -2.1104369808788737 -0.878984762839498 -2.878302915661951 0.7445019752856007
-1.0079047717743401 -2.091097249470809 -1.058317158814301 2.5075722343874602 -1.1844375153930033 0.49004916167696067
2.94988019920643 1.6004755996038342 -1.1506349258717217 1.0948166916591666 0.07156205197758769 3.786304163493028
-2.452055114527135 -0.24187727983020352 -0.50963974630745 -0.3367534520153238 -2.963737193013858 1.5681000802667984
0.2448516286095881 -0.10463213276895184 -2.856490838995853 -2.791829832634108 -2.9056708302223497 3.3508752381964357
2.100257911907585 1.597550596410558 1.8347300089752645 -0.7861748701423397 -0.21498794865329537 1.4329929742374252
-2.540312808160307 0.13105521908567708 0.49406104836496256 1.111161173648887 -2.413786598240604 2.7590560204705907
1.74107436384364 -2.5618890462311725 1.5237591339927579 0.6810759178235324 -0.9193713725734431 1.554489112646727
-1.7147152568147899 -0.37041414980189336 2.3398113044897353 -1.0258448671409146 -0.9408919781554289 4.141558402041167
-1.7895266422344758 -0.5502870416207863 -1.0860252496637597 0.305485577930576 -2.14994652707591 1.7946512079319015
-2.023202979106553 -1.2222788125269086 -1.387474895654715 -1.069108264919982 -2.5758660409682466 2.3069616142556573
-0.6789434599678876 -2.791444589034917 0.22215691137927074 2.371424143282131 -1.5772120828207856 3.259536473581108
0.33212604574113547 1.0928050232412456 -2.094173278818404 -1.638739350479612 -1.5881097020792159 0.14197854106440566
-0.6636108945405511 -2.5047400380323586 0.5262754980974733 1.219801213006267 -1.3813843596574455 3.6171216382648357
1.9875740852668113 2.18622950765912 -1.8049006513553802 1.038475403691482 -2.8990743195245234 3.107226080520377
1.1176648864553507 0.9550012349264886 -0.014595839844050884 1.240101488716328 -1.232125193972304 1.8720272049867326
-1.0054865258234549 1.0408444703378414 2.6988686973573723 2.5925265901735894 -1.5501772905720435 1.5483970925260877
-0.5591042724897762 0.31596727086184884 -0.8929360299908371 0.7470383256600388 -2.0721018873454335 0.8701251693232237
0.8080320664466881 1.0144411351975267 -1.3994845655983346 2.4887959632033607 -2.0398295106608155 4.5405778397692185
0.06435115971330357 -2.2227727009218596 1.7897349324098792 -2.196698379546844 -2.062946755295151 3.870966945630155
0.6786661004030843 -1.7766286608690978 2.594658868824751 0.9278212255346392 -0.7252605972508506 0.0644447076939545
-2.112701915511318 2.3828760868206507 -1.185183964974746 1.8627076835180554 -0.3076675339675248 0.8658027552943642
-0.5910339518468999 -0.6188191548872339 1.5211611670405263 1.7288503894964413 0.041787888651237726 3.2891309540432583
-1.095832319140206 -0.6688032960258218 1.8128226159174317 -0.4780861190447421 -0.8012014770642597 2.171724351383446
-1.8690850785967001 -0.1887175179685785 0.8467859138800313 -0.4235896978244996 -1.4238656971705514 1.2357861864421844
-0.4275641129256221 -1.755388078026587 -2.816039195521394 -0.42268328252385245 0.07426252197021323 3.604666418014374
-0.7506583978273113 1.1444450823285988 -2.918225979021572 -0.38880858401526774 -0.33325598849998106 2.54147378262311
1.348774926639821 -1.8124473134677457 -0.42019832686795844 1.298790757604365 -1.2387108590026508 4.800044330672425
-0.3848308399781768 -0.9440839454747973 -2.7065229895074605 -0.8358506680670479 -2.4322345356513484 2.5836561681883334
0.22023387182744492 -1.6950866660440507 1.079194727358091 1.3084548024762808 -2.3577126820778407 3.8703436170768217
1.8082059596139293 2.5886883346249108 -0.8552461207607625 -0.3258802041113049 -2.274627809013844 3.754743619637605
0.8991797106554665 -0.8747533504788652 -2.624351724623649 -0.42473261340449664 -1.7459355973697261 2.300814350482317
2.408436114437998 1.281748198842004 -2.0557132326215646 1.0497919008447965 -1.8635479309889118 3.007842412770827
1.5870624316394544 -2.330200775463693 0.9774288966318223 -0.7289650181096075 0.24964289772216497 3.345768512115107
1.633731733387413 -2.0787470889417436 2.836268980704692 -1.8159096392084133 -1.6435497213351487 1.1925609345224841
0.44220574748498986 -0.1643904351179668 1.8718666023173305 -0.931166758964971 -2.8293206492083582 2.7965939461463902
0.5452996742822307 2.020004477018751 -0.25644285505351005 -1.6934759407577906 -0.7229506883981259 1.4036244945027647
2.7445948432108973 2.7299879266627727 2.6375160692315713 2.0740060614762776 -2.4500083701470246 4.392269266330043
0.5865534777143258 -0.6983689137741749 -2.5622635001701397 0.27193755588737356 -0.32546523269055294 4.468772328382332
2.3604556810340496 0.544957408072847 0.8221708798395143 -2.8858942394141205 -1.6717181219422843 1.7065588282767223
0.7349807223506902 -0.1686145716472267 2.0739269308797335 0.19513298590310746 -1.943592836545168 4.544615226428333
-2.5414068808723083 -2.202800609116319 0.6956386264690186 0.9296562257444543 -1.4134007274818141 4.508453707376262
-2.7636135226674305 -0.7497371425902727 -0.7440091592561844 -0.12223314981157118 -2.4040154876385076 3.5668593902056096
-0.7511422889042947 -0.0810002484502077 0.6745940913834514 -1.9407832587585825 -0.45465376279865943 4.722247116483056
-0.07151666980023691 1.330492472552101 2.1543404114420923 -2.5954058934796915 -2.965228558473333 1.6471172202174666
1.97142078254354 -0.7127639151200307 1.7850509075588028 -2.9429658402416385 0.023013556789070022 4.199041588931628
2.40914712228275 2.648087228826265 0.6015392170919602 -1.4028713613789416 0.21786499089879033 2.3649154895041886
-0.7161185853728719 0.24655422437064844 1.4586837772106862 2.6886933166317046 -0.6042597532504017 3.9883843543600963
-0.8564758231029854 2.27860410880422 1.28649384031178 2.1019478295330076 -0.21565818529171832 2.3363611039646797
-1.9741409036808295 -0.24895602156399876 -2.133119861279371 -0.9961626373022894 -2.1514247304836385 2.623022571783906
2.6268170234827677 -2.0685232671324805 -2.1364228582893987 -2.734930564179141 -0.2941740290326516 0.7568306684321364
2.536304261372964 -0.9242782415061186 -1.148865599549378 0.4276764515416933 -2.0223816483557107 0.9747759176680337
-0.8392080284050631 2.709791418886912 -0.871719536035984 2.3762677015403932 -0.2158034706253159 4.1473447175389015
1.6448421988928295 1.5294435064310328 -2.9255245340757874 0.5146175197058351 0.16239813112109092 3.9064415432735347
-0.14313702795743888 -2.903574887166516 -0.03606477620483395 2.803112640656254 -0.04232526924284524 4.168778710558194
2.275657260608997 0.5413939105652155 2.9148620340022253 -1.5664135527237524 -2.6443113882574325 1.0436511369707526
-2.087160760187464 -2.1779735282659036 2.5180130718487614 -0.005038003656089751 -2.385647569039068 0.7881086493864418
1.7522608403362288 -0.20303107771429385 -0.18086732156217167 1.8573944215696045 -0.08671633463878514 3.15953011208339
-1.1754589706502552 -1.0250099831588204 2.6127920022916427 0.19564555665171657 -0.72793480939809 2.0485534942619816
-1.725026993816957 0.4114091029017579 -2.543603346886994 -0.6081229996508708 -0.5918643596779477 0.8725931726868277
1.0 1.0 0.9932203389830508 1.0 1.0 1.0 1.0 1.0 1.0 1.0 1.0 0.9966101694915255 0.9796610169491525 1.0 0.993220338983051 0.9559322033898305 0.9966101694915255 0.9932203389830508 0.9966101694915255 1.0 0.47457627118644075 0.9084745762711864 0.9457627118644069 1.0 0.7491525423728813 0.9898305084745763 1.0 0.4338983050847458 0.5898305084745763 1.0 1.0 0.8 0.9254237288135594 0.9966101694915255 0.8677966101694915 0.9966101694915255 0.9898305084745763 1.0 0.9898305084745763 0.9966101694915255 0.8338983050847458 1.0 0.8440677966101695 0.9966101694915255 1.0 1.0 1.0 0.9966101694915255 1.0 0.9966101694915255 0.9593220338983052 0.9966101694915255 0.9966101694915255 0.9966101694915255 0.8 0.9966101694915255 1.0 0.9966101694915255 0.9898305084745763 0.9966101694915255 1.0 1.0 0.9966101694915255 1.0 1.0 0.9932203389830508 0.9423728813559322 0.9661016949152543 0.9661016949152543 0.9966101694915255 0.9864406779661018 0.9864406779661017 0.535593220338983 0.9966101694915255 1.0 1.0 1.0 1.0 0.9932203389830508 0.9966101694915255 0.9966101694915255 0.9966101694915255 0.993220338983051 0.9966101694915255 1.0 0.9966101694915255 0.9966101694915255 0.9966101694915255 1.0 0.976271186440678 0.7457627118644068 0.9661016949152542 0.9966101694915255 1.0 0.9966101694915255 1.0 1.0 0.9898305084745763 1.0 0.9932203389830508
0.013162213611402436 0.008429035433000394 0.012114447382489154 0.009012508718774587 0.010645317606559145 0.021784425442831698 0.007985000347449903 0.011910998465316075 0.01025529171298001 0.008872607391748047 0.013468380415451094 0.006800651324510571 0.007705451524696372 0.005917274529986881 0.017257817733775372 0.009219195744766297 0.00808443619436652 0.011823229932183666 0.006051855825496672 0.006785252338184029 0.012359244314703663 0.00778118761405203 0.00625258960854855 0.012308528950550141 0.008750658078984393 0.009622029167571362 0.009131204207190604 0.006845365073381647 0.01220701721091731 0.008909756836250008 0.014013730863407936 0.006988411363505688 0.013806676080384163 0.009660407346842372 0.008139022122472986 0.023468353276196383 0.007967285084174797 0.01325662914405845 0.010303113989126726 0.010820896445873873 0.009603996719785098 0.011474138889561641 0.013017370627107387 0.009371415740402534 0.013034073649660298 0.009896396451977315 0.006752919707424369 0.009290300063798667 0.006983690480642538 0.006119496908175616 0.008000244275313205 0.008303417309423081 0.009673470669565537 0.006922052860709338 0.010596860903761291 0.005647768765049061 0.009283853781856975 0.006552937349713843 0.008263115258614189 0.010159043870126616 0.013114960542758639 0.014349941274294101 0.00807443175791457 0.005328213778692511 0.005844503916169335 0.011220473849981734 0.008610430654941657 0.008997620004718819 0.007316885399968656 0.00696458495336365 0.008612808876473007 0.006115130919048121 0.0076443770695979255 0.011045425116108174 0.011553342620337621 0.007348970031337027 0.007212476067481998 0.018263875167049085 0.00955078594442966 0.008403299834144501 0.007496500425112935 0.00951563533785355 0.007948296503382498 0.007884422025036865 0.01302602521712905 0.014502613364770326 0.013593904706716928 0.008560562773889174 0.009817380589948936 0.007360732308797034 0.014290876840419619 0.007995293200371888 0.013481155119898598 0.013103395764674198 0.015295800119613802 0.014868528943264424 0.01237956012837896 0.008657851908197007 0.006552775867182892 0.009272088339719865
-----
100
1575
0.8
-0.5760459092490962 -2.458000341857436 -2.585368391176395 0.7976680543172665 -0.8663260011945035 4.714906415211954
1.5295804465788256 -1.0719497347178306 -1.903129718769204 -1.8266121150504528 -2.786532344962196 2.2988210268287004
2.649433585863388 0.1500008467405749 -2.200179979954577 -0.5269007912526894 0.4809151619850043 1.050936117028095
-0.7492122081525388 -2.062652266225789 -2.3323205523528796 -2.9143167147364353 -2.1967362910952746 1.0999747216394047
0.05444866717163421 -0.2922066380395105 -2.4252908267056634 0.8891152574278095 -1.3531407626892018 2.3203433932653477
2.383260540580363 -0.8078871153829077 -2.133731548041037 -1.5666221714793593 -1.5199212052228106 1.9011460248352021
-0.5868329161871605 -0.06036052443141138 -2.6130071329803077 0.5829385274412213 -2.163744730632721 3.0692216315981105
1.0904677359775845 -1.9390430706634372 -1.8015720410541831 0.8447244601608912 0.10598384766279612 3.728029607373912
1.3830638141546845 0.5274134518710167 -2.321230240841573 1.724515077594937 -2.2874297240064028 1.941316411764844
2.20098945629251 0.47143694095039934 -2.045281190077065 -0.11123047780900874 -2.274337814221044 2.09604248930137
0.22055476426796372 0.1550830507271752 -2.28658869699097 -0.5097316920493333 -2.424554220401869 3.2808873652052197
-0.12443693417631962 -2.4219523820243607 -1.2792716681254919 -2.8210428953394597 -1.132912581505956 4.975875468424801
0.9802605074866632 1.5159528718269886 -2.458101830941065 -0.18019406656672493 -2.667853615329628 1.5380909638187943
0.7522976227207396 -1.206433136683811 -1.9753487980355442 0.24951476882115187 -2.3478775828001117 3.287279365249487
2.659992065133264 1.9699010333809794 -1.6639130559369042 -2.3106524136720985 0.16418977484788722 3.327228263064168
2.037377398102182 0.08391903057285477 -1.8813788610831406 -1.085637895896258 0.0242725621810774 2.3469459930792995
2.017545837501725 -0.975484482181475 -1.727787779349999 0.8935922638996046 -1.1792436574979468 2.6681860264140536
2.514093762471358 2.284893179697293 -1.769213280808823 -2.2143359947115795 -1.0971967380904561 4.169180969811153
0.34620668829667234 0.5045987677951538 -2.22827645611995 0.8235946756284338 -1.5319821763098438 3.5978648894430614
1.0297813128644884 -0.21641686430765006 -1.762042126054248 -0.9021422258826197 -1.2733614205922654 4.987413876614163
-1.254812519838085 -0.5241689833544148 -2.9527023333552433 -0.04820882256265868 -2.9464418190891637 4.556693007918407
1.2498529031055727 1.1628549380475104 -2.841591724741798 2.3110931680631603 -1.4578369432927056 1.9069196238021644
1.6993183633272024 2.3974841172370036 -2.731786241208731 -2.651247023792309 -1.627555183864267 1.4054271693952165
2.3321846366328223 2.303724607636871 -2.4388455077794258 -0.20558176712777398 -2.2885162597294766 2.825197565437727
1.4330365005052337 -0.2845216623098481 -2.161701365704665 -0.6215917895104761 -1.7937668201349521 0.8648157641135961
0.05343821942595772 -1.6069752739655083 -1.9013307035747913 0.15468093653044923 -1.2896272030201803 3.0512571634888004
1.7693686468194008 -1.4619174419162637 -1.9628717354486462 1.1897427425337757 -0.7587464747842535 2.0746736460790594
2.2668762241743172 -1.9865529070617685 -1.8526415074894351 0.7128608108046639 0.016607679286404164 4.618510249937476
2.3669458643226826 -0.4397944415280519 -1.1825041536740282 1.0335382740100267 -0.31408023335140617 4.858466367893527
1.58137225216615 -0.7183742726852762 -2.6665308518691746 2.234394691805252 -0.2988667555348719 2.581174347864379
2.730804541033079 -1.4748750991508262 -2.313651928496725 -0.3088975431581151 -1.6865708193959799 1.4010059164167767
1.0200623651113063 -2.4322025653708383 -2.2973411190071644 2.015972367844383 -1.0442086403586903 4.9719811455833804
1.1640622390351196 -1.91366113999982 -2.67958840802695 2.141043349966023 -1.1998301351445422 3.6964901504631706
-0.16332043452279033 -1.785705083390673 -2.096618245027412 -0.9879442910233468 -0.8891836411468166 1.4386868265897732
2.290944113333618 -2.374135353336503 -1.594214951137627 -0.5938367407293456 -2.0089971646279774 4.979346274822134
2.5436921490324145 -1.7847381459950067 -1.3621870865800352 -0.28460084875550407 -2.0369807108754348 4.301985334569435
1.7727683601398003 -2.8478380023315526 -1.5892167628230862 -0.8850882068234676 -1.0759669074244242 2.42524186251023
2.7656008248541815 1.7119191665145768 -1.576318645318038 -1.2045223929218327 -0.7654340738239576 4.344603525204405
1.396620536370012 -1.715606112223393 -2.263119490699912 2.079877601968875 -0.16873570270416993 4.880723183961133
-0.089191786392179 -1.3469084325548673 -1.9150793581990662 -0.8474979693817282 0.3254444436248961 2.830626898892982
0.09635839658347217 0.9908729385241393 -2.5711240076456012 -2.535716805216072 0.27076819647857425 4.821259164003134
0.09798434678865431 -1.020291189920564 -1.7733413370844673 -2.9013631771039647 -1.1017742558960837 4.773667244641892
0.36626033855254114 -1.117139121231472 -2.250447650937576 1.0191219199984092 -1.2961719409130747 3.512260202480939
1.6170285057340419 -1.4578823806600214 -1.7793973695636998 -2.788282239239937 -1.0169759143569461 3.7350806118775335
1.4070149839958157 -0.05107367850098399 -1.4374248659120366 1.2399746226132589 -2.1196804981000352 4.9982189572426385
0.9809137899566907 -1.591675875454469 -1.9328914071569299 -2.4185982369538364 -1.7377461220554522 3.5543282974423285
2.24273176423252 -2.9471398397950757 -1.8729495641410145 0.5057904217842433 -1.5149266400832482 3.1831532610569178
2.5211172969830664 -0.04935462376490074 -2.240079775510946 -0.7121909151080295 -2.940463265156599 2.576749584117466
2.4912320816283713 -1.9075421943185722 -2.2482710004614277 1.5462075783166245 -2.3196184451947475 2.034726696776434
0.6029164682846224 0.6764124485610314 -2.043898365740428 -2.9061127614003994 0.2027036013264346 1.7222300254832263
2.079977140817702 -0.04480345602540314 -1.8129171757937645 0.2556434456992224 -2.7288755183396445 1.7604944163205305
1.256067957176354 0.20689816921368775 -1.8428236061414207 -0.00027219347765727875 0.288096887450006 1.7880810346090916
-0.4544665649644206 -1.3955009051020184 -1.7569711674979203 -0.42961210208993084 -0.5054088301705252 2.6938062586587037
0.05372360686781148 -1.444016995368629 -1.8196344743214845 0.2882451230632972 -1.0805989204895505 3.948904712174802
2.813715797388956 0.9021813346007335 -2.1819316930025474 0.0591709518642205 -0.8809402800586462 3.1188554985042263
0.7231140105384538 -0.7031560724060104 -2.0538680920779226 -1.7865728110225294 -0.013953226782346895 1.5610396659254107
1.3336028831052735 -0.16289792308930817 -2.290997471890713 1.5085611233843972 -2.1036013328851335 2.921013675156616
1.8867806677821244 -1.0872488534156526 -1.8464030552222024 -1.078032546373279 -2.742853084589376 4.296375481205099
1.8003171984006097 -1.2067446714541252 -1.4453407988088598 -2.2432620454172643 -0.6279015686976668 4.250586619270008
2.8594690559103393 -1.2194130598286355 -1.6510360995556301 -1.0242801355575393 0.08261212593183043 4.813740792331852
2.6120773549942995 0.10042154467394737 -1.6066172437789676 -0.6378007693572403 -1.0758155698903704 3.691843778783405
-0.9450022988242311 -1.6544411573290403 -2.837175435085437 -0.2629926211854867 -1.350287519077284 2.0459087430166494
0.5856802305255651 -0.04181786734636006 -2.088760582288801 -1.0527056300026914 -2.9479832309135636 3.298562529773826
0.3836031523440282 -1.7464834714914472 -1.8722194976367712 -0.5087563473372807 -0.788187681367889 1.4988720597900709
2.0599999916590326 -2.1195962842228013 -1.330479400369676 -2.7972750695773434 -2.3868168091626014 4.807715723177232
2.1720397516376395 0.7055326158599757 -1.8693021195480464 0.247258463035277 -0.7801518238490148 3.4917561257393475
2.40536838148155 -0.19907790758137978 -1.501236338839528 0.7015038781011798 0.16086851416038664 3.9749332016005345
1.4265352069747181 0.41059543068987825 -2.468953498765518 1.3005918432855454 -0.8088985186196763 0.8509165231017835
2.2770077317485686 -1.1974642959662787 -1.769906021687472 -1.7123496119775945 -1.270978698855894 1.4305411376365749
0.8660857128578967 -0.07943927952961294 -1.9037935960154697 0.1063780472401663 0.3308104391915264 4.7575414216015455
1.0874659013964998 -0.7938192211512356 -1.7147629879870183 -1.9295330897048952 -0.32441979430966406 2.91951470609641
2.2972695947897726 -1.2359603484391526 -2.4553748417092742 -1.2149573519572678 -0.24467215473627468 1.603404753260871
1.4270969125532402 1.2191503584843182 -1.9484785250275563 0.8441516665897066 -0.8807236234053375 3.805778593059067
-1.1979288249000102 -2.536465760667845 -2.2734313412091742 -1.0514495433536808 -1.9986782388803492 3.5511212635633824
1.1302087393461253 1.1857945903745417 -2.606453988232991 0.07697660778110804 -0.6933527020988506 1.3363355544242825
2.1197088402209627 -1.1693078257134126 -1.9966311970580355 2.156998910258844 -2.2282710079434027 4.141240315120859
2.399540384134631 0.79731616977958 -2.6939831465189354 1.5056589665471944 -2.2012459449987247 0.9737032276437938
1.9104125801173273 1.6476160149807213 -1.75042246023185 1.4072475122488137 -1.9260620257516101 4.419181289597557
2.068116669179444 0.039307019203805194 -2.0079243202252393 -2.0210273081719694 0.07107888343824464 4.771648761949905
2.2126109793312736 -1.0078623267467353 -2.3802098732076806 -1.347325672023879 -0.19966089764052153 0.5963824482223145
0.25509132316895633 -0.8376287624912813 -2.8578690586527253 1.3528113026247046 -0.5133814635320085 4.263910536000545
1.3392616745399966 -0.8439394899662704 -2.3681238257175834 -2.8469360900117375 -1.1865240492320956 1.740902637734564
2.868247432033954 1.0644961611754487 -1.8885568272757922 0.27656961507475075 -2.069410362864676 3.901464444255698
-0.4492070940652557 -1.5401494093220456 -2.0126699706313342 -2.142609197469785 -2.2689124654122965 4.238765972476961
2.4424023779110136 -2.932379610911863 -2.2761745699212157 2.0253011911372165 0.09112218753110304 3.013809388894888
-1.458176671839596 -2.0020006527494423 -2.6612551194195495 -0.47056139427444776 -2.3418182687214766 3.0426495838903707
2.2414197776352376 1.07911668879195 -1.8123429813169365 -2.4816603950419074 -2.1916694846213987 4.364839301024539
0.38431828748959995 -2.5086842978521275 -1.6591762507237864 0.250795862433009 -0.7695387057546922 3.0153935444081426
0.3465870030583873 0.10466635445678252 -1.5479800873585092 -2.2061773910529117 0.16864763070557953 4.033510626696283
2.644855026141301 0.18925105437898226 -1.41176948701463 1.2388733839717436 -0.6378124009543167 2.8664156540333434
0.6789851749226989 1.0460251263642661 -2.3684609695343606 -0.6893950012395414 -1.8221219767283194 4.163242994379571
2.41963953521834 1.8125358017783266 -2.0730406446894527 0.9298460477419227 -2.340467389436676 4.132114062639399
1.255348964807846 1.2655703350700742 -2.9745181072667117 0.8844068064341389 -2.377479062001032 1.1057020042148926
0.9225103714398335 0.07624844765337602 -1.6357493430772245 -0.8561375718844061 -1.4585384911389883 3.414233898278864
-2.054892133366421 -0.5801351380447094 -2.7941922292395973 -1.7659616316727176 -0.36298239853341197 2.901491562485546
-0.6528690248120919 -2.1548643260543208 -1.5761831467071303 -2.135707885703691 -1.7456466475754615 3.1256792235212227
0.81323414646324 -0.2708249562449583 -2.787102107598312 1.5397353291059752 -1.551101511856391 3.5896010722702703
1.7497317753575103 -2.480264642266519 -2.1065116836600564 -0.5902111033102602 -2.599952133589584 1.0205778092931652
1.3098049769829876 -2.123568857584692 -2.6264117047258133 -1.231390690237052 0.0358322162486604 0.7778953868657308
0.18496732774959868 -1.8751428739205784 -2.4989635064484803 1.4167076114847612 -1.124600131056781 4.95693964666808
0.752542372881356 0.5254237288135594 0.5864406779661017 0.4474576271186441 0.7966101694915255 0.4711864406779661 0.7966101694915255 0.576271186440678 0.6779661016949153 0.4237288135593221 0.5389830508474577 0.7152542372881356 0.7423728813559323 0.4101694915254237 0.6440677966101696 0.5322033898305085 0.640677966101695 0.5898305084745763 0.6745762711864407 0.45084745762711864 0.49830508474576274 0.728813559322034 0.6745762711864407 0.7254237288135593 0.688135593220339 0.6949152542372882 0.5898305084745763 0.559322033898305 0.7966101694915255 0.4474576271186441 0.535593220338983 0.728813559322034 0.5152542372881356 0.6135593220338984 0.4677966101694915 0.7084745762711864 0.7457627118644068 0.5830508474576271 0.5627118644067797 0.4983050847457627 0.44067796610169496 0.4440677966101695 0.6610169491525424 0.423728813559322 0.752542372881356 0.5389830508474577 0.41355932203389834 0.7627118644067797 0.576271186440678 0.7762711864406779 0.7084745762711864 0.7084745762711864 0.7898305084745763 0.7050847457627119 0.7864406779661017 0.552542372881356 0.43728813559322033 0.511864406779661 0.6610169491525424 0.42711864406779665 0.5864406779661018 0.4101694915254237 0.5661016949152543 0.7423728813559323 0.7118644067796611 0.44745762711864406 0.6542372881355932 0.6711864406779662 0.776271186440678 0.5084745762711865 0.5864406779661017 0.7830508474576272 0.5152542372881357 0.38305084745762713 0.4542372881355932 0.45084745762711864 0.7627118644067796 0.6169491525423729 0.7830508474576272 0.6508474576271187 0.43050847457627117 0.705084745762712 0.5186440677966102 0.6711864406779662 0.7084745762711865 0.6033898305084746 0.46440677966101696 0.7661016949152543 0.7457627118644068 0.7932203389830509 0.5050847457627119 0.6542372881355932 0.7830508474576271 0.6508474576271187 0.7457627118644068 0.6847457627118645 0.6271186440677966 0.6779661016949152 0.6508474576271186 0.7389830508474576
0.0108716449696293 0.00904683074284453 0.014196346613724322 0.015847982181989656 0.006336439992982396 0.008516410162505848 0.007288723935911656 0.008156358275044968 0.00917456475724905 0.007859460038334657 0.00689057289951871 0.014830291093989013 0.009800990561118704 0.00688733149459214 0.012645299113835747 0.007934770583732865 0.006753716909214004 0.012989386582548086 0.006367480641675246 0.008185261917930698 0.01477884074048448 0.011059091396783648 0.016939570179205023 0.010885547743086914 0.008170940824006392 0.006042474999982372 0.008009463388563494 0.011196606598615022 0.008929387075965134 0.010229785854774902 0.010273830814942847 0.012668290340959544 0.01026243003005069 0.008335309609567505 0.013945950125011038 0.010148393720101552 0.009297697623780781 0.010138334993370215 0.011907592326636494 0.00840879901569346 0.014664238288347313 0.01179468827135054 0.006494871383474787 0.01039144066670297 0.009523301563435761 0.009119280633724391 0.010741562776585932 0.010354314486363569 0.012813866547155715 0.012506988392856775 0.008794251590508124 0.008149188018810812 0.006486073827359558 0.0063047095524437005 0.008094047181995984 0.009243008409671367 0.0076244401501101445 0.01081309212291923 0.009327889102388355 0.012245561840478715 0.007239193904606254 0.008322481880739911 0.008187705741325869 0.0075325199754536195 0.018954933719706843 0.006690566114686947 0.00823569458669388 0.010289146929357586 0.008825093886360642 0.008774049959142622 0.007355360050002485 0.010381451426198394 0.0067743702106801765 0.010206436238451806 0.008650927912991498 0.012180580043308343 0.014412957046615863 0.009339916236162468 0.011550410681619315 0.01277687443942775 0.008568998522391895 0.010278541878343095 0.009395838144217038 0.010359393704362849 0.017556666312240423 0.009873972737184149 0.013618316564503503 0.0071828749993797245 0.00869517896782713 0.0075712939332141195 0.007790640711673016 0.01073519692804954 0.011900174277814765 0.00565071192993636 0.012157743572782103 0.00876783045404068 0.007772475792420675 0.012590557476910534 0.014632889013434305 0.010525017419105087
