6
100 100 100
100 100 5406
5.0 1.5 0.8
-----
100
100
5.0
-2.9766889150778924 -2.171249482340358 -1.5512435588042726 2.917202085677758 -1.0770879636653299 3.9628377550527025
-1.129199022384768 2.000743998087123 -0.6634951385923591 -0.7563301258706807 0.36674466652498383 2.6097424454735343
0.5714388421196044 -2.8511926624575588 -0.0003743367765349781 2.760936927908534 -2.889726301906445 0.35022627106625515
-1.0909140778655284 2.1047268404349166 -0.20696288708951105 0.8386158448816583 -2.08933698064215 4.571742512635925
-1.1430195219245576 1.1896810085930554 -1.4678011371701283 -2.8011285313599132 -1.613291360173677 0.2181875819610668
-2.1393040519241078 2.989331856315582 0.559465962921879 1.8087465093471975 -1.5162695982339451 2.27812006143726
-0.2287007212447354 -1.7573171232235594 1.7198352531032093 -2.9669385802221213 -1.9293050571395776 0.3765267041044207
1.3708328548917539 2.926351841356798 -0.6239266802740113 2.864261663808513 -1.810850629463662 3.126515695301866
-2.1826891281128042 0.1986630980580899 -0.440087563490001 1.544662061223157 -1.739941107043245 2.7762528986974413
0.7691950628202768 2.449875383331218 -0.5043466743412317 -0.9056472856303435 -1.8997066411736694 0.00037004744906199427
1.4392676535364464 -0.6291513174047663 0.4577755775275665 -2.2322699235609034 -0.33865232698261316 2.83254198671411
2.883244500649891 1.7429902160265698 0.06916238158445775 -1.7917024065022327 -1.2937284394996658 4.322694017972902
-1.7226188014056438 1.2701934886700421 2.169695405249869 -1.3006387209089612 -1.1475270690734214 1.7419340406884654
2.938337632592912 2.0105805682327276 -2.245699038121142 -0.6143982833328132 -0.5384293569007363 2.5178410018350696
-2.163694851879744 -1.9974703403780927 2.205065490112956 -2.4588398199841164 -1.4153768242159366 1.4412792046165268
2.6407975625113727 -2.2606358814133407 0.24235821877896235 1.7050274721034375 -0.894888249083162 3.74344412286863
1.3944264611079777 -0.22882806832476854 1.1789869608013888 0.6501556420527064 -1.889001843368594 4.153007096794498
0.016744509321374057 -1.3846661893169427 -1.5944355124565197 -0.5971610495838631 -0.12523271320648233 3.6266755831669464
-2.5551580200871964 1.2112242641460815 2.165046320175146 0.11718613839661396 -1.002381180304825 2.132594514931027
-0.5762843382338052 -2.8983037321795346 -0.33435185866798767 -0.6275119644104938 -0.728122117740472 4.94009392274127
2.08900778691595 2.655925097144207 -1.0589090343028458 0.03321337932696533 -1.527639480336284 3.4483284953271234
-1.43111316844417 0.7717862547639442 -0.5126257076967882 -2.686936775964221 -0.5081489314077441 0.8577790842520683
-0.513146822277835 -0.7862399526845394 -1.2606302069505593 1.0399346262216547 -1.86975210813829 4.031471049204862
-1.2822730835192844 0.24972548463797706 -2.6004189296021205 -0.4823142825274509 0.3657268709883681 2.0199730738561184
-0.8277427756587872 2.715386244909066 0.4115764636657304 0.8160415559921081 0.4471916556506974 2.763660752821182
0.0004678829051210087 -2.859491105993437 1.5308663068247235 2.19054357521755 -2.935609068124125 3.965140245158687
1.8050492536259863 -1.8394172444573007 -0.04145453310337244 -2.4150483085838883 -0.7086697310401693 0.8413357674617405
0.16482370911271094 -0.24783529792146775 1.7060058613690208 -2.430872046969906 -1.3784641738536054 4.282215123260355
-0.22143164377823732 -2.564152172218835 1.3929771563761326 -2.4598218788025945 -0.9555159524751708 4.151559616329625
-1.0672269363512386 -2.814152914880565 -2.6038937051950697 -0.6381387200251059 -1.804637871533416 0.49856824325429483
2.9345444286168014 -0.34276940034332837 1.5462914149039628 -1.1755520156721033 -1.6877682413659492 0.746713881071337
-0.5653702964655882 2.100074973625608 0.7330824856077407 -1.8164485371629686 -1.992235160931067 4.579019034966674
-1.6798941131780403 -1.0185949249320698 2.3198328554478413 -0.6052697539708074 -2.98464149316143 3.446085928555994
-2.2214628107307663 -0.43508812995086243 0.9598965075796393 -1.6758223004209238 -2.952076081209489 3.945437887793728
0.4761062408184169 -2.834802836997427 1.7320929560928793 1.2189521286967802 -2.865984915638241 2.791356961971845
-2.5906623064034617 -1.6647463130350135 -2.9098443110222547 2.6248955076678024 -1.0446282927279995 4.4262565102318145
1.1674144732203589 -0.9432003174164292 -0.09682929417665243 1.433623691123585 -1.7352503756416715 3.1386807435186226
-0.20699505255515938 0.7657996410511569 1.0829816920187927 -2.8125784517610475 -0.6580944046570556 3.568794124813569
0.820852901166818 0.551840133574319 -0.7167394213187004 -2.8229417606228333 -2.5792336577698234 4.072028373728918
-0.1609107684750719 -2.112491267588614 -0.3163761215815719 1.2177599783354633 -0.6416926492701025 0.3803874254691464
2.469999279164 -0.4944465582236406 -2.6305391689389244 -2.8611720969496703 -2.5081678856930396 0.46697584209812293
0.8584064759042596 0.1758507037751964 1.8861483879539565 1.474425471468657 -1.7213626930184929 4.723702148129274
2.5833236411702947 -0.9105285915042352 2.5718861626326825 -0.7535962239133402 -2.457713522346986 2.6308475489877203
0.4222091739291991 1.831914747602024 2.2531917435491726 2.674965197604111 -1.029111782979033 1.7997820957762267
2.6167762826260734 -0.9647599266999647 -1.1737367508466479 0.9028325246064339 -1.6166542473463852 3.220223159099799
2.9115329376376797 1.8287694205198601 1.809270198590064 -1.6843495341757775 -2.879954150558834 0.570506053881118
2.939499223142546 -2.285050647658298 -2.796685474700576 2.9690774588258257 -0.4202225176952088 3.3969672769763593
-1.9909341539080376 -0.6364697730549476 2.1318668457667034 1.1846653585122127 -2.4337932815799848 3.941842669108344
-1.6815953743322138 -2.719249760367504 -0.8386263802204716 2.1939990380333736 -2.4042620129519587 2.864411263436205
-1.1785972813997398 -0.1726743459161204 0.7384582469107466 -0.24057324121810852 -0.2378407434158678 1.611716563755582
1.5712764996666593 -1.9454717963457875 2.721027878760551 -1.1073655934720112 -2.4924386977912043 2.6660958592638275
-2.104112051696953 -1.933448486265171 2.0958382216203635 -2.3896168820202304 -1.9129219156518364 4.454803695972486
2.228892454882347 2.426659555463779 -1.008148743851931 2.862622910525821 -2.4969904775583087 1.9239967595928342
2.4333662757875745 2.4196225572917918 2.339436417171205 -1.5641656324247366 -2.9618542155833287 1.4201467855805239
2.3608833589532185 0.19408717119324237 -2.388787317444941 1.2921803903393005 -0.012950676942772077 1.7732260591666182
2.001913526163885 -0.7686962844024863 -0.9540008853053932 1.130033897510983 -0.09027765432492796 3.052347358068237
2.8724503478148478 2.707595738365547 0.023977332656337946 -2.676483497376875 -1.8306996589789528 4.898867218546359
0.4591335202872666 2.7394618994867077 -1.4065713763693126 -0.4888980974745589 -1.1838195001032243 0.7822481658106117
-0.48584959773301906 -2.8450190103535844 0.4416387162509525 0.7550311777700145 -2.9195844403988724 3.698856776032118
-0.8740847512388132 1.9265813811571881 -0.43009309387677863 1.0866760746774293 -0.8565392734353265 1.9637650582821753
1.4678733037184175 -2.2675721780045786 -0.08120325238196946 1.9998082807835136 -1.841191735886111 1.8416036993917428
-1.314748005951218 1.7569057783986386 1.5648952557649363 -1.6493016541162935 -2.0998888038964436 0.48382846833637916
1.0361765398884337 -0.14219149914352291 1.5431481500321267 -1.578695177335331 -0.4584700807349824 1.8495629534601232
2.7156333720838184 -2.5817589557609653 -0.636686575968135 2.8868113590883855 -1.1736969426921626 1.4187059526120727
-1.5792280270060353 -2.2599235835617604 2.155511198980756 -0.7786739985198312 -0.6241677962155716 3.754735497816619
-1.0518631372415923 0.6569924529280482 -2.4886486969097117 -1.226967590583934 -1.023215880780984 2.5300795108061735
1.0397585016009732 0.72275124730655 -1.8420550891306702 -0.9016295831373737 -0.16517957102488356 3.581519679596572
-2.8964869967886684 1.6295852044223782 -2.595047988928493 2.4706904597844694 -0.9971127382914151 2.473539845182989
-2.6603017957303012 2.2912210155223125 1.1146797649936815 2.696171532602153 -2.068814297249331 0.1848379471044881
-1.3095856808060384 -1.6100691156215259 -2.813729351007407 2.889622705509714 0.41069501355456683 4.026606362578541
-2.4068182641874465 2.817151270318755 2.232323762119484 -1.787664617832954 -2.782756441739626 2.552795691946257
0.4808940405637525 -2.311440802875622 -2.003660554400509 0.10817538132312166 -2.6114920087246034 2.1864653793552993
-0.10171067224250319 1.4577383794495127 -1.3835788005973408 -0.26543010298583214 -0.013243103220170749 2.834858130577118
-0.12849246507729406 1.1940368841386277 -1.1296871594996105 -0.6371323324029774 -1.1974785995529555 1.6301055608090331
2.852135351642362 -0.13189248959861866 2.814619950066083 -1.7749696527172403 -1.7771263872275562 4.105923317959862
-0.43604944096705234 -0.5321333283570855 2.699152505002509 2.896033366718717 -1.1212314744889387 1.4520744887148562
-0.7884530234920741 0.0025307345240674906 -2.904953876535323 -0.6784989160770585 0.02081405508979195 4.67137267061739
-1.0141132005025066 -2.590974797698314 1.5083578218698879 -0.9832404471255645 -1.8893087723479747 2.570802100588211
1.6283859443920399 -2.628695585313809 -1.0788023085145486 2.940365690411241 -1.123276235936089 2.3576661978321334
0.8235167583411886 0.9292272841010947 0.4498128201774674 0.26900974714119386 -2.0417786126204196 3.480639296961825
1.58932871733216 -0.5478582285407114 2.8244982400730816 -2.886004178708685 -0.46994697930318363 4.160165064212981
-2.2553046373087784 -0.36199512925240285 -2.2903906723876863 -2.138613621976836 -1.9208414538266738 4.331139960368066
0.5374245548973189 -1.7644670850820203 0.6423870616120295 0.36742729484339565 -0.1488468420911797 2.1809647850635683
0.7744702775431316 -2.6490724313675025 -1.9064090511798328 -1.2937946826637434 -1.3957855076417238 0.8989283405901005
0.706809724543819 -1.5884142722743553 1.8946445767262121 -2.8698944535764825 -2.7139766880415066 2.285982527202802
-1.3680457401173016 1.8782379319492861 2.7597434955287667 0.8495405219675751 -0.525838615612626 3.467396884113106
-0.13685037285620183 1.9236214983559066 -1.9960604512870748 1.7351579838229156 -2.712787122170726 4.934482158667998
-2.782904259383994 -1.828076105986931 0.965126955778822 -0.8840662459118427 -1.5522947071171216 1.1676081786162362
1.0908128450046144 2.829652479576888 2.6663800205848025 2.5127928516862976 -1.7915657024815348 2.5232886879596217
-1.7678522318759722 -1.2398017788783733 -0.7564519646348438 2.5849333740999088 -1.3519878971195907 1.6100945948842549
2.6880457438858354 -2.979480882695866 -1.3483587715125513 0.21864616828886652 -0.22453097804356714 2.283479285145691
-2.2717474335079304 2.346314862566551 -1.871257370219698 0.8173202330437737 -2.26477225371285 0.3138960644730526
2.5409502693737602 -1.130318336755297 0.1585647555161751 0.9190958030885943 -2.4028776157244676 1.3199250962788334
2.865563502025444 0.07986079090991716 0.40223434718822393 0.495745284360233 -0.7152487054360801 3.4559051516363715
-0.9254666411987054 0.9277930789825519 -0.23378478708539552 -2.3641786006480063 -1.7880064208406463 0.29663594206220667
-2.3301792278597286 0.5150440705520603 -0.15333135858968472 -2.900654611714716 -0.9157885687297398 4.04817390460137
2.1049714850706227 -0.9700607840120941 -2.977319386974874 1.4197218291928433 -2.660988207521261 1.3589195875242077
-2.7435585670407154 -2.3318589932099067 -2.3951831749415082 -1.1056756186656966 -2.814318985902881 2.9934807194788315
0.9950923393604589 -2.365614025016221 -0.0479801486741076 -0.3799603353498471 -2.022565330604699 2.974286611159984
2.81245932687521 2.21992267606835 2.030251117772086 1.3084425780643532 -0.4632851323430218 3.8581298411490685
0.9966101694915255 1.0 1.0 0.9966101694915255 1.0 1.0 1.0 0.9966101694915255 0.9966101694915255 1.0 0.9966101694915255 0.993220338983051 1.0 0.9220338983050848 1.0 0.9966101694915255 0.9966101694915255 0.9864406779661017 1.0 0.9932203389830508 0.9932203389830508 1.0 0.9966101694915255 0.9932203389830508 1.0 0.9966101694915255 0.9966101694915255 0.9966101694915255 0.9966101694915255 0.9898305084745763 1.0 1.0 0.9966101694915255 0.9966101694915255 0.9966101694915255 0.9966101694915255 0.9966101694915255 0.9966101694915255 0.9932203389830508 1.0 0.9728813559322035 0.9966101694915255 0.9966101694915255 1.0 0.9898305084745763 1.0 0.6305084745762712 1.0 0.9966101694915255 1.0 0.9966101694915255 0.9966101694915255 0.9966101694915255 1.0 0.9220338983050848 0.9932203389830508 0.9966101694915255 1.0 0.9966101694915255 1.0 0.9966101694915255 1.0 0.9966101694915255 0.9966101694915255 0.9966101694915255 0.9932203389830508 0.9728813559322035 1.0 1.0 0.9966101694915255 1.0 0.9796610169491525 0.9966101694915255 0.9966101694915255 1.0 1.0 0.8745762711864407 1.0 0.9966101694915255 0.9966101694915255 1.0 0.9898305084745763 0.9966101694915255 0.9864406779661017 1.0 1.0 0.9966101694915255 1.0 1.0 1.0 0.9864406779661018 1.0 0.9966101694915255 0.9966101694915255 1.0 0.9966101694915255 0.6033898305084746 0.9864406779661017 0.9966101694915255 0.9966101694915255
0.010000000000000004 0.010000000000000004 0.010000000000000004 0.010000000000000004 0.010000000000000004 0.010000000000000004 0.010000000000000004 0.010000000000000004 0.010000000000000004 0.010000000000000004 0.010000000000000004 0.010000000000000004 0.010000000000000004 0.010000000000000004 0.010000000000000004 0.010000000000000004 0.010000000000000004 0.010000000000000004 0.010000000000000004 0.010000000000000004 0.010000000000000004 0.010000000000000004 0.010000000000000004 0.010000000000000004 0.010000000000000004 0.010000000000000004 0.010000000000000004 0.010000000000000004 0.010000000000000004 0.010000000000000004 0.010000000000000004 0.010000000000000004 0.010000000000000004 0.010000000000000004 0.010000000000000004 0.010000000000000004 0.010000000000000004 0.010000000000000004 0.010000000000000004 0.010000000000000004 0.010000000000000004 0.010000000000000004 0.010000000000000004 0.010000000000000004 0.010000000000000004 0.010000000000000004 0.010000000000000004 0.010000000000000004 0.010000000000000004 0.010000000000000004 0.010000000000000004 0.010000000000000004 0.010000000000000004 0.010000000000000004 0.010000000000000004 0.010000000000000004 0.010000000000000004 0.010000000000000004 0.010000000000000004 0.010000000000000004 0.010000000000000004 0.010000000000000004 0.010000000000000004 0.010000000000000004 0.010000000000000004 0.010000000000000004 0.010000000000000004 0.010000000000000004 0.010000000000000004 0.010000000000000004 0.010000000000000004 0.010000000000000004 0.010000000000000004 0.010000000000000004 0.010000000000000004 0.010000000000000004 0.010000000000000004 0.010000000000000004 0.010000000000000004 0.010000000000000004 0.010000000000000004 0.010000000000000004 0.010000000000000004 0.010000000000000004 0.010000000000000004 0.010000000000000004 0.010000000000000004 0.010000000000000004 0.010000000000000004 0.010000000000000004 0.010000000000000004 0.010000000000000004 0.010000000000000004 0.010000000000000004 0.010000000000000004 0.010000000000000004 0.010000000000000004 0.010000000000000004 0.010000000000000004 0.010000000000000004
-----
100
100
1.5
2.288440348616213 0.25367911097977824 0.07302947929625547 0.7969278859965985 0.2987064287114083 0.24893449628068698
1.9979421817249519 0.6400342330692101 0.38896699183037886 0.48380572699062085 -0.4777992697167149 4.670393104616425
-2.505683772417476 -1.048055246031414 0.1490733973461923 -1.64967944404129 -0.20004294850646287 3.232611033864039
2.6306900328381344 1.5157021289799142 -1.4761227336431886 1.0580121083255556 -0.5650758308390232 2.3539692564778125
-2.764576409455733 0.8784981187889112 -0.8575766695873457 -2.6083247845039255 -0.8192869621643029 1.4658586414370474
1.7378107756773227 -2.2833558455147926 -0.7115501272455094 1.1402907963271744 -2.808081351136959 2.7669187639895503
-1.9138722106032082 0.23682194778872012 -1.9118493021573366 -1.4235774167809316 -1.715049442873297 2.5918293942277675
1.1844226078593199 2.4900402203982246 1.845852233779703 -2.373730780484901 -1.5142890141528704 3.7962543104057946
-0.9714043430880603 -1.343956702308088 1.258175434605148 2.299868744584244 -1.4050117640476465 3.607448733824053
-1.810645856327576 -0.22418268753359438 1.1519173473512454 0.8764673265214171 0.29607904003316976 1.3752673574011536
-2.8523935404003105 -0.6742903732839589 2.0169610661844133 1.6849127283205696 -0.7361652762771731 2.0234603012204873
-2.2493077723314956 -2.9467070404904954 -0.3174906808406899 -1.513570636415893 0.1667728135106696 3.7490951719325496
2.270478376101148 0.5125586879130124 0.6244956962605819 -1.4670879018384635 -2.39509364270772 0.3702213520908185
-1.8422439980613925 1.7416798519576706 2.725775909989545 1.0241400869240045 -2.0572896703150043 0.987972613226203
-1.5861248864625215 -1.7670361869872344 1.3350606155054459 -1.848631672157385 -2.4253946044298145 0.8328011012341112
0.9412278001543581 -1.3600199296434363 2.096241865475258 -2.4632915465923277 -2.4233820108615016 2.158202524624149
-0.3264395056246636 -0.48721447014798946 -0.929888083376293 1.6597052179971747 -0.8421492558281245 4.301506927433194
0.2919536100407072 -1.4867204376494714 -1.8437550654148718 1.0475572822154624 -2.204301024556549 2.8654417938240453
0.030323865870187205 -1.3063183276802408 -2.1252528632260814 -1.9066424857401363 0.27445152569030784 3.904462979164496
0.3315938132364977 2.8157592125509767 0.6267632069081941 2.630919625225733 -1.5636836006435835 0.6314769701673355
-1.2013524181915647 -2.4069881700224354 -0.7918941316272697 0.7750054407080906 -0.9973050093171445 2.419136773614008
-2.8726630309038383 -1.1868053475419578 -0.46306327533625113 -1.4979355557357223 -2.7036407657532187 1.204098460774809
-2.8464767976076493 -0.36788451542916567 -0.7894293894203027 -1.9160483721215922 -1.5706759196334643 3.4240025974396726
1.1545556810985564 -0.9290166539580791 1.1970778350981317 -0.43432724789019117 -2.1124153458176775 2.492568266746005
-2.5104729848878238 0.8287339384520536 -1.1111325033473682 -1.522783634942972 -2.583996654648295 2.7309103355205635
-2.2492551750082113 -0.025453685575799856 0.8788071847148933 2.684263090188865 -0.35013727723950283 4.302983186421265
1.7056785083121466 -2.0827551791425662 -0.9950504962504976 0.9978264069106326 -1.2975851363683808 3.341595898440742
-0.6784914604267341 -0.1293633977492541 2.747216716821655 -2.2668759199419344 -1.9488740841039793 3.6269054433201364
2.458210023262799 -0.004494221120387221 2.8067111376561082 1.3578870145268493 -2.3762920982711315 4.500934460997041
1.3253524729488932 2.970461006980001 -0.8323219845087233 -2.4172432145334732 -2.3429370052348837 2.007802059254066
0.9133196612761991 1.4051472489798749 0.6202079461515604 -1.8322106297385894 -1.6887573468461663 0.47941639742364917
-1.738164997913851 -0.0753995026474854 0.23920624338519758 -1.9223375403408758 -1.7269403905750056 0.14367843242765066
-0.7707772664429978 1.6288722933015114 0.2749725698741263 1.1880359565846523 -0.47260231930727203 0.7409738453700301
2.9833729351196836 -2.2354999336262766 0.08036100375774902 -0.48983634041758584 -2.651392724854692 3.989096685878904
1.2669051794173873 1.786567207830274 1.28320161699061 -1.9679444925295662 -1.5127879159304136 3.3286265518525098
-1.7747680178860574 2.0787059940877413 0.8848509743473418 -1.8561150116674525 -2.3050732603423842 3.6088186304868506
-2.778965081960667 -2.5498396960395318 0.9095011852365651 -0.09599260008051091 -1.3915608111118125 2.0756272653894694
-1.9273090317433486 -1.4773491608871503 0.4730602389454448 0.2752670343685386 -1.4289683441753047 3.9277225955367987
-1.217459203289161 -2.7859117934403907 -2.868041456084316 1.4406379942879783 -1.0516944424975816 1.2580606368393896
-1.4248889062745538 -0.1684489795136077 0.772612196138079 0.7742426033777234 -1.7394729570247816 4.518521139626615
2.2432810579197127 -2.935595005844707 -1.1413413679205353 2.6564317543708644 -2.919039440353494 2.3262936103425464
1.9812136787743397 2.1523875882057446 -1.261802150766504 0.7427442241359894 -0.9693910461217822 2.3971810082869274
0.21428539619490317 -0.06369801402351083 0.43544608503472526 -1.2357552677655417 -0.5940861198345391 3.3328498086012015
-2.375570176872878 -1.2140939118647283 -0.2283852947017655 -2.373573025236826 -0.581354596642152 1.1951828764718206
-1.6224850665280588 1.351729136952443 -1.9839079529596084 -2.4493111494347612 -1.9723773683123325 4.962104899558733
-1.2794524035682613 0.018140457181404557 -0.7504971566814729 1.0944036772316361 -1.815761479434109 1.8449623340414392
0.9339805061596155 0.22840062887186297 -0.9520847686667115 -2.478906732460568 -0.4462437805468075 3.6089177268689214
2.377544565856502 2.4825311297929185 -0.30466683419487156 -0.48799381965973687 -1.7342434817104617 2.6715456435617773
-0.13908420720351278 1.137411212899623 -1.998974989261157 0.6454617877101635 -0.4557414067752401 4.260823324735926
-2.954955995250968 -2.920602480176786 0.1881359646964249 -0.4581871688476462 -1.8700423052512998 0.5674533375943832
-1.3305882738389694 2.3646858343583923 0.42064107448540655 -2.1650235393194768 -0.7167893251549708 3.7699110371559037
1.89363116175987 -0.3176513387102883 1.6680296509144503 -2.70217030161659 -0.17913697109150095 3.565779367763211
0.6654679279249973 -2.7306075473380975 -0.23363256823560904 1.6633690881288012 -1.541118740320463 0.20916617438853224
2.3098808970940525 0.355094392902608 -0.7806197543201183 -2.7223621019405435 -1.768335792567501 3.376145926797871
-2.4042119562656854 -2.0230372502224134 0.5436055089541144 2.0524543245230995 -1.4071193829839423 2.7544328288676927
-2.723371934241833 -0.5139877001751094 0.6565970543403443 0.7145933516200957 -2.1382082850999105 2.8559823283093593
-0.6341158751489047 -2.559685027845988 -0.8341187498567253 -0.9448322205150932 -1.3688961473214616 2.0706777872884743
-2.5748439288500604 1.3061846652011067 1.0879130398770775 0.0046535241647578385 -1.3329885893069533 0.7858280513610307
0.7084410765130551 -2.730311660101785 1.1017740985203615 0.40279620885492307 -1.0735105171349688 4.416431032683443
-2.12982863884402 -1.8130163681185563 -1.8380407509771368 -1.348596029575898 -2.6624076892393673 2.7868003546090026
-0.13257678144239382 1.146021450517702 -2.612399319185357 -0.7961049335115882 0.10804076124089079 1.1544062897080212
-1.7230267453866512 1.316817852815159 0.5824141007590246 1.6272715029582503 -1.443595320956645 1.0234706297009422
-1.4159851957398293 2.535823798344958 1.8710011137181746 0.8962480129467834 0.31888610080610696 2.2848282407925042
2.2732327325656985 -0.8773369699596563 2.6152336406699526 -0.509297494956845 -1.915856166508024 1.668131522596365
-1.9297608313405357 -0.6981586406402875 0.703202483529433 0.32831736682074397 -0.3136523905136691 2.2718517714438065
2.928327135230915 1.9008740773276656 -0.03943216609356459 0.9326718983324005 0.4295517423212214 1.390687764113836
1.5422598198713762 -1.1940687498607463 0.5637901815880173 -0.3376360116503698 -2.021987525701138 0.05279597523543589
1.5101192762157352 1.3449104962583447 -2.9480988209014365 2.0833270063305616 -1.8808205829693367 4.173254135878997
0.1583714239142502 -1.2491015649308834 1.9305403167212254 -0.4173946448232131 -0.8192717273234498 2.005696277327388
-2.141303420265739 2.0317754251001383 1.396693725259206 -2.3498680769042446 -0.5605968640311667 1.3169118031638998
-0.14192592154520534 -0.7825562734863587 -2.9817929841182464 -0.47959214473262524 -2.0260375247363704 1.9935970857198009
0.21487777443822242 -1.116254330985821 0.49159515865862924 0.2963833835915218 -0.48851841738371193 4.285145117796002
2.347784166780475 -2.534788319630759 -0.3614598001789915 -2.765804589608831 -0.878663405393471 3.270699223121656
-0.233695297766217 0.2393363678135514 -2.8837770395957016 1.7106358470167184 -2.219625853144267 1.9742732618177952
-0.7508740195771944 0.42101053435001196 -0.6029033104135836 0.6636159312207868 -1.1975016540843324 1.7788723585481545
-0.38608976705296727 0.4619197452914983 0.3114151679866247 -2.1942886753835666 -0.7289221240977445 1.841172447709429
2.8119353337235253 2.751099275906316 1.3081981993921499 -0.932968808346448 -1.9969384666866894 2.327051885284212
0.6090897241902811 1.1444594074466985 1.059830577182138 -0.9786079816148201 0.45636675386300896 0.06863567790105296
0.5351584492939254 -1.3215189841117674 1.5425092931338602 2.8294268155316264 -1.4574981595840555 1.9241504767265138
2.8043029417567205 -2.9704096415664183 0.24157912730371756 -2.8105033980238243 -2.4534258867910883 2.4912363581817267
0.5936085010419294 -2.253464494211984 1.1918092691050435 -0.2107562480002816 -2.4210160884300382 3.2572684280383344
-0.5809293102515849 -2.86623486490258 2.1071831341714424 -0.7070809199541372 -2.442321113969502 3.970550150826541
-0.05343813802802 -1.0392686120183456 2.131256509529109 1.0939155442231323 -2.493847711730992 2.605767693647645
-1.553301751757899 2.493812272533696 1.7216789208147905 -1.197770123774463 -0.6463021351532596 1.6520414734272824
0.47611194366621856 0.5552428822446018 -1.052780385490911 2.0306082819697497 -2.3182178632066948 3.995744321490155
0.17126100071722083 -0.8821673492342876 2.8919767702468646 -0.5225536001291713 -1.3293808586489853 1.4570710811465926
-0.8621918469340559 -0.6409971428294761 0.21176353660911706 -0.06530818398458349 -2.157819720575016 4.872554923354766
1.4230649753730824 -0.5768316136255278 0.35638205691396985 -1.3299420810691687 -1.4233664577133014 4.112915883770125
0.9762104245918011 2.319523277491791 -2.3436664511146947 -0.2974756874427791 -2.2103346812382565 3.688506937964607
1.2167216336547304 1.7776191745338785 -2.5627311653823135 -2.2798462752742354 -1.6965038202988496 2.9662399579453167
0.7506656376233247 2.292068810011592 2.4237506848388226 0.705603463072848 -0.17100612825664385 4.582954713980838
-1.1536049300878344 1.800771031873345 0.4187637843436445 0.17497738624931092 -2.471014256949558 1.6360083355951862
0.9913457031032047 0.018633718842467006 1.3248804447708973 -0.8114229891360538 -1.5525587703048462 4.100585224041852
0.8075738615923758 0.15105653498790317 2.091072151051682 2.656957694496991 -2.640288062676299 1.7146974398622958
-2.792191945200953 -2.497349637785913 -0.10933958097168484 0.025233939893968604 -2.324075896381504 4.314594156953467
-1.8257853652441118 2.459182977297059 2.0668494075084136 0.23061225929502693 -1.26757663442004 4.811307314022707
2.2999435583367047 0.3775777787039285 0.3564746441298694 2.1636267142173526 -1.1600184516419467 3.1588427354867514
-0.08687703177712303 0.1273464442703669 -0.665303436810964 0.24869185217874223 -2.777243301843589 1.5983255687495503
-1.4381386814554462 1.637810853574776 -2.8267006786749658 2.256298615288803 -0.15392958070998147 2.1452829919578353
-2.3358376034393378 -2.1462759567275684 1.0701448218934426 -2.2801219906231136 -0.6534373600674972 3.799741452702577
1.0 0.9966101694915255 0.9966101694915255 0.9864406779661017 1.0 0.9932203389830508 0.9966101694915255 1.0 0.9966101694915255 1.0 1.0 0.993220338983051 1.0 1.0 1.0 1.0 0.9966101694915255 0.9898305084745763 0.8610169491525423 1.0 0.9966101694915255 0.9966101694915255 0.9966101694915255 0.9966101694915255 0.9966101694915255 1.0 0.9898305084745763 1.0 1.0 0.9966101694915255 1.0 1.0 1.0 0.9966101694915255 0.9966101694915255 1.0 1.0 0.9966101694915255 0.9966101694915255 0.9966101694915255 0.9932203389830508 0.9932203389830508 0.9966101694915255 0.9966101694915255 0.9966101694915255 0.9966101694915255 0.9898305084745763 0.9966101694915255 0.9932203389830508 1.0 1.0 0.9966101694915255 1.0 0.9932203389830508 0.9966101694915255 1.0 0.9932203389830508 1.0 0.9966101694915255 0.9864406779661017 0.9932203389830508 1.0 1.0 1.0 1.0 0.9966101694915255 1.0 0.7593220338983051 1.0 1.0 0.5457627118644068 0.9966101694915255 0.9932203389830508 0.9932203389830508 0.9966101694915255 0.9966101694915255 1.0 1.0 1.0 0.9966101694915255 0.9966101694915255 0.9966101694915255 1.0 1.0 0.9966101694915255 1.0 0.9966101694915255 0.9966101694915255 0.9898305084745763 0.9627118644067797 1.0 1.0 0.9966101694915255 1.0 0.9966101694915255 1.0 0.9966101694915255 0.9966101694915255 0.9966101694915255 0.9966101694915255
0.018283441100720225 0.009105687185382688 0.01020508907921694 0.009175086108894337 0.011748024011451863 0.008461924113938063 0.007863462208336332 0.009787899266628326 0.007710672047070921 0.013288046205920627 0.012224583964093164 0.01687549861371097 0.00954896994217545 0.012029038793762513 0.01006612592690344 0.008035950890732307 0.007161084879429823 0.006711672354172718 0.013072694059014884 0.012735941616186212 0.0068321879153943246 0.012157933356084148 0.008785379252787185 0.005388815098959285 0.01004747108915571 0.014513236631013815 0.006495881538212957 0.008015300267194731 0.013410194544429205 0.011847216938553963 0.008278303166347714 0.009588011404714134 0.009652024290329065 0.011758493103198632 0.007095372103022906 0.009289792063380358 0.00936384575116461 0.006739743019436493 0.012777097342802248 0.007147954836765632 0.01353737052805534 0.007987420374441685 0.005811135154550469 0.01134678362547738 0.015341960966162624 0.006069580888552474 0.008368689113813754 0.007986855559623869 0.008785967901405402 0.014493999861019834 0.010058223661493896 0.010976588254707648 0.010460656561556371 0.008818164147622827 0.008790859074963134 0.007460092444278734 0.006755995413772109 0.009460083513940665 0.008505204713580723 0.010453006663673431 0.012630148266082818 0.008283706301379945 0.015561364143513222 0.008354933696971862 0.007898805279198501 0.018835767358462912 0.009068146179756053 0.013667165280728186 0.0066931920180878825 0.012842444020372764 0.008542087623300177 0.007121932434949257 0.011862894546182666 0.009720491619365288 0.00559066442380878 0.006741563397565136 0.009902688427409791 0.02054262101598903 0.00837447946087238 0.014727349614710188 0.006346902461134362 0.00879790120593085 0.006929161572479736 0.010481068975117958 0.008065747826665345 0.008085750891820226 0.007408551586806716 0.006166550391945262 0.010888264222955461 0.011309200902431907 0.015391763658054737 0.007582501620380889 0.005891864745159434 0.01080164217019223 0.010558850844280187 0.013837851101606154 0.007369985114401273 0.007139230292978688 0.014085662462208883 0.011155318341361617
-----
100
5406
0.8
2.864125625061454 0.12995695659300055 -2.3874571459966587 -2.439528924908829 -2.5810978056464897 4.742335699185496
2.906998619713104 -2.9394420006763338 -2.4866633735541535 -1.2346271490357752 -0.9149306078830662 3.393852910913314
0.455579108457806 -0.21771589542894998 -2.897817407018989 -1.661395523968333 -0.18511018981963034 2.772882966166305
2.293944200844228 2.585315092957334 -2.939520694140683 0.1450658865163116 -2.085929457361055 4.341998525370666
2.8930957928999463 0.1578502603092371 -2.9453195598803 -1.717417138985622 -0.9213217611135914 1.458303260214153
0.7866668411665954 -1.7167760077225538 -2.2736968957320203 -0.5491761940566173 -1.5870340690923346 3.623340422546361
1.9887912000981767 -0.714078904824504 -2.6899702313480898 -1.0000281719405475 -0.8210054185647817 4.598920711376897
1.436376903499432 0.8938037942829898 -2.5799976477392725 -1.4264078154230642 -0.8760586278009943 4.714616637410797
1.7158422246482807 -0.3002816913236337 -2.8329839380053983 0.4298715423683933 -2.149377896222284 1.8350771677056514
2.455639660906366 1.6816375210132621 -2.4851180129221278 -1.966175756157957 -2.5103487164315155 2.9002576518901497
2.9989594313821417 -0.040821470429779794 -2.622388910693144 0.30277222137017545 -0.9724007476726222 4.3150922051989085
0.1364274088918953 -0.9742911429915048 -2.3960373408712714 -1.8852917408844325 -2.7684394479987207 3.4493938812203417
2.128323998491221 2.020010067885463 -2.6678162455655134 1.5072355097706922 -1.1841169795645612 3.757613909555831
2.0427444928230973 -1.491766268724374 -2.5098930473761434 -1.8000817290467679 -0.9796942527708593 2.7278346731559893
0.14559742734120595 -0.9000058874638657 -2.6497335426711714 -2.6833845804500362 -0.8964645863486418 3.8420576167679474
2.5822380752471634 2.181124146140311 -2.8149098955025695 -2.569290734695442 -2.1777993868644856 1.7797578407002437
1.019343494331278 0.7112192125121652 -2.675243466641885 -2.58343609724563 -2.5794543679112008 2.4293769469994855
-1.159110208157958 -1.8898744019838327 -2.719340488022536 -2.4696688149687973 -2.528563610274106 3.7387542226170885
-0.5890131446546236 -1.9889880839534837 -2.670305799308965 -2.8165728017555023 -2.0184400276012386 3.7040827480597103
0.2976882325851141 -0.41954367736322173 -2.875776904747407 -0.3727284657494595 -0.4834364029224557 3.522109918911174
0.09168016205078988 -1.215007949831841 -2.9046697895242346 -2.1527120388492 -0.7466028030689255 0.8886479074979294
0.6266747269458799 -1.5905995332496932 -2.8445456091269015 -0.7123566372745229 -1.0933195547619023 2.4362575829042203
0.8466860662771496 0.2070529782948325 -2.3398843044342197 -0.37168048857268854 -0.18362792028792918 4.28158124900872
1.2714439378320763 -2.4000092534615685 -2.806823634226112 -0.1211981758439209 -1.367938129361718 1.4490824297481923
1.4090100291821848 -0.5214194731188955 -2.984416473058235 -2.04318505399776 -2.3440159250528008 2.3812010129959242
-0.6332709790789319 -2.2210691906357525 -2.7649546075590257 -2.778135851064147 -2.5739408295103936 3.4592729230605292
-0.9706741024304479 -2.1382793092925008 -2.449410649733691 -2.29131188694566 -1.4037763001087609 3.654610577583558
2.8877476251586747 -1.0600665403717082 -2.978124729887048 1.6729702920622516 -2.1476071189332604 1.8671939725283988
0.15196051694967277 -2.5728185589622163 -2.68137339747509 -1.9165548349313384 -0.5526550983547602 2.2594258836486496
2.575548522919613 1.1290835865313307 -2.996404782786059 -0.509556923379067 -1.1185069144332136 1.934865844068218
0.6700106798479539 -0.568365660718204 -2.853610064826036 -0.7688416692607278 -2.60825918234056 2.3888030397310964
0.7056769107699177 -2.2069397803007735 -2.6760059172711674 -1.2647011891423945 -1.735373718807725 4.305132667418533
2.9056420236627933 0.46546689106575867 -2.8682905544066992 -1.0490851740764047 -0.3916403325301987 2.685352351727447
2.6921426879650103 0.9909966933683976 -2.7641405729046604 1.8560338274133232 -0.6742516404242965 2.894813789478868
0.5516350541812634 -1.2592884117804453 -2.2139638805706063 -1.1550109252944403 -0.4708858581016891 4.661665483568247
1.4164845343208714 0.732768824722664 -2.718569395433098 -1.0625216572236353 -1.1919015683439271 3.368604283206051
1.5002736765043392 1.5222175743146267 -2.6994382351794 -0.9641415359264078 -0.8004468556423746 4.176484660453976
1.1874553394496665 -2.128768823272128 -2.9786273265263965 0.2752769175715961 -1.7173366708223758 2.418857254027981
1.738669906178055 -0.32728973077407564 -2.973259398441754 0.1184616802269376 -1.0545155075602257 1.282947713386464
0.8100240210572434 0.1622893105976066 -2.4510326212040345 -0.736776289587858 -0.35417218114724025 3.6925418826058447
0.4496031179521953 -0.19674231580690205 -2.909410785074437 -2.8767861244152253 -1.3037788890828632 3.754003203059214
-0.822417822090004 -2.566817174232293 -2.95627525590661 -0.3817625305633794 -0.23010718274249442 4.807292646392786
2.124189738904574 1.9058777107735676 -2.864465781191804 -2.0227905884269717 -1.1465533367949479 3.7980135830973305
2.3893996245032043 -2.4314488498504376 -2.580690076959252 1.9004911462241192 -2.5129124072050457 2.3792448222132445
1.5844591909428751 -2.009116902180301 -2.5267604224305824 -0.8519557524788701 -1.315180607839011 2.9365783655332223
2.4084138352568347 -1.6970425087178862 -2.79392118097 -0.2794141717973846 -2.6961956671835674 2.729448655991585
2.5518228492993504 1.6555779614031056 -2.879142657971823 -2.628915639994839 -1.9302650557167578 2.7985557838505652
2.343423568681229 1.692699038864021 -2.973662981099523 -0.11840791085499536 -1.8838205868451485 0.93512374369603
2.2218529958267745 -0.6565601217662818 -2.6787663967728665 -0.05788916067202221 -2.1351243864679468 3.4671231341768585
2.8929165986505554 2.67791218641488 -2.9263142703468272 0.03045454091076083 -1.4565404969872864 3.6108163904630506
1.763468069992221 -1.2155161530117786 -2.321827924677276 -1.1617043537308707 -1.7138950064213796 4.45310384656161
-0.9388452321515429 -1.3807009303655322 -2.7926078258688354 -1.3162619415699741 -2.6546630260577615 2.4834962955126674
1.67175473293708 -2.800055566184808 -2.573824995241457 1.5562132219791316 -1.4858264317496486 3.5110433165001664
-0.39032239339103536 -2.891199930006047 -2.4855695762649592 -2.8635719128818735 -1.9928287522468389 3.809945005421472
-2.175118393217086 -1.6366568161698531 -2.9424637651725276 -1.6827090035885326 -2.269223342905927 4.926048765586441
2.1441817239990035 -0.9273378013187188 -2.486084953975279 -0.6914123846290137 -2.199665899180376 2.6172439262083027
2.0301603026446595 1.8550328800694345 -2.684778320507162 1.8103165675815742 -2.0693149041195618 3.957178352862221
-1.158957414742667 -1.9716280794145653 -2.866461021171478 -2.167871850567878 -0.7914873051052668 4.250449181750182
2.9820956159286682 -2.233553134906051 -2.69559051383827 2.9918337902384806 -1.9367930582300152 4.292760102298666
2.7002036948101207 0.8301133614273565 -2.878766772768879 -0.8461039663339127 -1.4073419978145099 2.591399686609338
1.9799856305997405 -2.431001840619378 -2.7607218360852137 1.5003061285542165 -1.2838355395819294 2.914978888971152
1.19941808445002 -2.066230658412524 -2.549358529780562 -1.3328869221251094 -0.8157119362737191 3.2495945244581357
-0.6211872740635846 -2.5077134088580086 -2.830076512350899 -1.7972719615612247 -2.5385455917999367 2.5197632556277503
2.0368063204574054 2.09765511428425 -2.7994132942179495 0.5309948945932468 -0.7311896025056778 2.7339640584116127
2.780486017914071 2.2566133567840767 -2.611138017597301 -2.6109918722227485 0.4196863952801768 3.7462850219674237
2.680159577546576 -2.7411396087466313 -2.9441060935732084 -1.4990916997336936 -1.5058819537511046 0.9343569535399139
0.9580659436752217 -2.3864180872996403 -2.799810836913828 -1.5962045391744195 -1.1596359339551905 3.3079680471345143
1.3704392800358445 -0.8866845476446266 -2.7080009862894285 1.7137605104791365 -1.884400690588909 4.735636376738363
0.38620477074784865 -1.0491333156408198 -2.589724228386499 -0.34200195983476744 -1.7045535438936987 4.157644813417168
2.6068242173980747 -1.2937517228027127 -2.446877239323801 -2.664393439426205 -2.169394309877747 3.4189606909757093
-0.7219027965435789 -1.708325523650009 -2.5328641943334804 -0.8035536549982961 -0.21325184926711208 4.041078822699072
2.931590372504615 2.27079499376605 -2.394874688405154 2.507251425697421 -1.7147508114176742 4.362760241782349
2.023159219248893 -1.7970597577124798 -2.9872156785773396 2.0166276723874823 -2.7009837244885757 1.7000591152862452
1.7697100297525648 0.33711115656112733 -2.4167329635952823 -1.6896283910513117 -2.276170471554949 3.1566637254323267
2.969153989668252 1.3049376633280445 -2.7241076452974404 0.6321581120328345 -2.2863516474122787 3.6833334697393725
2.872448361669889 0.01211164232130263 -2.667484078823829 0.8322064192306344 -1.8019760736467914 2.619223596377733
2.687358942192255 -2.494666386696289 -2.702576971246856 0.3359676357498893 -1.6788991826094466 4.349954447388292
-0.21750716658101732 -2.67802548651796 -2.530295874828056 -1.5594992353009494 -1.7271830276049904 4.103998892335639
1.8981530529499338 0.041108482484171094 -2.7912026738438493 -0.6122557680771135 -2.106653608717178 2.189345700240088
2.043109979446321 1.5877595200355317 -2.432633015090631 0.7012104861478865 -2.669073738515077 4.564365665516175
2.034066974692724 -0.8080082547149643 -2.578361965040389 -0.5853752043693747 -0.09311168712647877 4.770847818903247
1.1397630386485322 -1.8835485108871648 -2.820186456793504 -2.0624734092725836 -1.7788410739452238 2.378319195920916
-0.9271367432302675 -0.7219924252096308 -2.9101699043537583 -2.0726159337833625 -2.310361792716932 4.257403160894567
1.8038066802864676 -1.3695093072804871 -2.442014271678296 -1.0160422909457003 -1.292747337275392 3.3828053536988794
2.6550413105591697 2.3246117185656674 -2.407337638584293 -1.019504722633406 -2.6485763947526633 4.144729782004663
-0.5666277477103794 -1.7443048558692962 -2.4505402736031723 -2.3830828658426366 -1.2177052264812815 4.391477804604559
1.803411794862237 0.6992149046541221 -2.6450877135908937 -0.6915525710772206 -1.1685389872602856 1.8287886380991907
2.8408226630492504 2.11387753936014 -2.863891721165202 1.3598662309298843 -0.3119480569269417 1.7439019212901485
-0.478996350987297 -2.580463109123362 -2.9730007915397123 -0.7013011681370692 -2.5458778693358934 3.0534415832739654
2.837996204061893 0.8561987363331856 -2.7050488318312143 -0.08235981951985463 -2.5990845969801937 3.3321213690511775
0.8789730375749548 0.3735645651223367 -2.654933830116962 -1.289245972658137 -2.0499684182699474 1.9074771031565374
1.811152475469636 -2.6576189589041768 -2.4744130123533603 0.03463419684461666 -1.554908087687727 3.3465985563783347
-0.8504134540788743 -1.2382418973511304 -2.936417514204087 -2.9445622764484845 0.09557756724096605 1.8799523603472124
-0.34087159830841796 -2.0954357196684663 -2.6465885569600074 -2.067562429492803 -1.1587395071231374 4.281321017816976
1.2334346139717445 -2.1487278694292367 -2.8081469668359382 0.5540911081707356 -2.416408131949286 2.9502912259896044
0.37208385215989304 -1.5239572565494888 -2.7068881382689822 -0.6876470776694257 -0.40914059484042037 3.710101850534061
2.373654886974205 -0.5371232051892153 -2.75019873942113 0.9909449032153734 -2.01591822032044 1.4214129013717276
2.96563189235446 0.025558761411744513 -2.7982498076867826 2.363699757048436 -0.6812192181194718 2.976177763287851
2.984074573098872 -1.8376853224835776 -2.643770207855268 -2.96096146177993 -0.37847445724546824 4.012337104246257
-0.9559098113229225 -1.2952143608581925 -2.8482000207043723 -1.3363791719051723 0.11280365825767102 4.395758783560662
0.5220338983050847 0.5830508474576271 0.6101694915254238 0.4949152542372882 0.5050847457627119 0.7762711864406779 0.7152542372881356 0.45084745762711864 0.5457627118644068 0.7152542372881356 0.6135593220338983 0.6983050847457627 0.6711864406779662 0.6610169491525424 0.5254237288135594 0.6949152542372881 0.7152542372881356 0.46779661016949153 0.5559322033898305 0.6271186440677966 0.7762711864406779 0.5661016949152543 0.7322033898305085 0.6711864406779662 0.7254237288135593 0.6474576271186441 0.6305084745762712 0.5796610169491525 0.5830508474576271 0.6305084745762712 0.5355932203389832 0.6508474576271186 0.6508474576271186 0.4949152542372881 0.7186440677966102 0.48135593220338985 0.6135593220338983 0.6711864406779661 0.5423728813559323 0.6745762711864407 0.7864406779661017 0.5186440677966102 0.5966101694915255 0.752542372881356 0.6305084745762712 0.5728813559322034 0.6271186440677966 0.7762711864406779 0.552542372881356 0.6508474576271186 0.6338983050847458 0.6338983050847458 0.7118644067796611 0.535593220338983 0.7050847457627119 0.7016949152542373 0.6711864406779662 0.711864406779661 0.6305084745762712 0.6406779661016949 0.5050847457627119 0.528813559322034 0.5355932203389832 0.7186440677966102 0.5186440677966102 0.7016949152542373 0.6745762711864407 0.7186440677966102 0.47457627118644075 0.6305084745762712 0.711864406779661 0.7559322033898305 0.6847457627118644 0.6983050847457627 0.6474576271186441 0.5152542372881357 0.7084745762711865 0.46101694915254243 0.47796610169491527 0.6474576271186441 0.5966101694915255 0.5389830508474576 0.43050847457627117 0.6372881355932204 0.7186440677966102 0.535593220338983 0.7355932203389831 0.6101694915254237 0.5932203389830508 0.5694915254237288 0.7966101694915255 0.6305084745762712 0.5525423728813559 0.6169491525423729 0.5288135593220339 0.5796610169491525 0.7254237288135594 0.5152542372881356 0.5966101694915255 0.5152542372881356
0.016101879147747872 0.013677791420543522 0.0078042865560970275 0.011810434601692902 0.012545067975726229 0.005706240264468932 0.009934783909923884 0.008841313482496534 0.007406188443433361 0.009845230185292039 0.0106301158048707 0.007705190927191964 0.009016585482952031 0.008162266226226882 0.007924890609815697 0.01395746047617571 0.00905671772963266 0.0105685535931654 0.009842010609639748 0.0067433647736203535 0.01067589752369448 0.006565299057948868 0.007603733815569081 0.008891039042589451 0.009036119301251075 0.012183341312656172 0.007563411099791179 0.011729819896151428 0.00937842758555396 0.009043980213688036 0.007173383583554431 0.009010554437876787 0.010690323322143284 0.01019031108327006 0.007898637061000958 0.006169619749592481 0.008173873720443566 0.007699489276736127 0.008349700820675163 0.006427775571002854 0.008462730293986502 0.014339874608082436 0.01004947098398522 0.010143940877648508 0.007088432457445373 0.010046130636578979 0.011274037070159159 0.012219298582740378 0.007417116669279048 0.011469276481710262 0.007891658354431582 0.007575621564949949 0.010179204085410563 0.011961898692170066 0.013576626853981276 0.00695838301169416 0.009773698833904379 0.00998085663372089 0.01976073881337123 0.008283412273192379 0.010108800847660438 0.007692550672994586 0.009695383514722338 0.008254884436818977 0.027275813452777742 0.01940076848585222 0.008694154058984592 0.010098489071491778 0.0062783036784136 0.010887500784325443 0.007913035768757706 0.01499588391153479 0.011983949778507324 0.006825157689763072 0.010165390248737981 0.008174517323884757 0.013341869773849555 0.008840443384926386 0.007145482872270089 0.011046247489336199 0.013082290360182262 0.008644160947052773 0.008922616146021248 0.006705034031297529 0.012585737073882016 0.008384509740231893 0.006631124458234643 0.01244989196735069 0.009295870287241919 0.009965667892050544 0.006300449740335352 0.008295939248498764 0.013331579515117556 0.008884074438157846 0.007975846227862331 0.007546132799267962 0.009247287166718594 0.012948552591570675 0.01897188369210957 0.010825206956861004
