4
100 100 100
501 8669 271287
0.8 0.4 0.1
-----
100
501
0.8
-2.6945084143404534 -1.88095292981953 -1.8389639063876264 4.118825458733168
-0.14101419644843993 0.3999276565572223 -2.7388030544757993 2.20630823919139
-0.3532332902153015 0.218199324208753 -2.9671572177013004 0.8472716359456223
-2.1714375059058817 -1.2637007465861223 -2.1892048907361725 4.750211767200949
0.26285292915191505 -0.9340423085726783 -2.128530218384646 3.9946122003169093
0.9595014709661891 -2.997896110804266 -1.53565424591421 3.298717855337258
0.23557285658199545 -0.680279062937815 -1.5730505093698053 4.338961443382093
2.788928170408692 -2.071863894792594 -1.9941578304674934 2.868734213403835
1.97910812924437 -1.743403844769777 -2.2308895581483026 2.8122829853139697
1.190399249047438 -0.351370829820163 -2.1258912418426132 3.475574292843419
-2.866345917049253 -1.0342998675284263 -2.9387529243761263 2.5579943672814887
-1.9478329548762985 -0.9838070088274287 -2.7595323401450047 3.681642812807354
1.1030659861889633 -1.0974325889357384 -2.170829642707109 3.0195524704284518
-1.6533729186681247 -2.7641009727193664 -2.3222633744220884 1.6104049229228312
1.297590413139254 -2.192547860065836 -2.1104786888333438 2.4555465281663045
-0.9813356328960796 -2.7566556056803404 -1.675081565803885 3.398334970922201
0.6526028942577802 -0.8405042275025547 -2.379605103568051 2.4691735392018668
1.3632106828412933 -2.1328870219032376 -1.7554256712568943 2.329085056895912
-1.5191929369676616 -1.2156701861242558 -1.741798038174906 4.023100619059326
-1.8341988140800436 -1.2647378989492482 -2.5865955174657556 3.4225785815510323
-0.8203529937443776 -0.23162585930567525 -2.645076176152828 3.6399542125499718
-2.6876298455404894 -2.449158077452438 -1.7418323947794354 4.3183057683878125
2.4996536389979997 -0.12888081965583753 -1.5022010057996402 2.7216719334936137
2.5921761056997745 2.1001681621511707 -1.790221520531589 4.388888969715804
2.69596618717467 1.2635021827893684 -1.8631264164885715 2.677974506071056
1.5382708280545394 -0.7905293508849773 -1.9988724963933158 3.5530545373493005
2.8275247332948688 -2.452347422810093 -1.697634127736559 1.6611970260815745
-2.9463312881027925 -2.699043057473881 -2.6693172190622154 3.7679365026471845
2.4059293176975576 -2.7180877610591017 -2.193047758681052 3.374506657690457
0.02847491256404222 -2.7337254719136284 -1.785340472196724 3.9242598708192644
0.42405723510969695 -0.8016530680709306 -1.359159305712762 4.314170981667319
1.3774619938656727 -1.3712797472035483 -1.887149763841061 2.8906912909381566
2.7823381930570346 0.5630244417968471 -1.9070158927919814 2.541697161363674
1.4999807822584987 -1.290790392520655 -1.8840225342358985 2.9348768015858484
1.128940242202268 -1.873987743278677 -2.106581835579749 1.5068053570232842
1.7833728226339964 -1.749403768071181 -1.2673050832001662 4.002120802069228
1.0561987011858083 -0.4086402019087729 -1.5303488933187657 4.497118335917092
1.9875408042117684 -1.9614696667679397 -2.2771806319824948 0.5976641055752685
2.937279324084198 0.9369487979546758 -1.4048020395212415 4.575347281372392
1.4271431137429254 -2.652061946721443 -2.249726222138185 2.8427472113736996
0.07931041757149604 -1.2207729131040739 -2.2139486585170474 1.961244600799864
1.2902454207830072 -2.003623363357156 -1.3952334087052214 4.485547402122027
2.9995483328350367 1.7520813121036767 -1.7579001534554783 3.949267560185458
1.7944102803890747 -0.7647286914588638 -1.2736980609608934 3.9352934628657943
-2.353620006233786 -2.704016671265746 -2.3369238978771616 0.5726287380747674
0.2788001419617876 -1.9188595550937424 -2.058128675307536 3.7865472411739454
-1.3191720022909235 -1.9871575887855206 -1.450386337549931 4.127899863238315
1.70040026448717 1.3934285716668597 -1.525604925909227 4.88186801989624
1.2512519708653 0.9135255848170716 -2.2977498645125136 4.306985273438185
2.651162366641575 -1.75011321131724 -2.491197104731556 1.4556787833410878
-1.6495388074071227 -2.3509333710986953 -2.031030957966917 4.6105600276535466
-2.3444749885022027 -2.4172285557797064 -2.6659929728250784 4.595115316960435
-1.0326313247012044 -2.1044703417409414 -2.5055103685732996 1.5835252410802636
0.22349017490083645 1.5488626636082987 -2.9257461314866324 3.070850779241302
-1.6898548519408285 -1.434196022796185 -2.722095882593725 3.8877590992435174
0.21270699526468606 -1.6032239138327053 -1.365274405118289 3.486519812854728
0.5627834350780718 -1.2010119043289702 -2.0473329786705827 2.323081342009262
2.28687221743313 1.083001130563682 -2.2052189105379827 3.8646215667686388
1.049200116190086 -2.2002524185141894 -2.2346616026211716 4.3452155832257855
2.2012911818202463 2.679855320336374 -2.6366614211360218 2.674837366714126
-0.8703419011362601 -1.938961874156917 -2.469177874024862 2.297512234940969
2.670500972190597 -2.5632094516362005 -2.1241755508536455 1.22704508766179
0.30217014808460574 -2.534162713632306 -1.6688053489337022 3.870768955271795
0.19752419034231083 0.8126589767527306 -1.944738800208923 4.71628064251597
-1.2543700951589263 -1.700569821108684 -1.7332714923944748 2.522295309848981
1.5430033960235896 2.441557908370325 -2.519487167619641 4.80775204891315
0.5961681195847945 0.7033981751017286 -2.550808638625938 3.895624800314761
1.8439872805292161 1.7815535304326033 -2.19359129218552 3.518366356858882
-2.0689297732962983 -2.4189723200860644 -2.3000006286441614 2.6451020705592176
0.3316598218162601 0.9350047086376154 -2.617183201988151 1.063457192011189
2.3109347847175314 0.3596440815335651 -2.3527776029620013 3.0191181179376567
-1.2084776184996797 -1.8499259719694972 -1.9082650356168553 1.5297870104729627
1.5617829656765085 -1.4730323273093844 -2.103082518344654 4.161717058522436
-0.6801527348974079 -0.6429152167866699 -2.462196198267124 4.65084416760223
2.217631019691966 -0.8067229066179036 -1.6313052064744338 2.0212638768112368
0.595423365924816 0.05986415242260623 -2.31231179860436 3.0904762461439574
2.0713143481328693 -0.07196014482618018 -1.6645513487250203 4.069978272800089
0.8434300512186739 1.4506134477425636 -2.610800962511048 2.8582753381091464
1.3794691999015605 -0.32593582137706134 -1.6092507859831167 4.86886308818106
-2.2504528885447557 -2.7001858583540748 -1.7736784281452698 4.159671830983294
-2.7931006460487886 -1.4946065621700666 -2.5294921383065647 4.578296161068956
2.1045130627487554 -0.875695266005132 -1.3169934972950958 4.100716711675557
2.7398485546747793 0.39812487089619664 -1.5156757203345057 4.394991649582116
-2.9949816351809657 -2.3980408099463633 -2.420195685204985 1.3361554015764032
2.9479487301332563 -0.10421744033142222 -2.3033214892572604 3.249062989533147
0.35960196759487406 -0.6121880324330284 -1.8635961398132594 1.396764640452054
-0.8428496266499539 -0.13942088310285827 -2.5960665841389385 2.9194783775371325
-0.6455508248128998 -1.8206926866989699 -2.598907374574949 1.9613215954957552
2.2702825566833393 -0.7062696551047876 -1.83034197832429 2.291686314161794
-1.2033866273237117 0.25109191940257913 -2.8800887101796104 3.612927478000815
0.3211018092691438 0.6856674510183591 -2.409847970292542 4.749130382114411
-0.7534907276981127 -1.9202330062053572 -2.1416673925671263 4.45812481493853
1.4479023939532114 -0.6217276927364681 -2.1509156603514445 2.9630680481205927
1.9466174306770379 0.30402389077451986 -2.5962009554783876 0.6446123887844002
-2.4963365509604905 -1.8585603990599213 -2.469204130132453 1.5279776714172
2.178928996027329 1.4547041014256594 -2.482643008360062 2.083428680103828
1.316636222436144 0.3790903258604308 -2.390749312285406 2.5692305519282965
1.2671506126289769 -1.4983364045393346 -1.308249511414417 3.908419508097878
0.5645110559004229 0.7199465772081797 -2.122627276075148 2.9779725052573633
1.2651768524617726 1.3805412876860554 -2.575163871507763 2.480841312159725
0.7 0.46799999999999997 0.692 0.688 0.624 0.732 0.692 0.45599999999999996 0.62 0.596 0.788 0.46 0.592 0.41200000000000003 0.428 0.6719999999999999 0.664 0.728 0.728 0.32799999999999996 0.39199999999999996 0.6320000000000001 0.788 0.656 0.652 0.47600000000000003 0.792 0.07999999999999996 0.644 0.54 0.752 0.58 0.636 0.552 0.6679999999999999 0.792 0.688 0.756 0.728 0.64 0.43999999999999995 0.732 0.604 0.788 0.744 0.572 0.732 0.728 0.664 0.604 0.436 0.78 0.616 0.736 0.6399999999999999 0.792 0.52 0.6719999999999999 0.772 0.472 0.712 0.696 0.6519999999999999 0.784 0.732 0.656 0.696 0.45199999999999996 0.29599999999999993 0.792 0.744 0.74 0.644 0.696 0.792 0.628 0.6479999999999999 0.556 0.632 0.556 0.6159999999999999 0.776 0.696 0.6479999999999999 0.74 0.788 0.6399999999999999 0.776 0.696 0.76 0.504 0.648 0.5599999999999999 0.5680000000000001 0.7 0.656 0.6639999999999999 0.78 0.6759999999999999 0.5519999999999999
0.009999999999999997 0.009999999999999997 0.009999999999999997 0.009999999999999997 0.009999999999999997 0.009999999999999997 0.009999999999999997 0.009999999999999997 0.009999999999999997 0.009999999999999997 0.009999999999999997 0.009999999999999997 0.009999999999999997 0.009999999999999997 0.009999999999999997 0.009999999999999997 0.009999999999999997 0.009999999999999997 0.009999999999999997 0.009999999999999997 0.009999999999999997 0.009999999999999997 0.009999999999999997 0.009999999999999997 0.009999999999999997 0.009999999999999997 0.009999999999999997 0.009999999999999997 0.009999999999999997 0.009999999999999997 0.009999999999999997 0.009999999999999997 0.009999999999999997 0.009999999999999997 0.009999999999999997 0.009999999999999997 0.009999999999999997 0.009999999999999997 0.009999999999999997 0.009999999999999997 0.009999999999999997 0.009999999999999997 0.009999999999999997 0.009999999999999997 0.009999999999999997 0.009999999999999997 0.009999999999999997 0.009999999999999997 0.009999999999999997 0.009999999999999997 0.009999999999999997 0.009999999999999997 0.009999999999999997 0.009999999999999997 0.009999999999999997 0.009999999999999997 0.009999999999999997 0.009999999999999997 0.009999999999999997 0.009999999999999997 0.009999999999999997 0.009999999999999997 0.009999999999999997 0.009999999999999997 0.009999999999999997 0.009999999999999997 0.009999999999999997 0.009999999999999997 0.009999999999999997 0.009999999999999997 0.009999999999999997 0.009999999999999997 0.009999999999999997 0.009999999999999997 0.009999999999999997 0.009999999999999997 0.009999999999999997 0.009999999999999997 0.009999999999999997 0.009999999999999997 0.009999999999999997 0.009999999999999997 0.009999999999999997 0.009999999999999997 0.009999999999999997 0.009999999999999997 0.009999999999999997 0.009999999999999997 0.009999999999999997 0.009999999999999997 0.009999999999999997 0.009999999999999997 0.009999999999999997 0.009999999999999997 0.009999999999999997 0.009999999999999997 0.009999999999999997 0.009999999999999997 0.009999999999999997 0.009999999999999997
-----
100
8669
0.4
-2.1964157333301237 -2.870690721526414 -2.067734770516196 4.600505826744947
-1.744813685168879 -2.7410975947886556 -2.134131298427178 2.90244682450748
-2.857851068100083 -2.0924263498663773 -2.7670525048365273 3.460837138086866
-1.6535953898817322 -2.25196755209481 -2.1676496393969353 3.2372718187207203
-2.027018575973613 -1.84594367837711 -2.100086521772734 4.192609302717515
-2.300537185254541 -1.8047130028314657 -2.6454426733727097 3.2044540630025686
-2.85706392432054 -2.917006330129771 -2.314295132086809 3.156935199423166
-2.1351967536505847 -2.9028953512789695 -2.1059792391163863 3.1605086648027245
-1.0311358836905675 -0.6434226589764452 -2.6266765682388984 2.470528641125795
-2.7007495423593295 -2.697851231952866 -2.132606341232221 3.097999922696025
-2.4611946925785455 -1.629350690244435 -2.977862139938288 4.162137384553061
-2.6194646982042613 -2.515839603812875 -2.297395219799527 3.712069774285815
-1.771313406090938 -1.7799163970322378 -2.3014838793365895 2.4114068790735432
-1.7554655570032731 -1.724650031971034 -2.610861817068656 1.887014783263317
-2.421280988824691 -2.176683062453446 -2.2052953555110864 4.769384253439689
-2.689115589586442 -2.1922651962463604 -2.2817014582639956 4.407927674620451
-2.9536896339101517 -2.0701522557210925 -2.834731564133118 3.0271229733288005
-2.8097103340913465 -2.7099364695845214 -2.561827139643314 2.678039539780243
-0.256008968794311 0.03310677702854914 -2.410713067399962 3.5637160751685584
-1.28374585825828 -0.7737612498849611 -2.5101399850325747 4.513245628924978
-2.0492247194436377 -1.9597308326843663 -2.174197512270738 3.8380011895239603
-2.099851894955644 -1.5161247695324163 -2.7542945287615286 1.9455885568560474
-2.659468059652966 -2.991601201142293 -2.2129476620549235 3.6833481405652124
-2.855095997323823 -2.5428106193719024 -2.6793877163380815 3.8593697301738956
-0.994655923878679 -0.17936961699780696 -2.914204983204656 2.9682471168757836
-2.674157797091965 -2.4095235431748216 -2.285477154979855 4.035338398401753
-2.916668875853725 -2.765935986033128 -2.3537559418527607 4.781942704719198
-2.0030399950880113 -1.9328388859665626 -2.2835174594605445 4.293498021731029
-2.58115207067413 -2.990961679060009 -2.3250979691732456 3.367563426294798
-2.4243332213408832 -2.4159234692264318 -1.9090754826397442 4.936421520147062
-2.877870139387625 -2.585822106627737 -2.4640048317091097 3.9995590186200483
-1.8345071238882424 -1.6654333943816377 -2.2142503274963867 3.822017594297006
-2.866551145214136 -2.2352729730173464 -2.683576026438142 3.263564032882597
-1.969510275480581 -1.8272815353971998 -2.2929008145604364 4.91513840789827
-2.2744159215180364 -1.2414234408457994 -2.82783748712943 4.321223019805964
-2.1645081636244825 -1.4464906845546226 -2.537992994454471 4.032120018832412
-1.9368411130565666 -2.055689936147015 -2.1564446255522434 4.898083143941914
-2.566406040565175 -2.3775389515450547 -2.1789710973863783 3.514583592264808
-2.6434768058423668 -2.8077283496073644 -2.350106913026246 2.761246717981103
-1.5822794520133263 -1.6194493587984269 -2.349670624894576 3.152641683481815
-2.4297264089017374 -2.306079708170478 -2.4113107743246953 2.404380901243857
-2.8326010926631686 -2.281096061542082 -2.4108890609694664 4.0946708006989745
-2.009617734760574 -2.4594264115041486 -1.9510009446365952 4.694434394163633
-2.317793333356616 -2.4447169935249162 -2.3595686190817635 2.2196742722177856
-1.256302322008811 -1.4530896413536878 -2.555652581112204 1.5307665159808823
-2.9723123587881886 -2.020802196477926 -2.7562164282853017 2.972852548823756
-2.3597569056107117 -2.1982749698128394 -2.3616415842984924 3.4335359910169823
-1.9715358771448988 -1.3389033458253032 -2.7192266733956845 3.445630119432711
-2.8150346341031707 -2.541624916273913 -2.0785964868635434 4.887235696433411
-2.5421479449292006 -2.4619759740783675 -2.3247136846086773 2.501759562293657
-2.435841090902227 -2.2392563039807643 -2.2516956024758774 4.3650333887174035
-2.140558459786663 -2.3213205444973637 -2.083757060823067 4.500252443870051
-0.9515115411793988 -1.0584578513167784 -2.5161539457721487 1.751744197868758
-1.6584144495205475 -2.7411091268548637 -1.9063764607679405 4.384638411083799
-2.7226069403002273 -2.165200749984102 -2.4468544344921312 4.455327473432117
-0.5034544901063198 0.011443997551053187 -2.4603587042192743 4.91748099302563
-2.8632646323826605 -2.4440304115873825 -2.9088216146373167 1.2638629799070933
-2.9038485885734437 -2.66595093251493 -2.417868698010198 2.170864797387538
-2.703595950313656 -2.390399267944038 -2.7613621151439434 1.6248389544689958
-2.2368975130944473 -2.963315675118102 -2.2805547287277537 1.9093644681144606
-1.9447024613326938 -1.1883982817596914 -2.8773384737022654 2.6017867621025514
-2.88611488937216 -2.6111163404373006 -2.082669708345953 4.393584273165317
-1.8355427990888553 -2.0146632985465747 -2.1825674108092787 3.0900953644268214
-1.212172853088688 -0.7023998441256634 -2.752615058303115 2.293474340078427
-1.8189642031719309 -2.0131528147899016 -2.2835399689428724 3.1111640473267443
-2.4549528353668224 -2.5293396762967775 -2.422470679629551 2.3863844850200895
-0.6269744009883069 -0.26327450855015855 -2.3530962481948774 4.9674142112485775
-1.485421905493502 -1.2025920391492235 -2.3868861242584574 3.6609457272606734
-0.9315979464610251 -1.4585064798214522 -2.0948057044110335 3.1351191035399886
-2.796742403154123 -2.0606198451652866 -2.4255311385547533 4.3427488586439145
-1.1629635234651245 -1.2055820912611805 -2.3120907312550294 2.922639182847348
-2.2781372256041594 -2.6813553833995023 -2.258579753238245 3.3154679004449514
-2.171205791085685 -1.8492820804808052 -2.307536710303654 4.336574562035638
-2.523549483288751 -2.048829403788694 -2.65446476037339 3.6232251988870727
-1.4073767103853092 -1.4524451469875137 -2.2025321120423254 3.306991997546777
-1.89380472965454 -0.8382457883073595 -2.768118433166792 4.818373361109553
-2.2622131047330525 -1.5103955318446132 -2.881435861731894 3.076820345537852
-2.409849894354648 -2.3511477161529464 -2.4666070699020337 1.8972939457644311
-1.9834288400949385 -2.202349204226383 -2.098965428239571 3.7882010709583205
-2.733169894742803 -2.828177453211383 -2.647168807514019 1.144974369256725
-2.1166318749156012 -2.9857198802812905 -2.131426619241026 3.1954039156020873
-1.4147516672139466 -1.6187673303386196 -2.135451324663128 3.3608796761188615
-2.3787294178147844 -2.3430978831576024 -2.1995776140749213 3.2067770302932095
-2.184463395556045 -1.2227314924474624 -2.8834874065054317 4.531694358941142
-2.1344785063203155 -1.5381017778783206 -2.663700572484932 4.235598368206968
-0.1403878592318213 -0.4812186475493607 -1.973054950053026 4.877793579850726
-2.0474305652552838 -2.6059698896609627 -2.0219379482214883 4.606525823842371
-0.8796987612445428 -1.7610852703752098 -2.0439473375201924 3.2426783399454333
-1.5656537468343097 -1.6984377898339176 -2.5893608725047184 1.2618395825343316
-2.815335068689871 -2.136078151423663 -2.960645586165655 1.228444257875291
-2.5311184232694695 -2.615232152620216 -2.418038992282521 4.542069847698969
-2.5782520663887802 -1.915895443428969 -2.797705104559501 3.345642085500246
-1.9467298330668874 -1.8152278322820887 -2.286200126430931 3.5819718582996742
-1.5866362983725981 -1.9492120236553925 -2.4062429986717735 1.831414110890332
-2.141751092274027 -1.27451719342432 -2.626205376934819 4.697482486024538
-2.259457186176368 -2.7552814938514336 -2.332114484497974 2.724437058528019
-2.408189799822141 -2.9408304105923633 -1.8595776081195992 4.940771287162024
-2.50838367702247 -1.931007792061637 -2.919950785073996 1.7018454260453393
-2.6515147336067484 -2.7404857078587 -2.330182319018452 4.370539540451082
-1.5883643613149365 -2.304730322695357 -1.9133681471167916 4.925124858578051
0.364 0.364 0.23199999999999998 0.356 0.38 0.23600000000000002 0.30800000000000005 0.352 0.384 0.348 0.36 0.20799999999999996 0.388 0.304 0.248 0.31599999999999995 0.324 0.24 0.396 0.372 0.33999999999999997 0.388 0.22399999999999998 0.308 0.384 0.2759999999999999 0.20800000000000002 0.232 0.37200000000000005 0.364 0.11200000000000004 0.364 0.136 0.32400000000000007 0.29999999999999993 0.31199999999999994 0.28800000000000003 0.33999999999999997 0.23199999999999998 0.33599999999999997 0.30799999999999994 0.17599999999999993 0.344 0.33599999999999997 0.384 0.33199999999999996 0.23199999999999998 0.30799999999999994 0.248 0.33199999999999996 0.21200000000000008 0.2759999999999999 0.39999999999999997 0.376 0.21599999999999997 0.38 0.248 0.31599999999999995 0.24000000000000002 0.388 0.364 0.31199999999999994 0.352 0.384 0.31599999999999995 0.236 0.396 0.352 0.396 0.272 0.38 0.332 0.268 0.19200000000000003 0.396 0.38 0.256 0.31599999999999995 0.36 0.344 0.392 0.384 0.33199999999999996 0.30000000000000004 0.272 0.392 0.312 0.396 0.396 0.328 0.384 0.164 0.31999999999999995 0.376 0.368 0.388 0.368 0.32799999999999996 0.39199999999999996 0.356
0.010702131141418662 0.00834910382307327 0.011206601921300515 0.007299155570470242 0.007999869334278167 0.0089049572838285 0.0106530545408981 0.00914825583195895 0.007987527095346766 0.009862837330378554 0.013519635697950233 0.009214392249569832 0.007806936121810086 0.009656872332811794 0.010236889315283116 0.009844832826290326 0.012237763753741 0.011209493940531261 0.006875446187804849 0.008516577433763911 0.0076675892987351415 0.011010173257487975 0.010321549284509644 0.011545952203530831 0.010233220202277002 0.00944609662840955 0.012907817994387213 0.008184196003398918 0.010153825466136981 0.011881369325078993 0.010596452173038978 0.007237585308853758 0.010716128108018395 0.009750986026443718 0.01141889634290177 0.008507857666407645 0.00970836606835395 0.008820930712774799 0.010240343592788385 0.00693207964521335 0.009469985759533228 0.009923242002110363 0.010007467689516599 0.009720016083422382 0.009721444239421588 0.011457026396469684 0.008297677683081484 0.008758699472992801 0.012402843572932754 0.009655876487225346 0.00926456263311614 0.009199066993622385 0.008636092693474614 0.009364512482084494 0.010382069117021555 0.009885468161445829 0.020081415279151398 0.011798793620049932 0.014694400740918365 0.011476678055051977 0.01055391656289734 0.011090101881651562 0.007355707801790373 0.009181523619250469 0.007334053756319147 0.0099348787596144 0.00933916586233041 0.006932139307520953 0.006284241203697646 0.010091195840178233 0.0065773137857533664 0.00877745233326264 0.008481398250625563 0.009621281349109579 0.0066006318937843235 0.01219531751921325 0.010707103380838426 0.010779882012578882 0.007796073441410628 0.017464562372788733 0.009271677625371347 0.006649056052025297 0.008448775612845903 0.01266228580444789 0.009512395396538465 0.008159766558033084 0.009904784003566945 0.006352325987546054 0.011423367679403692 0.020512747360910178 0.010904223121195997 0.010643688760784871 0.007346759459242236 0.008952156910406468 0.010542845961813107 0.009357666500296806 0.01352702216383773 0.015256413509354935 0.01073561837536369 0.010027394018501294
-----
100
271287
0.1
-2.8785203791625915 -2.632905537626391 -2.4793865071038 4.275681358413824
-2.9584855595574386 -2.2841618045614007 -2.753500852273166 4.809233496385013
-2.8135260608477277 -2.2483849820590107 -2.6007971566991217 4.870685713570052
-2.961408842552465 -2.7684571998948053 -2.7114699739508366 2.313195233104815
-2.924512725244962 -2.1979502300646003 -2.6655805561667303 4.513002349290659
-2.7754069335901623 -2.5025663862912633 -2.37482935842579 4.280228336742776
-2.824492575277827 -2.677046010898058 -2.4193657573739604 4.747420630573522
-2.944598394642075 -2.1430976891986244 -2.7506649601046096 4.423176952313628
-2.7803753258423836 -2.5192441906365928 -2.3416128443394664 4.884136424065857
-2.901238176762977 -2.190467002809775 -2.8255602860561986 4.952897621389722
-2.832331610224348 -2.329921872792973 -2.6321392040688845 4.096260089370106
-2.786947053264376 -2.577023926456792 -2.4214512066610885 4.269418654704295
-2.9023243875841556 -2.7219507111385437 -2.608750112848705 3.808355579207536
-2.9684906621810976 -2.7639042658982755 -2.6007076950589414 2.5048652639953777
-2.7255256683184332 -2.2393380195018695 -2.57601339153185 4.96630827792987
-2.830211013458801 -2.3041021534488686 -2.573149751798995 4.581329741525067
-2.984835087846 -2.437911244659641 -2.6263101919769336 3.7824146932943634
-2.845892249009058 -2.4031559636236666 -2.4852425387277943 4.412181692565479
-2.90836337638551 -2.4372016987196834 -2.636403708668717 3.548496203629191
-2.6979155218784974 -2.3728501824502186 -2.4448871237127534 4.011610237388877
-2.8943417327081793 -2.5303866203532426 -2.561663671569205 3.942241553691527
-2.9180458767976614 -2.5260504174886824 -2.4887211233629642 4.326641688411833
-2.9208226976271296 -2.623879611418778 -2.563833753720063 2.900900043833996
-2.9963630244891704 -2.6120936018430227 -2.5818854660737567 3.8950075453890225
-2.993222652324551 -2.489140840267914 -2.7775539056305556 3.059828929701837
-2.7268588240651765 -2.322127187003047 -2.4023767446049473 4.33244413067798
-2.848224591369845 -2.8060301385108253 -2.3028445970443037 4.920867071478645
-2.922159180605308 -2.442386007657011 -2.6766343956621466 3.0758330772185603
-2.8585679502875228 -2.453485500168717 -2.5482769716259432 4.25548805610748
-2.9612600073439763 -2.3601943716466165 -2.635600895366747 4.77908793369121
-2.850411473759148 -2.46944932335252 -2.441355742183634 4.749130044142705
-2.998070760954479 -2.6968409495010857 -2.5438990162507986 3.63612538145767
-2.9866933883018034 -2.4686600241980097 -2.540627682203844 3.9931377909922374
-2.8289739021659246 -2.4493299159122452 -2.5128873807207626 4.38284788471584
-2.9820289260888178 -2.4887160223034344 -2.6149870900634413 4.1228730389299955
-2.9150496159939308 -2.5628476644011746 -2.7793351228658767 2.8776721787690276
-2.9898959542288424 -2.1499346789267317 -2.7716622786863887 4.780570126913716
-2.891780078205378 -2.628602631408014 -2.5221938889704694 3.1373170330216817
-2.990817197348081 -2.7514219460180422 -2.6373500522965974 2.708628028801238
-2.894175436985713 -2.2544300639477703 -2.8681696303251294 3.4637330822767085
-2.760870169153932 -2.3494226743451954 -2.679911413189814 4.11540522397721
-2.7416965334001167 -2.3019041173619352 -2.5650491226423044 4.372115606896918
-2.9613153438765294 -2.4884309760509167 -2.4860495951655297 4.639228327392818
-2.900557636028147 -2.4177099596572527 -2.599437490332172 3.519993625003838
-2.6959364364877696 -2.4595583901891254 -2.4456052726749453 4.170421468654818
-2.8756366826868534 -2.2986617408665824 -2.6887071038316943 4.256150523977407
-2.852766882796663 -2.3736672859516226 -2.5946316046096523 4.79806485778628
-2.7266487130794355 -2.2433138767527154 -2.5409451272376384 4.01608287980647
-2.9240564806517506 -2.6157993374295487 -2.525079727735969 3.495557412873482
-2.929026405609137 -2.3175969164846655 -2.719485239769133 3.7988299973255812
-2.92252137463792 -2.802139358134801 -2.4064940383958273 4.626054507006353
-2.8515146654739287 -2.504871179135038 -2.4314076437997834 4.953210074578718
-2.939219859906298 -2.509720105983135 -2.4825048704589947 4.889383016354132
-2.885129597658548 -2.2822000083164964 -2.7005031200457217 3.761993134459629
-2.8933713824785365 -2.2563741576008636 -2.6825544526359524 3.3892705856769703
-2.887536453274694 -2.6187056131027022 -2.5236748586835764 3.1339338321961154
-2.9599317612419154 -2.2452504733849743 -2.547893480336749 4.643716983906238
-2.9260881989321916 -2.5851964737011723 -2.562957772034015 3.2934859062067563
-2.900447125719576 -2.7798575481050305 -2.5874157515405796 3.002319973155904
-2.9953360231677206 -2.6302439996535254 -2.4118108084497814 4.806441353350112
-2.955113440549423 -2.5344351953349253 -2.583270117585216 3.730120589875937
-2.9112040057858044 -2.460725255404181 -2.566271109689522 3.897434179902691
-2.8580145588116674 -2.186225056761256 -2.7069967004463007 4.438357577172246
-2.961731279759562 -2.6412337039003466 -2.5471404405412525 4.518779986906412
-2.8203538746013153 -2.273775561816675 -2.50989731413137 4.998354027496634
-2.936314398454902 -2.313683538552239 -2.7188174935988316 3.587647443179038
-2.986692608790078 -2.373523924003816 -2.6322783689635387 4.203420475890195
-2.986076710790668 -2.4172549685801688 -2.5738183696450228 4.094919532661295
-2.9403572760074157 -2.2407405561988054 -2.650309676845419 4.863067040652405
-2.7991324273478373 -2.3471531850833323 -2.5172870878878504 4.729823021025709
-2.8570616558086246 -2.3967586142804636 -2.784608129915923 2.3728465256273363
-2.748228459792338 -2.5007734758160978 -2.4633028643656734 4.464743163060456
-2.746618456052194 -2.2014118225052943 -2.5447730396998636 4.4970893632634015
-2.7825100171885784 -2.515296627540317 -2.3471427535210823 4.912841574590205
-2.9384927598083874 -2.606774274911678 -2.647818058242791 3.351887314576284
-2.795429289255766 -2.3980189961949314 -2.4412677212761698 4.613667030280394
-2.9812355386841034 -2.432509066378118 -2.5959975408642673 4.070679569023286
-2.8545548949585866 -2.312360215744631 -2.6368561638164447 4.557610706434
-2.9197216549525304 -2.4539324533979707 -2.7657366765334284 2.9810280926137698
-2.912144348448417 -2.397558594511679 -2.566731770876237 3.858898988597038
-2.8888506880192573 -2.55358078582191 -2.5094885553146007 3.470739700506755
-2.9647192851714745 -2.616348705262128 -2.495848016390477 4.182859764075356
-2.90872621500226 -2.4897308580374147 -2.503975073128485 4.885191410843716
-2.907507011854701 -2.388557066988876 -2.456518921563581 4.962978667745624
-2.8952827942600896 -2.4213379869274965 -2.613726963510259 4.054436733016958
-2.8483959164923376 -2.318288048472886 -2.669181012830672 4.753381940688871
-2.922656655834932 -2.6844674449287798 -2.482718137191655 4.869943015033087
-2.8060812179061774 -2.36003907209432 -2.4945692423834496 4.364778178839155
-2.9699814826597657 -2.321774134140516 -2.832995334227116 4.637643239364258
-2.962916433232647 -2.517581525958448 -2.5120514407737757 4.8895232196445875
-2.98977944751127 -2.768921886039031 -2.4579314149674882 3.621516595365121
-2.902704198116741 -2.252500387231287 -2.601881396021056 4.38701686799852
-2.916473115845527 -2.3727105117719383 -2.808263241923167 2.6888296021906584
-2.8770646159560984 -2.3808717382175564 -2.5269627008841153 4.233600934178238
-2.945983118672762 -2.495575521067494 -2.595280052091559 3.1480701230203003
-2.945205488883483 -2.4122122575351073 -2.720970648998957 3.382561240304814
-2.9381853838659895 -2.493770120868394 -2.523544164735114 3.4993391875865902
-2.882035329938559 -2.4168860317053342 -2.671158153274121 3.6601987183964004
-2.8467614601066713 -2.4652981448428157 -2.3719873072547717 4.591539032071488
-2.800097338498712 -2.6120833609049567 -2.3149888125583766 4.707963852794864
0.06800000000000006 0.07200000000000001 0.09599999999999999 0.07600000000000001 0.07600000000000001 0.09200000000000008 0.09200000000000003 0.09999999999999999 0.09600000000000003 0.088 0.08000000000000002 0.07999999999999999 0.08399999999999996 0.09999999999999998 0.09599999999999999 0.088 0.08000000000000002 0.09599999999999997 0.088 0.09599999999999997 0.08 0.08799999999999997 0.09999999999999998 0.08000000000000007 0.07199999999999995 0.07600000000000001 0.09199999999999997 0.08 0.08799999999999997 0.064 0.09199999999999997 0.08799999999999997 0.09199999999999997 0.09999999999999998 0.09599999999999999 0.07999999999999999 0.07199999999999995 0.092 0.08 0.08799999999999997 0.092 0.07599999999999998 0.07199999999999995 0.09999999999999998 0.09199999999999997 0.06399999999999999 0.09199999999999997 0.09599999999999997 0.08799999999999997 0.064 0.09999999999999998 0.06799999999999995 0.096 0.07999999999999996 0.09999999999999999 0.068 0.09599999999999999 0.08400000000000002 0.08000000000000007 0.09599999999999997 0.05600000000000005 0.096 0.09999999999999998 0.07600000000000007 0.07999999999999996 0.07999999999999996 0.07600000000000001 0.09600000000000003 0.09599999999999997 0.08800000000000002 0.084 0.07600000000000007 0.07200000000000001 0.09600000000000003 0.06400000000000006 0.09999999999999998 0.076 0.09600000000000003 0.096 0.09199999999999997 0.08399999999999996 0.06799999999999995 0.088 0.06399999999999995 0.08399999999999996 0.09200000000000001 0.09599999999999997 0.07200000000000006 0.08000000000000002 0.06800000000000006 0.07600000000000001 0.07599999999999996 0.08800000000000008 0.09999999999999998 0.09200000000000008 0.08000000000000002 0.09599999999999997 0.092 0.09199999999999997 0.09999999999999998
0.00899590288071472 0.014315954020511341 0.011350446074260582 0.011641078640576735 0.011120628766563438 0.008212502116136616 0.009867211473432131 0.012217980273056123 0.009706048284809943 0.016903656574360014 0.009282449320440181 0.008399573224665226 0.0095495551041612 0.01047249510913426 0.0112803136702943 0.009941610873856163 0.009394252675503895 0.00892821621903383 0.009010503340103561 0.00781582086889459 0.008849536439819628 0.009105346177991894 0.009106306836999634 0.009482951095815923 0.010836529722633341 0.008196823224725633 0.010668593631660788 0.009382436176217694 0.009051104060593824 0.012036478126081053 0.009716211080437834 0.00921340041628006 0.00904870208371612 0.008996937028644137 0.009854661916972382 0.010769732565162653 0.01475905430560091 0.008642340063723988 0.010398578892963167 0.011805620977173333 0.009657676773536333 0.009060538460971879 0.010058961247607471 0.008688139923945681 0.008030976345287603 0.01039950251703378 0.011103383354563198 0.008266922787522165 0.008610613073616798 0.010071150731000681 0.010146817951348369 0.010502806787793393 0.010926935292918716 0.009627428517197766 0.009217179910865457 0.008617921098434294 0.01047552965451589 0.008768198300158386 0.009494248867630388 0.010650130633684881 0.009011799269860673 0.008799496531487656 0.011152871314155814 0.010438213001103196 0.011063791214313508 0.0098494923149755 0.010105613775736808 0.009384614706044335 0.012554598801669582 0.009896739036877449 0.010869361174526906 0.008765843275700938 0.009278627173674782 0.009824246631533362 0.00943763739360526 0.00908868138367607 0.009512368332645176 0.010618173353015844 0.010332866852244245 0.008718786125260914 0.008332959184063867 0.009198873272584328 0.010914760583756136 0.01083859924062263 0.009294256678723314 0.011863366246666788 0.011152085430392237 0.008748422794061008 0.015404775477458998 0.011304913746886712 0.008990146001765368 0.009890509967970418 0.01092374742977089 0.008880486994941981 0.008935223637383923 0.009857387370487494 0.008478554224595038 0.00928972773639801 0.009007853000596136 0.009286922755410753
