5
100 100 100
11316 3624 1033308
0.8 0.4 0.1
-----
100
11316
0.8
1.8901992773160785 -1.3456148107947237 -2.7619348831508668 -0.5350976642807765 2.6315039009379335
1.962197682759811 -2.9497777031267365 -2.6920427173927597 -1.4912927039969701 1.719227935711316
2.334283384176473 -2.5876117387094073 -2.507790716144214 -0.5393885514954082 4.486397812879153
1.1505967680025275 -2.3822748678311108 -2.950543455736205 -1.274677324233004 4.015735500229391
0.8646605626710908 -2.688981224538012 -2.8813225269558984 -0.6504289967829928 1.1044956668805161
0.9950942800195937 -2.447364425275332 -2.611739379824473 -2.090180491116208 3.6351344167053146
1.175033116439538 -2.2788079181898326 -2.7672680598839956 0.21340827289815234 3.694726837381317
2.916484039813037 -2.8195593564542816 -2.91206653304862 -1.4472300501006408 2.713518653778262
1.9744185751878494 -2.8311345070726106 -2.580129874048815 -2.7431235047743563 4.324592646983979
2.8381608018803277 -2.9942047448112072 -2.905708369520753 -2.0291951782308413 2.719342450149104
-0.33346097066128966 -1.8967872206222562 -2.8738304761489704 0.0045454519304328755 4.162822338324565
2.9190803563881698 -2.3587388296553877 -2.767856132852477 -0.8771410624217353 2.245686836200985
1.3918075953930078 -0.46941192956730093 -2.8272963367785935 0.4167176335286964 3.762317287624737
2.730158971141721 -2.2110900302188803 -2.740183112603489 -0.7855406874679582 4.417768839212307
2.5579366498676865 -2.9652283533058776 -2.974390760986939 -1.3305598278123947 2.4291758359275004
2.7325796752417384 -2.218044486965555 -2.6418722545556435 -0.16428569041995011 2.043914831373761
0.3395055546822374 -1.6321789979358203 -2.991813652404449 0.061876936579734476 3.79172005119784
2.262017596919214 -2.700344433484708 -2.986464319129392 -2.1289992797980943 1.6829164962086063
0.5169443939267864 -2.718305013156804 -2.163713778610315 -0.6095139804695213 4.92369258218244
1.8887359700037525 -1.3560392207322618 -2.7017255905289455 -0.5328284934919916 3.4201940733405434
1.9384632326526496 -2.6008415593018746 -2.4670795042953166 -1.8487707870785446 4.513239164038748
-0.08247163836712135 -2.9482129649110504 -2.649769127080531 0.20734961745809288 3.422003672084001
2.7707886876495067 -1.0484086468403762 -2.4944967357164023 -0.16961714187350463 4.454874573738994
2.8462388010340973 -1.6703242656183206 -2.4171892321769963 -1.609064304188623 4.783865706964868
-0.08456772506231625 -2.310346818754294 -2.6535096504282034 -0.9215779164455702 4.22982134000454
0.815205372259947 -2.369173964905604 -2.829347720019165 0.46882270702321405 1.2547187358612355
2.5708846328722483 -2.982787229337773 -2.5821133326851 0.14883368651664863 4.928111986251331
1.7795222837437699 -2.755369445229942 -2.528319499166429 -1.7980024989062036 2.4960386067457674
-0.7756032978924456 -2.615654132089821 -2.502578724270121 -0.10343954717818216 3.8511194298401974
2.935396578381324 -2.8714477050431193 -2.6744822658628484 -1.6519319761537687 2.932612933555717
2.062414059525495 -2.855690095098591 -2.6504419064421243 -1.035737998587763 3.2090077626906344
1.2020863475802654 -1.6901918376146514 -2.6868780170627447 -1.1554441748575628 4.729495882607613
0.05684520370355406 -2.073267452588509 -2.8461528774732123 -0.2995652546202634 4.904414366159288
-0.2968363871027848 -2.37013992443737 -2.771379873218902 0.32679157500562983 4.668645601371856
0.9216092444653996 -2.287941396300027 -2.696502704407572 -2.183918477995438 4.3333406905431895
-0.8250380334639833 -2.9327317009710536 -2.7441707674270512 -1.0352984546139816 4.624735187203138
2.2270378631332193 -1.7072792333996305 -2.6502579137108135 -2.201013592138191 4.363287013658347
1.7080312133155413 -2.0738468954551106 -2.3857432774374208 -0.21236914388130934 3.6244972128329103
0.32227847344538896 -2.6590949896285805 -2.6012258691329677 0.049303594193441214 3.480879848479569
2.6966940073382464 -2.4234122254653716 -2.6837450563569356 -0.2830508622282868 4.154354363071018
0.6493296023840278 -2.8507769142090655 -2.891479270854046 -1.482285092915266 1.4208764951792208
2.433842549899257 -2.458296912739886 -2.971516668193977 -1.2770871998011484 2.0657416824756467
1.5457863091639021 -2.461103098450856 -2.889495127055938 -1.2403537599718204 3.7837745502132747
2.9998495069813416 -2.53050552018445 -2.381893415496288 0.3016776801147447 3.120749727729674
2.1285535592376723 -2.7646789987736833 -2.429794504918321 -2.5113189072481363 3.3425324033192396
1.270197486791405 -2.7994890132532118 -2.4716042336000594 0.2084874204664784 3.0078725281797967
1.615870544895884 -2.9146756894234236 -2.6113348324077816 -1.8849446504586715 2.038249228518725
1.3183177001368946 -1.9508328782688737 -2.699041191833275 0.04502398654429207 3.596239490218113
0.4423836099955216 -1.7377905706205539 -2.9094790554267855 -0.7628071080103536 4.190837019787135
2.6677569104414705 -0.7105958368425056 -2.827184832174012 -0.050610651287311015 1.5356976735171768
1.5934916633591136 -2.7515431987652597 -2.7995189122569233 -1.48887959773855 4.931042670565229
2.5693417029798535 -1.1691402357798517 -2.5151109889721783 -1.5506855368619634 4.660079179793631
2.0066580298270917 -1.7613834985349262 -2.9809276822931086 -2.1569475327414596 4.933317457110599
2.2803821473361303 -1.5951023489406482 -2.702754704381983 -1.0669247706143516 2.249249308240074
2.291764405787319 -0.9933535027284282 -2.6831160804543277 0.06558043650374001 4.079564701038078
2.757542551752138 -2.002221544030571 -2.527767738170271 -0.8949700269215328 2.1861160242749964
1.5045714529351333 -2.824893388697553 -2.9859054331566734 -1.7518329191806594 2.507593788796687
1.3714087232921006 -2.495531939886861 -2.568291950453712 -0.052541378043459375 2.9502550720037557
-1.987458132442137 -2.9949599389416752 -2.9033582068459065 0.2617710881654438 3.578890872056155
-1.9562687484294483 -2.8077806284412095 -2.8811126206657636 -1.4197363062262394 4.5438882607521425
1.0948030911797986 -2.9893058444100458 -2.884599656115877 -0.8698050891323579 3.5625993999562255
1.764318567392074 -1.6985887650181692 -2.859815095146367 -0.737687363662078 4.777262201670014
-1.5732040824530222 -2.9914941463474816 -2.951175299873135 -1.35352137364448 2.6168053074198583
-0.595489462623517 -2.7212187012135445 -2.9706094958152494 -0.8762460131535428 3.9752377154177654
1.2057745017067782 -2.680331758832974 -2.779444796675889 -2.7181174046449788 4.998779712156982
2.7785828461970183 -2.783960260600578 -2.5765309810081383 -2.3184201499341137 4.077861558320478
1.8705478324592608 -2.860082604499584 -2.20062120573927 -1.315192178086841 4.728484366943924
1.4439960399557634 -2.3798134511852327 -2.954399499354617 -0.6465735076460337 1.466060591241919
0.9772625002441804 -2.5145703753274917 -2.919034957815723 0.34349792734822504 3.9190010682182805
0.9778080654532908 -1.3346865523813216 -2.7800445362348603 -0.6124371186753952 4.8331218668425935
-1.4338162169625694 -2.8572311700288244 -2.849521924791998 -0.6494300865535605 4.894758793316104
2.7657005072343903 -0.7377193255042096 -2.7457565828420885 -1.085025558558233 4.894924942579621
-1.661438897203844 -2.530053326540238 -2.883260880004974 -2.008867655575834 4.320354793500407
1.4063532017142055 -2.0705552042521407 -2.2501231723996717 -0.19843008106763937 4.879657967444938
2.3287614497533538 -2.3233321273571406 -2.4605831337993607 0.08071824718612408 4.2185093714766575
0.42510877887016063 -2.1743457375145727 -2.8584883417243527 -1.769876437312597 4.127100668479837
2.6763655275063805 -1.0180917900339348 -2.8321602584722925 -0.1324012756006554 3.447370150168143
0.15243110375035318 -2.893830754431589 -2.541887948832145 -0.4166867257746478 3.238651517388569
0.5617756724091709 -1.209500898165199 -2.8596950988065477 0.2760515967369046 4.8607752663727
2.6730322147678915 -1.777422706575564 -2.891239812389469 0.39024543480033813 2.6471369820145108
0.8119178977289327 -2.104712343588833 -2.534801752074253 -1.2337593949034222 4.595403132244883
0.2825787152854753 -1.9383697512644167 -2.4555127132642554 0.040274047321973594 3.472800924782348
-0.388670238569615 -2.59914881831928 -2.512310113324054 0.2029787120578166 3.947282660263649
-1.2319503239332175 -2.6846155910663994 -2.7590604849531633 -1.3813069966852138 4.378066143935756
2.8698520796151037 -1.8739198999679796 -2.4864157022093614 -1.479532500141497 2.600455984654487
1.2615104893414824 -1.5383777193983188 -2.7773902443142453 0.4659172468512498 3.561657251063929
0.3268169070886917 -2.884621352028318 -2.8623323575844863 -2.6463577628690294 2.9204791799672893
-0.20854505852156624 -2.9541457236919624 -2.6428644334328286 0.11445417841862593 1.960852039178751
0.6317435668549454 -2.268216660609213 -2.9449717606325896 -1.8227085198986948 3.2883376714685095
-0.8941261134873733 -2.932157968638038 -2.7056384934803357 -1.1443098113130827 3.723842791763299
2.8598148034483213 -1.297028251018335 -2.7202813509130888 -0.9759443051503895 3.4734079481804825
2.7406002996415255 -2.2747459673128634 -2.9125814389889055 -1.5946514463075971 1.9536507106422951
2.631169669164824 -2.1946493843392654 -2.8308167220071816 -1.6363254481456457 1.6194854608086728
1.2720493573473615 -2.085054479936916 -2.6003727096647298 -0.355401606962912 4.005943581341271
2.317937119318504 -0.16359252665938762 -2.8204532372736266 0.34378973537417323 2.8454963429493105
0.843246160062606 -2.988735060947342 -2.624356679566694 -2.928192369466454 3.198716017419877
-1.7279976130934358 -2.932756989245516 -2.7758689689701037 -0.4927709801774851 4.600137239974894
1.5182215140918034 -2.3538951733675195 -2.4568262417331703 -1.0739685412735702 4.971551549447945
-0.2987102273910298 -2.53545394002835 -2.538114956644481 0.33821893940893055 2.4862496075363207
2.9937174826099433 -2.91211866997552 -2.6905098472361426 0.30211542563543814 4.252260915067301
0.6915254237288135 0.6983050847457627 0.44745762711864406 0.311864406779661 0.7864406779661017 0.7762711864406779 0.535593220338983 0.6542372881355932 0.6338983050847458 0.43050847457627117 0.6576271186440678 0.511864406779661 0.6915254237288135 0.7016949152542373 0.6169491525423729 0.6644067796610169 0.6033898305084746 0.5457627118644068 0.7355932203389831 0.6203389830508474 0.5322033898305085 0.4203389830508475 0.48813559322033906 0.6135593220338984 0.7796610169491525 0.7355932203389831 0.6271186440677966 0.7322033898305085 0.6677966101694915 0.4610169491525423 0.43728813559322033 0.688135593220339 0.559322033898305 0.3864406779661017 0.7457627118644068 0.5423728813559323 0.7864406779661017 0.6813559322033899 0.5186440677966102 0.6338983050847458 0.7966101694915254 0.41694915254237286 0.28135593220338984 0.7152542372881356 0.6847457627118644 0.6677966101694917 0.7220338983050848 0.42711864406779665 0.7322033898305085 0.752542372881356 0.2745762711864407 0.7457627118644068 0.5796610169491525 0.7457627118644068 0.4847457627118644 0.7457627118644068 0.44745762711864406 0.5966101694915253 0.5525423728813559 0.7355932203389831 0.3898305084745763 0.423728813559322 0.7830508474576271 0.6135593220338983 0.5254237288135594 0.41694915254237286 0.7186440677966102 0.6271186440677967 0.7830508474576271 0.7186440677966102 0.4847457627118644 0.5593220338983051 0.7728813559322034 0.6813559322033899 0.5152542372881357 0.7932203389830508 0.6203389830508474 0.5932203389830508 0.6067796610169491 0.6644067796610169 0.688135593220339 0.7932203389830508 0.5898305084745763 0.7389830508474576 0.7694915254237288 0.45084745762711864 0.7220338983050847 0.6813559322033899 0.7627118644067796 0.6508474576271187 0.488135593220339 0.5016949152542374 0.6711864406779662 0.4813559322033899 0.6338983050847458 0.7898305084745764 0.6033898305084745 0.5152542372881357 0.7559322033898306 0.6677966101694915
0.010000000000000004 0.010000000000000004 0.010000000000000004 0.010000000000000004 0.010000000000000004 0.010000000000000004 0.010000000000000004 0.010000000000000004 0.010000000000000004 0.010000000000000004 0.010000000000000004 0.010000000000000004 0.010000000000000004 0.010000000000000004 0.010000000000000004 0.010000000000000004 0.010000000000000004 0.010000000000000004 0.010000000000000004 0.010000000000000004 0.010000000000000004 0.010000000000000004 0.010000000000000004 0.010000000000000004 0.010000000000000004 0.010000000000000004 0.010000000000000004 0.010000000000000004 0.010000000000000004 0.010000000000000004 0.010000000000000004 0.010000000000000004 0.010000000000000004 0.010000000000000004 0.010000000000000004 0.010000000000000004 0.010000000000000004 0.010000000000000004 0.010000000000000004 0.010000000000000004 0.010000000000000004 0.010000000000000004 0.010000000000000004 0.010000000000000004 0.010000000000000004 0.010000000000000004 0.010000000000000004 0.010000000000000004 0.010000000000000004 0.010000000000000004 0.010000000000000004 0.010000000000000004 0.010000000000000004 0.010000000000000004 0.010000000000000004 0.010000000000000004 0.010000000000000004 0.010000000000000004 0.010000000000000004 0.010000000000000004 0.010000000000000004 0.010000000000000004 0.010000000000000004 0.010000000000000004 0.010000000000000004 0.010000000000000004 0.010000000000000004 0.010000000000000004 0.010000000000000004 0.010000000000000004 0.010000000000000004 0.010000000000000004 0.010000000000000004 0.010000000000000004 0.010000000000000004 0.010000000000000004 0.010000000000000004 0.010000000000000004 0.010000000000000004 0.010000000000000004 0.010000000000000004 0.010000000000000004 0.010000000000000004 0.010000000000000004 0.010000000000000004 0.010000000000000004 0.010000000000000004 0.010000000000000004 0.010000000000000004 0.010000000000000004 0.010000000000000004 0.010000000000000004 0.010000000000000004 0.010000000000000004 0.010000000000000004 0.010000000000000004 0.010000000000000004 0.010000000000000004 0.010000000000000004 0.010000000000000004
-----
100
3624
0.4
0.8764759944356338 -2.816225148526797 -2.9912706206914836 -0.6537283534966061 3.7341386093148947
0.38955947926439227 -2.3932062630053528 -2.9508273656403268 -0.22801528155090584 4.310067673161634
0.6310395401723146 -2.405706157097113 -2.917762133858522 -0.6940017712900589 4.690440201187486
2.1585440272340772 -2.2278483444713073 -2.9076257777675103 -2.13289454549043 4.452158021971777
-0.4305724156959174 -2.6260772862878308 -2.8273099701520485 0.018230994996220495 4.529928834507663
0.6216471079597616 -2.779912937270479 -2.6964824864294332 -0.39044366244359996 4.1324412187509205
0.889641408992214 -2.869471242641648 -2.7668348842998585 -1.4576284997038145 4.325855150454224
2.023463451574718 -2.7309970968497943 -2.838958810250546 -1.9718845729175634 2.848848732771012
0.15251565762582953 -2.2927268282424613 -2.699935383968014 0.14113108884894218 4.287076676720744
1.4376803193757477 -2.894009509180876 -2.963500919926776 -2.2118739197365853 4.331651032645213
1.4145573248051564 -2.325568258966867 -2.924913069259606 -1.0776375504883222 3.3205816732822746
1.661001122511156 -2.944928790600676 -2.637998581524198 -1.4385258309655213 4.72867142673795
1.6101595310964942 -2.473894637024276 -2.9796930155430528 -1.5053662395730336 4.085825255438103
1.674575699501141 -2.9080223552992805 -2.901743459729425 -1.8365402272007276 3.1047991167661317
1.280109691103626 -2.9013617538969916 -2.995225038096918 -0.8429641444378921 2.084909272346964
1.9397986654473822 -2.0975805179573954 -2.9321959205211767 -1.5905727769690257 4.971790918346295
-0.9433890869435974 -2.940129683778798 -2.9357461704573327 0.27906376784309417 3.0307515312591664
2.251287697641299 -2.9808648258593458 -2.7058131768670166 -2.0591004902194405 3.162461321285594
1.0601795164488401 -1.9774690437172162 -2.748964399430242 -0.25451214816872686 4.393254970874617
1.1318432972466315 -2.823176233070978 -2.755991039485759 -0.9966265591059986 4.716390525769872
1.3822874673851375 -2.8248105987454757 -2.7093314962630495 -1.6006852091079613 4.476245061727561
2.8403598385992272 -2.9444157638506248 -2.565741559229242 -2.335748650153918 4.072567650255745
2.0773437576669505 -2.704457728133103 -2.7452329442490284 -1.4614346840469423 3.918530460471967
0.4630484443620687 -1.9508787108894952 -2.9525012381315903 -0.12286240895877665 4.50300008354614
2.3391714159594987 -1.8368664872779528 -2.701697745725821 -1.2788596968659776 4.701008527177789
2.781478685851353 -2.909245267668364 -2.8412350142582588 -2.4515797406883353 3.146172376807075
1.5623674012275253 -2.9554546387794867 -2.978925350528204 -2.709224464194161 4.108005131799107
2.1649520500316988 -2.162860288786335 -2.876244535069112 -1.6832109315128867 4.203722647564376
2.0760444362807857 -2.8510395116942586 -2.9139685458001803 -2.1027205729947474 4.0192269838373464
1.91474528203541 -1.9774467228085146 -2.979448484961125 -1.1186833864975003 3.419131794466722
0.01810437116770469 -2.994772633372594 -2.645717577730432 -0.3718397685874978 3.929023252177559
1.9696147204835337 -2.667618676574427 -2.674938497000675 -1.69694915950872 3.9945662370678967
1.860992110501851 -2.8259095327499577 -2.7592897911050076 -2.117415765943365 3.078438429534738
-0.8486448746286287 -2.7994720438749505 -2.970058271660099 -0.016865947020054783 4.571197394700722
-0.22578896289879546 -2.9621795673286093 -2.976386265990779 -0.8563098085363576 3.929207416282252
1.3213779638239451 -2.623863942748252 -2.6447562374636573 -0.8238028624072626 4.8275560987843065
1.496546503701871 -2.093404482870774 -2.8427667950222175 -1.133113739346718 4.417401588788878
-0.6216914431385956 -2.69217797631876 -2.8970777454696126 -0.007821797587339696 4.00108722526594
1.2246197170735609 -2.540069413801887 -2.680961034147466 -0.650850412373897 4.206620339465888
2.4802313266182754 -2.8029523657217683 -2.6861547987803314 -1.6787929239787152 3.7555648965178188
0.3134557802388933 -2.8619972742395334 -2.7349063189170693 -0.45791689586889783 3.956191368784673
1.862622321621136 -2.7856829982080136 -2.8446106419866015 -1.5409894700784708 4.018517586176904
1.486748913515256 -2.9772608048830818 -2.8073179299023767 -1.3044170724227517 2.57756365266391
2.5671662606516463 -2.888059108969727 -2.9948376714204477 -2.3116183056075665 3.1928704636960763
2.8675089606579673 -2.6323816954502437 -2.7736821031654513 -2.285118898602734 4.212530391851337
1.909659987478543 -2.785508797653265 -2.947605063188854 -1.8118506791732099 3.9796797778976347
2.083364072743725 -2.5902688004023786 -2.964967038437779 -2.499686438496952 4.732239715417838
0.8856189458792879 -2.352576284834727 -2.854527199722047 -0.2657346271993877 4.028461965076667
1.1703493333658077 -2.9567408915144613 -2.9652719828003606 -1.118328904850447 3.3259047902837287
2.6442567387868707 -2.4254505202419483 -2.962241921303763 -2.365752731622798 2.94889497143062
0.9020807781586715 -2.7658107548934967 -2.7064779758041153 -0.6611498622503877 3.4817203214989485
0.18279222600655032 -1.9800897901103491 -2.952908212110609 0.44811024307504677 3.3633355588446094
0.9638010611367526 -2.1281559164904733 -2.996989224258938 -0.0849792754260976 2.699596940677194
2.0879597890890564 -2.889911553463367 -2.731624684628381 -2.0195990465220475 3.3690161236181506
1.6240957275675387 -2.4866991990275 -2.884689296875948 -1.3527590183613525 3.294297855722509
2.6660897644045374 -2.1340685202543477 -2.790700626821192 -1.7775961293368188 3.3074010845327204
2.3730720717115927 -2.3505952833948776 -2.8117224138956542 -1.6009759602418316 3.4443259433890434
0.8468346123071909 -2.8273765444732826 -2.988576785908277 -0.5443399212080117 2.148355144742352
2.3041776437361334 -2.6182096142119127 -2.7512270209244867 -1.7479671083184083 3.310302644980665
2.3106436407206843 -2.753262157588197 -2.8742034664377063 -1.7150817672136849 2.2888458828173124
1.2357662365411008 -2.297159840604575 -2.944848285047947 -1.1017457691006074 4.427673718137148
1.2764676256022207 -2.9866731700724696 -2.8116627662620437 -1.51345445671067 4.085868851761472
1.5409033906711682 -2.33237094931841 -2.742639685675257 -1.2631159306613275 4.770657386218097
2.242209899111613 -2.6092156486920435 -2.6403511031592064 -1.3026722296575453 4.0708775517879605
0.45592493860793226 -2.5161083735986534 -2.7958777802623875 -0.14492136500500918 3.8200514525866573
1.3013918033932113 -1.580572839425468 -2.8938699433169823 -0.1803602817343753 4.121968275496256
0.0810561900409188 -2.2070506101975464 -2.9292039757872486 -0.08252493299198771 4.055660882168201
1.7040027078483582 -2.988093221620413 -2.7501891905406053 -2.361115442274228 4.750576108100452
1.814834931428555 -2.6195105156807386 -2.7521316286032547 -1.6400632746117672 4.38962302178114
1.81438268955645 -2.720866191425713 -2.7877669762259254 -1.3460009319380257 3.0409298605008894
1.167397801558404 -2.4770843220971512 -2.5536377025881727 -0.03911552598398016 4.556764050408727
1.1183822687527138 -2.6515720900707587 -2.890916273672641 -0.844529279133281 3.7418145052513383
0.7974500660030046 -2.432789049577914 -2.683784156010587 -0.2953019776650054 4.401648581365553
1.1806974921699553 -2.9692212652834513 -2.920173166367219 -1.3027302777590886 4.348807385503373
1.2297471753129803 -2.739170896268961 -2.6363462701191853 -0.48268809598995077 3.6599400098894925
0.3840716820572836 -2.5967094695428212 -2.9571411648590558 -0.23304241534660208 3.5828118890900447
-1.2877506285076692 -2.7638650868461547 -2.871898088579502 0.3167852772141595 4.832256518287145
1.8006601402867748 -2.830661693384793 -2.6166972752154307 -1.022067387754116 4.171027770962335
1.8308253579351348 -2.8689070508922945 -2.9033071626374594 -1.7443387243383501 3.6426079491828367
0.6364589052155489 -2.5583336521360187 -2.8072407820677463 -0.7308004242155297 4.127068784664087
0.9436209679780334 -2.4091001366433216 -2.71872344098954 -0.48629764898523975 4.233634461780936
2.909183369559159 -1.7123846135673326 -2.8619584679945556 -1.6585589349729064 3.358904431871558
2.8637472343665547 -2.6897230052141894 -2.8202268456463155 -2.445984035133426 3.5613723311737715
1.870637789256084 -2.884369242998654 -2.631227423517949 -1.2114547857075946 4.405568272146608
1.4435063815208382 -2.8334281764643086 -2.9317833620623843 -2.599813328104755 3.6579414082068356
1.2490507066340184 -2.973929318867116 -2.85004574943314 -0.9401755528539277 3.4846044694815963
1.417920061936382 -2.724619301360006 -2.9037805530478904 -1.5259729536471087 3.818497035554306
0.5477716523873024 -2.9287352741513573 -2.7916287510477504 -2.0300879473432016 4.705573272855562
0.518802850739504 -2.1327876572581994 -2.9923559269824276 -0.4072891019965754 4.449724749981835
0.773406818660213 -2.9725963755348053 -2.7884603932951904 -1.5211599313536281 4.647496939344261
0.910313741207733 -2.519871408277593 -2.5941439485907583 -0.448600407086597 4.910500242802782
2.5174095027480363 -2.4755261548014738 -2.993511797297366 -2.360339986662094 3.2861563060848678
0.5909286812529182 -2.1697011943012705 -2.649037169813662 0.1392814150330562 4.548632589404113
0.6480927416483094 -2.4637356633177774 -2.905587964395871 -0.4290685378789758 3.6520593183362613
-0.24357472182724238 -2.1212418146514054 -2.9263503700908275 0.44519794803877644 4.144583034901268
1.5789174137654842 -2.6308228442104373 -2.953452300983756 -1.1950724491316578 2.917481649165633
1.666289804068954 -1.8049304321226667 -2.745013103079688 -0.906912059809386 4.97867182137717
1.4671335402640464 -2.336784438262858 -2.6603407962519685 -0.9671538771722668 4.328809797131592
0.10486455768794431 -2.8246421599065807 -2.916694404731787 0.4824910991859429 2.890601058331135
0.24109723113647874 -2.831687802536909 -2.697895780099716 -0.9230755962437275 4.974512705822583
0.37966101694915255 0.27796610169491526 0.2677966101694915 0.3762711864406779 0.2779661016949153 0.3118644067796611 0.29491525423728815 0.3864406779661017 0.3728813559322034 0.2169491525423729 0.32881355932203393 0.288135593220339 0.26101694915254237 0.28135593220338984 0.3118644067796611 0.29491525423728815 0.3491525423728814 0.3966101694915255 0.3728813559322034 0.3152542372881356 0.26101694915254237 0.39322033898305087 0.3864406779661017 0.3864406779661017 0.3796610169491525 0.2915254237288135 0.3728813559322034 0.32881355932203393 0.29491525423728815 0.36271186440677966 0.3593220338983051 0.3694915254237289 0.37627118644067803 0.23728813559322037 0.24745762711864405 0.288135593220339 0.38983050847457634 0.36610169491525424 0.3152542372881356 0.37966101694915255 0.3220338983050848 0.3491525423728814 0.37627118644067803 0.3559322033898305 0.36610169491525424 0.31864406779661014 0.17288135593220344 0.3525423728813559 0.2644067796610169 0.3525423728813559 0.37627118644067803 0.37627118644067803 0.3457627118644069 0.34237288135593225 0.36610169491525424 0.37966101694915255 0.3423728813559322 0.3728813559322034 0.3457627118644069 0.37966101694915255 0.25762711864406784 0.223728813559322 0.34237288135593225 0.3966101694915254 0.2983050847457628 0.38644067796610165 0.3559322033898305 0.223728813559322 0.264406779661017 0.36610169491525424 0.3932203389830508 0.3220338983050847 0.3118644067796611 0.21016949152542372 0.38983050847457634 0.2542372881355932 0.30847457627118646 0.38305084745762713 0.23728813559322037 0.31864406779661014 0.3220338983050848 0.38983050847457634 0.34915254237288135 0.39661016949152544 0.3694915254237289 0.36610169491525424 0.24406779661016953 0.359322033898305 0.3152542372881356 0.33220338983050846 0.3389830508474577 0.28135593220338984 0.39322033898305087 0.32881355932203393 0.38983050847457623 0.3118644067796611 0.36610169491525424 0.3864406779661017 0.3966101694915254 0.34576271186440677
0.009865502733514147 0.0097791109379892 0.009196692654449598 0.011869870153586828 0.01040290738888727 0.007787712020687838 0.008268483162293797 0.008952971809246946 0.009080027357272397 0.01314239711493819 0.007886959206546003 0.009733449015821702 0.009656268348423935 0.009190542620781058 0.012109882128981722 0.012224653935989607 0.016760287627273617 0.009840343603986949 0.008018095285153662 0.008454505447095329 0.008564039250149702 0.014102399473366523 0.007647456873356031 0.011066072697074538 0.009705817005723648 0.01258528612754687 0.017183172797096052 0.009307913992181064 0.01107846437511034 0.00975303926528932 0.00932342702868689 0.008045677688008571 0.009138925757983115 0.014315874930436798 0.011038532501704513 0.008390046772638715 0.008016322951429173 0.01092827859547217 0.007067302726675565 0.008672495656404456 0.008013112443527193 0.00829105148239725 0.008652497366262368 0.013859210407607781 0.012022769151165546 0.010218284025893183 0.01688681654270055 0.007784955604122591 0.009412914480712298 0.013095546864885238 0.00725632804095293 0.013606932812692629 0.012170605151857968 0.009049967653672868 0.007578062503323359 0.009186230227471216 0.007993208690044103 0.012632653222884777 0.008060696077915132 0.009679529162826448 0.009004793656477574 0.008535707704849533 0.0081611796635792 0.007845872766788347 0.00782681736575347 0.010344190141222703 0.009921777888148695 0.0130269021470472 0.00821420549866306 0.007434941385075552 0.009224193067311426 0.007613820286773147 0.007668681862588866 0.009835609307409763 0.007441241997013705 0.009667918471124283 0.016419990330793766 0.007985692367370227 0.0090749138341397 0.007272089917862715 0.007128645706183877 0.012004686066981655 0.012216638078666148 0.008582677477924981 0.013092151303807012 0.008018373840905632 0.008299173399966867 0.011286929679595301 0.010777855219999653 0.009592990119671945 0.009168984266801343 0.013500067357336599 0.009368220568654207 0.008111400624641827 0.013060419362166195 0.008584238276121436 0.009609138804654369 0.007204980492092459 0.014504692262402908 0.009764616499263235
-----
100
1033308
0.1
0.5192824433695785 -2.842580925623214 -2.90602188656348 -1.0381169623445379 4.688775846764938
0.5135888404473488 -2.958456263145064 -2.9583883502963677 -1.2758150780214317 4.933035320949494
0.7625228880233539 -2.787133729348462 -2.9349988462958154 -1.2468639643726418 4.694506467599792
1.4380034040531229 -2.8854073904750446 -2.9766282951288088 -2.044562097777221 4.612077414064686
0.9748850410727339 -2.7271719033685162 -2.947754402210362 -1.4026441282257536 4.2501668374988535
1.7134342626119903 -2.9482290844089825 -2.9704608190584065 -2.5049744315735096 4.518133413736281
-0.06622588037620902 -2.7186285635534073 -2.987404534190162 -0.6839246967066854 4.976432364032797
0.12764019378780433 -2.9034982190201197 -2.978199416014896 -0.8132133440700459 4.680399226392996
1.3981287980873285 -2.852435400231631 -2.953588785205499 -1.914937003535937 4.506641430775718
0.20162339057869638 -2.9812102576706594 -2.962393263503808 -0.9054135243274184 4.237201924645299
0.8529026205190716 -2.9512594333954576 -2.879767368926183 -1.5980851367818802 4.47510251155802
0.5280665601077029 -2.9420943020955574 -2.881918427917572 -1.171721010678582 4.670213289559834
-0.6176966658037587 -2.766345505839783 -2.9901563252945547 -0.14479596468775568 4.591786773918162
0.44657696346058634 -2.9998262899919212 -2.9141205171713307 -1.1748609123462197 4.756891837103936
-0.57415061735489 -2.9805571115591607 -2.984090422546085 -0.10549172584073581 4.825020457940664
0.82001018571237 -2.9749289372661196 -2.903750511567515 -1.4046536123260083 4.703638428176793
1.0512170629704471 -2.913250911218338 -2.977052264801143 -1.7742205268479936 4.941399960039477
-0.15448130198553978 -2.948031115769746 -2.9397706275521682 -0.41443392041623944 3.8605686409534816
1.164775592268838 -2.9141123580598887 -2.9723426987761687 -2.1693044646768507 4.842260002912249
-0.31819753370319187 -2.988379875541296 -2.8155726600333155 -0.2890793715749899 4.975732374106335
0.8326091445800485 -2.997192627207045 -2.941858741531424 -1.4033780355696468 4.731091986891719
-0.7545506754663527 -2.904613417770464 -2.897083617883136 0.0580637004168536 4.664848241079379
0.05676964239386684 -2.9752651069352 -2.9845959132660513 -0.5627529786305367 4.32635004160983
1.2704244116040613 -2.9662077024167877 -2.912611062579538 -1.8648786587809236 4.043453514030876
1.2685444108492014 -2.9189640962457992 -2.9980415124695905 -2.2144829811154034 4.937172002332015
1.6769233213858068 -2.930646656432871 -2.9665312515065034 -2.364417017717405 4.732088982422329
2.1896865299037698 -2.9199991250294164 -2.891171257200106 -2.7122852328417504 4.986402326296734
1.9212817995385008 -2.927756640005458 -2.9905558381310255 -2.656932626053535 4.774507642335702
1.7672667383195078 -2.9890744926861714 -2.9994448784200776 -2.6871902461483947 4.484316651510079
2.2128785206311226 -2.9918271419497136 -2.957694153207204 -2.7486993981906105 4.3915221151952375
0.9911537956469975 -2.9769003717471274 -2.968095426822598 -1.7575565827336006 4.0717204380393595
1.4172363793296552 -2.9866408508144975 -2.9775422408658523 -1.8687384870892862 4.301742896164516
-0.07874530987821449 -2.972602431613558 -2.959357072087219 -0.6904290750815554 4.764472440941695
1.1705540555071656 -2.931389098744019 -2.903274682247565 -1.7362982031217367 4.857591957863301
0.2186034570237001 -2.97569767199163 -2.9952973185837095 -0.8659725285249102 4.949658181503773
1.1682926938344118 -2.898117894649404 -2.882158109874264 -1.6924949318765543 4.771063027721311
0.67143240380618 -2.9683679377591656 -2.975474631779219 -1.384376030941704 4.015016805363242
2.14681964615561 -2.9443732183973395 -2.8644915053408244 -2.6966401470589902 4.911608136338158
-0.36476172584959515 -2.8988461734207913 -2.995788451052455 -0.13425683096036656 4.6391876872186835
2.039687192161823 -2.873775481734475 -2.99644186591545 -2.744443462644293 4.686672956252315
0.6912013116431788 -2.9198126219422833 -2.902107471697716 -1.1560216477587884 4.896066786870162
0.8761920781043475 -2.7752682917960594 -2.9925394275361192 -1.3368873764528877 4.951799097665184
-0.47458561735139404 -2.9102541222905214 -2.9593828754493594 -0.05552943193032589 4.926392513193201
2.415249198107065 -2.739987176563794 -2.9733381451531806 -2.885060787817739 4.602473559597809
1.565852177618273 -2.9838652821928884 -2.991431569560013 -2.072134678185002 4.515876890591987
-0.2475183437364679 -2.9196936665664306 -2.8481561696902 -0.17071498651392403 4.6223554207002975
1.03319763904991 -2.9734310990424393 -2.9382639826871855 -1.9380714682182274 4.923219598361693
1.1719272811816532 -2.9941779276072222 -2.9488231604848107 -2.0622117184631477 4.983186777916126
1.885578640359205 -2.962426701426699 -2.992422034760757 -2.5493957003061585 4.092219122669652
1.7889320786396041 -2.9361438784735086 -2.880382576431389 -2.6702285104745305 4.95508187926697
0.692176880895622 -2.9619047634491618 -2.9623952870825314 -1.5831228314258545 4.275819068223675
0.7762422265596347 -2.8117689325398345 -2.8732042768511565 -1.3321171892981556 4.569922295778094
0.7060080632251455 -2.9794145448313762 -2.9097265080364276 -1.312368724391622 4.514414848167874
-0.7272895617886023 -2.894944503947047 -2.891932974753079 0.33376782499806185 4.80998632961143
0.7425981255727523 -2.970128176480767 -2.9694323994727663 -1.7442698359423796 4.80536358266835
1.706371002545676 -2.90568945773891 -2.9009678146842894 -2.0766024993916528 4.3846773758576445
0.08876499265968907 -2.9199243103985713 -2.8783236727196906 -0.7006551800153602 4.707569699713945
-0.7558148467688658 -2.936299819653848 -2.956074256160425 -0.033910805127460475 4.2804027554848165
-1.383013982533987 -2.971897912205372 -2.9388465585950643 0.43813307756433933 4.9111024119673266
-0.6410515343261387 -2.7747548939969784 -2.9972088632749974 0.1721555176262033 4.2806676415777565
1.2298873940433048 -2.7978607486929183 -2.9722561637380553 -1.8369186684104915 4.933419319115421
1.9360770368782407 -2.89018242407718 -2.9836630816319234 -2.760045781001601 4.931709763248896
1.1775809762525664 -2.987240371640216 -2.96705736843756 -1.552583726773209 4.341282463189348
1.103195047014678 -2.8863592477279494 -2.9968108816443926 -1.5802571312553235 4.351368160673652
0.35886449019422817 -2.9923353257796017 -2.834344570946325 -1.1020550101934492 4.730500427817277
-0.8902686823593214 -2.9076079268939194 -2.953191112272424 0.38422027177847906 4.245243923180816
2.0861968787210086 -2.6966487658072698 -2.926218179733801 -2.5687502082701488 4.846850168698536
1.475980284257262 -2.961413349465013 -2.83146067854108 -2.3078436147628385 4.974630676807868
-0.35281669675155314 -2.9672224718855067 -2.9771934656030288 -0.14979643609103932 4.094275166551265
1.4635764908254896 -2.952136438862658 -2.886237368613889 -2.080119846120207 4.77071812813965
-0.05485938806039847 -2.9112274464712478 -2.99867857892312 -0.6748857706245873 4.638325855601453
0.9863225952263539 -2.8769654316082574 -2.924750496608094 -1.5237315410820735 4.9267524906543825
-0.09180044380082089 -2.9385389987205253 -2.988939017918547 -1.0532849890375835 4.67896647925622
0.2494040917502005 -2.9223616621084885 -2.969988058508818 -0.9798587197404759 4.871825775924358
2.4954989106527288 -2.998186120794635 -2.9890625823421666 -2.8562100895310265 3.804944473429208
1.8720092761269718 -2.95143642188925 -2.9216767033747733 -2.4539037727712083 4.666991481776142
0.642899711201601 -2.792746575302551 -2.9887540903939387 -1.3411236955309538 4.853412677499717
1.151097568692208 -2.894085580587089 -2.9576345963937696 -1.4702388856849746 4.398225626107494
0.39585657249072337 -2.890334939015964 -2.904962169929375 -1.2124074232289428 4.91179489482322
-0.8921273419071802 -2.966615741739109 -2.995821786900448 0.34556134888806844 4.608932055692519
2.037762956423359 -2.8132577975490984 -2.8833026438447105 -2.3467988567954308 4.8553593576713885
0.9457046078330271 -2.9731408860946544 -2.9903559716607613 -1.392284557618141 4.312556289487016
-0.26058119837088334 -2.9765268263559337 -2.9651955943685038 -0.4646582830778775 4.383239048319079
1.7639201809165745 -2.951103993802009 -2.9402178001282846 -2.4559139467693574 4.63774820703249
1.9312768908836546 -2.913212361194108 -2.8922043167701177 -2.4360514259639903 4.244582006409311
2.080184455400863 -2.975782133404135 -2.850265882002592 -2.4835747169950535 4.960174064871499
0.4066650210416638 -2.885126900598993 -2.9686670662705965 -1.0963496727501854 4.740167588385071
0.34045298514658806 -2.9047187980289335 -2.9568550300247924 -0.9401629970243358 4.815585678913711
-0.49543644457334957 -2.961196363661615 -2.979017344116379 -0.045290057447269993 3.990551107147392
0.3812938268291548 -2.993839420682392 -2.950022890472183 -0.8329876324122283 3.694736114929513
-0.731261531089616 -2.9626446853188124 -2.9978531009108083 -0.1105410815721341 4.648414448503507
1.0350043235547077 -2.9876875495854 -2.903575856695312 -1.8899070754019827 4.82670683691235
1.8412773193102194 -2.948639674417943 -2.9674231785794767 -2.292530820460176 3.911889645990642
0.8035089305040766 -2.9707647177225143 -2.9620608528329506 -1.6312758863176688 4.903705744888701
-0.0724563032623669 -2.992396420119783 -2.9331611499032535 -0.3525479561339535 4.017017275953603
1.9819653388825968 -2.952537729450647 -2.9988539690050695 -2.8668566794838934 4.967718978077595
1.8501917438838533 -2.968810680829353 -2.954347439892574 -2.2466656800731917 4.224086367882726
1.6558752397254266 -2.940789803229221 -2.864518053847422 -2.0615728995270772 4.597148322224557
1.602989093792939 -2.8464612696339313 -2.955222962928178 -2.0706927981024164 4.545266800287139
1.766531313007934 -2.9460458933872204 -2.9316994095671385 -2.5418258344183453 4.717609471390158
0.09491525423728808 0.09830508474576272 0.07118644067796612 0.054237288135593226 0.09830508474576272 0.09830508474576272 0.09830508474576272 0.09152542372881359 0.08135593220338977 0.05423728813559325 0.07796610169491525 0.09152542372881356 0.08135593220338988 0.09491525423728808 0.09491525423728808 0.09491525423728817 0.09830508474576272 0.09830508474576272 0.09491525423728814 0.08813559322033904 0.09491525423728808 0.0847457627118644 0.0847457627118644 0.09152542372881356 0.08813559322033893 0.08813559322033893 0.09152542372881356 0.09152542372881356 0.09830508474576272 0.057627118644067776 0.09830508474576272 0.08135593220338985 0.08135593220338988 0.09830508474576272 0.09152542372881356 0.0847457627118644 0.09830508474576272 0.057627118644067776 0.0847457627118644 0.09491525423728814 0.08813559322033901 0.09491525423728814 0.07118644067796609 0.0847457627118644 0.09152542372881356 0.08813559322033904 0.09830508474576272 0.08135593220338988 0.08813559322033898 0.09491525423728814 0.07118644067796612 0.09830508474576272 0.09152542372881356 0.09491525423728808 0.06779661016949157 0.09830508474576272 0.08474576271186443 0.06440677966101693 0.07457627118644067 0.06779661016949151 0.08474576271186443 0.09152542372881356 0.09830508474576272 0.09152542372881356 0.09491525423728814 0.08135593220338988 0.08813559322033904 0.09830508474576272 0.09491525423728808 0.08813559322033898 0.09152542372881356 0.08474576271186438 0.07796610169491525 0.044067796610169574 0.09152542372881356 0.09830508474576272 0.09830508474576272 0.09152542372881356 0.09830508474576272 0.08813559322033893 0.09830508474576272 0.0949152542372882 0.09152542372881356 0.07457627118644072 0.09830508474576272 0.07457627118644072 0.06779661016949154 0.08474576271186443 0.09830508474576272 0.09830508474576272 0.09830508474576272 0.06779661016949157 0.0949152542372882 0.0711864406779662 0.09491525423728814 0.07118644067796609 0.09830508474576272 0.0847457627118644 0.08813559322033898 0.09830508474576272
0.0080845189717038 0.011260364437931146 0.007702459831082463 0.007473357437366816 0.006189827327914633 0.007914929285487428 0.013388352050939528 0.011087496595970334 0.006564275666464177 0.009351346949827314 0.006806196417638764 0.008202954339312535 0.013210699561277883 0.009675331023771196 0.016993997466284265 0.008011279467019194 0.009931933671253319 0.010023271928397609 0.00925511413009774 0.014821864507191902 0.0088606406900104 0.013766677938977186 0.010925103685354398 0.005895213279117032 0.010631821093245244 0.00842091859341703 0.011050737366702675 0.010194750028896962 0.009249754554711633 0.008742476746820481 0.006930186902546022 0.006964743737097095 0.012603021740392833 0.007922326174157437 0.014564435541588216 0.0071584403515521635 0.007694638338512908 0.010329915344751795 0.013967475670837618 0.009967744819795885 0.009128015577178097 0.01037612227423735 0.015674215217389032 0.010107223726855977 0.007881271206568159 0.011265383234315514 0.009454326376509203 0.010187419403990275 0.007472898427119262 0.010027746658255763 0.007649756158104272 0.006683088437528048 0.007646285793792886 0.01571336584420649 0.009934130100498095 0.005959933474544145 0.00976841460526834 0.013336769468474686 0.02384052010370871 0.013346670781921956 0.008961965649169271 0.01155744348443337 0.007156931482932774 0.007339616065182444 0.00919902444328025 0.015133165064713554 0.00882692485219864 0.009123144460431812 0.012157397598218468 0.007442304275437805 0.012362029463811357 0.008616354912351677 0.01268918797722599 0.011851567212481038 0.009426470925317704 0.007858853674472154 0.010091532191520767 0.006732510173414267 0.009807651271124889 0.018968295982299828 0.008021633278380375 0.007917951110933165 0.011671445735067345 0.007870442874018438 0.0062299560965820245 0.009990123801672371 0.009975769028776229 0.01061359544867172 0.012856782708175026 0.008721185128577252 0.016525195694285334 0.008392602894373734 0.006367111676020788 0.010233427168724253 0.010208756190347041 0.013672625286471967 0.006550415194008019 0.00656519256511583 0.006700519401766467 0.008368747022131313
