5
100 100 100
825 1466 20799
0.8 0.4 0.1
-----
100
825
0.8
-1.8455000760758256 -2.0088913451286183 -2.5907116419686163 -2.5255288994601433 0.8271692475614356
2.468195490071931 -0.7502170198681042 -0.9500567535085853 -1.852846692901081 4.3118214596258415
1.4408297942807469 -2.211102638963278 -2.1384179331254662 -0.7753775719702478 2.7905652833267602
1.3246168717060094 -2.216604098093323 -0.8393051760580037 -1.0625177247208775 4.417599256279278
-1.905915827211837 -0.9912168473768297 -2.729536805289159 -1.585770667218281 4.045524268440895
1.8245953657628267 0.17364502717068886 -2.5508684729241615 -2.2124692133189052 4.960764961003776
2.0939328368229795 1.3265112927495366 -1.9212548625278956 0.03827829498550095 2.5966698921814233
0.8798571358440297 -2.1836365195479037 -2.596184140559225 -0.8407897168170715 1.4049610556681036
-2.097578229568326 -1.9207945457133007 -1.3650222644641272 -2.134379109533461 4.6115247816942695
-1.3478444318182108 -1.857866881551287 -1.5159453516852688 -1.701633576876656 4.680437738499333
2.8525687190719484 -1.8549400144066577 -2.628049923460669 -1.097141893807915 0.27757473096912566
1.3233156009351799 -0.5349636958937092 -2.5259487862130237 -2.016901626862308 2.462513333687535
2.07995024578096 1.3314041911095993 -2.6231318605865286 -0.6145577319968121 4.6102590642727375
0.8758477379583818 -2.352720635492231 -0.8976079866334583 0.41831016779124974 3.4292516275151916
1.2365013878956983 -1.2558454367207514 -1.4251810476636373 -2.171539704846942 4.907973515427264
2.497801385357624 -1.0707514174097046 -1.364482016628172 -2.326997082390409 2.6550633800420265
-2.1043481201615895 -2.6930142135163044 -1.7945752855548758 0.3340173247060054 4.960605596919377
-0.07146656711204002 -2.010733021447402 -2.0782912392263024 0.4669651310311682 3.3452157919073446
2.0309666301090763 -0.15335107166728168 -2.9803671908890834 -1.6149314997189737 4.387519417045348
-1.262745911199898 -1.261133554146371 -2.565805043710778 -0.11056604510485979 4.828172203387817
-1.0922697658607734 -2.3484526219885518 -2.718493549120003 0.1102917399083152 1.2427376000122659
-0.17028458445049832 -1.1669241604473561 -2.6383890292980223 0.47539337297264694 3.2786711456388185
-0.10372220920186814 -0.5989958407030325 -1.855442937921254 -0.25315421659407544 4.663804978715612
0.37571701292071946 -0.8247664991577435 -2.3536660891881893 0.30860386591404687 3.1123103502067515
-1.3276297947640137 -1.7345307411468802 -2.7940681031334553 -2.2696101954724957 1.6529742770367761
-0.8081151498478971 -1.6556059277543995 -2.321903053853816 -0.1850073258527254 2.586748885517128
-2.6436311234469216 -2.8522372635994744 -2.4217912459690623 -0.29308629161969524 1.9456235535325994
2.4204623969116223 -2.450646673768753 -1.3304374147532836 -1.7250409140596348 1.9798453998236032
1.9932439650301008 1.1477683475937805 -1.9511950162647658 -0.2052222847491394 3.353274130615725
-0.9735866166227543 -2.8510097886112127 -2.1962836058773285 -1.9407292253984239 2.0125138367339144
-0.14393748455648492 -2.6905676596134946 -2.008528047052304 -2.0009721614033644 0.8236643891356721
1.398383734464666 -2.397117585844709 -2.6837312425456195 -0.5431410517816366 0.7240345872196885
0.2932034700928181 -0.8313596532485712 -1.8632994712254352 -0.8924838244109417 3.892515099909535
0.5998825734377426 -1.554141790275668 -2.675038527349508 -0.04641738833137854 2.3294193403479557
-0.8542893560115838 -0.7998797027472779 -1.1135177163994268 0.26140821951288196 4.762837981705132
-1.3805233115098363 -1.1233541549003636 -1.9713701212736403 -0.2748210738573609 4.16513211048048
0.5310814418706049 -0.8726579589029195 -1.0642250385225647 -0.26647269702114507 4.500296774857545
-2.1117177913040486 -1.1722684917774004 -2.8291397894499943 0.3235224199782625 1.4375352806579966
0.1567316381130568 -2.879569768478707 -2.726873208225665 -1.0705796708653548 2.815495476954192
1.3455926259580773 -2.1373524817499816 -2.1859195069272213 -0.8213908286866838 2.1233974002078417
-1.9175780729330159 -2.3928780935965417 -2.2592614633353976 -0.2950660988885625 4.21941276083021
-1.8351983766317752 -1.0939210978604228 -2.5693074298972416 -2.7916166500129354 4.788624064464352
-1.0583772381057832 -1.8781568503959059 -1.1232700714503276 -1.433630125071435 4.323076370488584
1.002559430113699 -1.384406196993579 -2.0333436522923867 -2.8554012131891806 2.1065920212159184
2.2298603772786203 -0.8910135654564839 -1.6628156612641702 -2.516405308495812 3.3635917600542884
0.9685839320491874 0.2395273585820381 -1.9878015021342952 0.49156319661433434 4.2055111337704885
-1.4219731389063646 -1.6294731367671056 -1.403919243948779 -1.7390045950758788 4.878427767493674
1.6018529273646065 -1.8815266582029118 -1.5702410054212135 -0.5244024274588934 1.6831072073063358
-1.248035282794799 -2.6581449271361977 -2.2340822964209623 -2.8637133941153126 2.507398018835565
-2.209112168863751 -2.7553679005652434 -1.8826024171751552 -0.20082233557726736 1.6515573303369258
0.8946635930331501 -1.4337646025381456 -1.4579378682482051 -2.65780609402867 3.5717585614100003
0.9250142579839316 -1.2218388363163188 -1.7700607556929961 -1.3878323240046102 3.4257445332319403
1.4579683484524804 -1.5426263074017017 -2.4232695306809497 -1.070878637918916 3.0925720441019813
2.9696330238203306 -0.9121472500448289 -2.8241355313548477 -2.5245046939081917 2.6071459494015037
1.9449473452187798 -0.3869368407240641 -1.7392227836898058 -0.763142263399442 4.6220334272756105
1.9064300183021539 0.2947959029523357 -1.9365202292784636 -1.209189871833531 2.9579889227313694
-2.5472736552511814 -1.9574293939817848 -1.2947862544448538 -2.1632133005505576 4.572339106064264
0.2348764167348354 -1.594661483448442 -2.5605490344952306 -0.5731046803307964 4.046474081768872
-0.227623362175557 -2.714098062051332 -2.761808064128097 -1.0950293256810784 3.048212141345441
-1.9077983478633396 -2.763607391528899 -2.5141201140569622 -1.5009001899214214 3.7572055446145947
2.811730403659384 -1.2128770588652045 -2.1429017378998365 0.3130919640115781 0.30259653382079255
0.8386503857798107 -0.968395942838677 -2.2093741508975633 0.0048921629729647975 4.625308142693018
1.9627354208295866 -1.4834858524730525 -0.6430737562104416 -0.7208150156204849 4.938118823301299
2.684016526859166 0.5682110301735199 -2.5798376002066665 -1.6108439771672813 2.407078098234763
2.9742819870223274 -1.007284320580355 -1.8162204936641255 -2.6795214941320564 2.7112269716389226
-2.1619117556148306 -2.665800194235519 -2.2334050366722837 -0.5074392699797001 0.8400980693133708
0.7051888790766614 -1.9369976743318151 -2.5014981643921073 -2.8205846919214568 1.7335932154376443
2.4581769154969724 -1.1758030583406112 -1.0917364863255479 -0.5168064805518902 4.357669739482423
-2.585467107679511 -1.3707722212486684 -2.7538293714545476 -2.088324965996099 4.613785040882305
-1.2923865425233352 -2.001641772539977 -1.6016961510765775 0.19053129200841123 1.2970767271439487
2.941153320067058 -0.875991007792293 -2.2554828456756844 -0.35596200305905423 0.21118180288019817
-2.845052796612351 -2.2681082976827383 -2.636076891985022 -0.18835977836326823 1.1190610208163065
-2.382329147579039 -1.515074711742375 -1.757046505663709 -2.8478314185110603 4.114754624927426
-0.5680223927686554 -1.7368419832450477 -2.8873357141188714 -0.7570561129727573 4.503767045223976
-0.3454487261167354 -2.8243553185364796 -1.121308254140223 -0.699066957466159 3.918603896574011
2.735477004582892 0.4612129680055119 -1.5286081539077565 -1.4340174991303054 4.281999216777202
2.0021317729491273 -0.2501767144423783 -2.1104426591425085 -2.253799202532136 2.9689021019856607
1.8536038188191766 -1.1376140483309891 -1.2390658618500838 -0.6592890474002657 3.2816989943590427
1.7603813192421995 0.3365054785657273 -1.2478720909443632 0.26569648564267556 3.3237285409367945
-2.7112854242622104 -2.5309796336425725 -1.6383407994766146 -2.955604957664993 2.7424977241364967
1.7349251361511637 -1.283632554243963 -2.0073028907535613 -1.1552241617508652 2.0229524301140076
-2.662491564824083 -2.5065690029519008 -2.4565261974825305 0.39747872430093656 3.3937081317778195
0.5148222414156631 -1.3401828515170586 -1.4237913100377493 -1.6372594631311466 3.2660006057169246
-2.2593369912684267 -1.7095017875114058 -2.92175677496856 -2.318264449588086 2.4529073604279206
0.7579082166941475 -2.8281318835159137 -1.8039684412720929 -2.707243326903163 3.152419918456042
2.359115412324325 0.32548687343437566 -2.827897191738808 0.3366632656089381 0.3743385931218557
0.5226646957140804 -0.8608298734332736 -1.8180984589501352 -0.2862476869230588 2.4914319112235814
-1.4996798989846911 -0.7994292348557055 -2.354532114273294 -0.33523885555325084 3.1266935652274963
1.8413716584754312 -0.025364402676020692 -2.2064114024527655 -2.2694924708759667 4.9320879094175165
-0.44327969260585487 -1.7951120258179336 -2.2906189158391506 -2.243005240730416 3.596595637176927
0.4331033454339961 -2.61788076532906 -2.104773557204608 -1.615169201554517 3.542123447133249
0.3859115837174487 -2.033334774404695 -2.7520564485653214 -1.5256820771469346 2.654855756036846
-2.8284222158618118 -1.59029143879971 -2.497441586687168 -0.33535084055526543 1.4926413475278166
0.9138573977835174 -1.6290422653905 -1.6443326862608094 -2.722122159604325 3.081506780474359
0.891952923485984 -0.763009065469082 -2.375332727413554 -0.8665442162802313 1.7882963107095917
2.933606658796471 -2.989003162586972 -1.0422156263548805 -0.6174726638750325 3.12996215303738
-0.34659341883296113 -2.611830965630877 -1.8734154370482479 -1.0496977448609612 1.3571857221458594
2.761915879653083 1.6711853847411717 -1.9015925132532092 0.3294028868196728 1.1427178964611384
1.4842732399164635 -0.20499521237097085 -1.0024327945967144 0.04010226224420732 4.67498239061212
-1.0030515180315276 -2.495468239958369 -1.2578344321367525 -0.7763530103529455 3.4022841343872265
0.7966101694915255 0.7728813559322034 0.7491525423728813 0.7627118644067797 0.7898305084745763 0.728813559322034 0.7593220338983051 0.4915254237288135 0.6474576271186441 0.5898305084745763 0.4915254237288136 0.7322033898305085 0.5457627118644068 0.7830508474576272 0.6305084745762712 0.7322033898305085 0.18983050847457617 0.6101694915254237 0.5728813559322035 0.38983050847457634 0.17627118644067807 0.6305084745762711 0.6474576271186441 0.5186440677966102 0.7152542372881355 0.3864406779661017 0.288135593220339 0.7016949152542373 0.6915254237288135 0.335593220338983 0.7220338983050848 0.6847457627118644 0.6677966101694914 0.7830508474576272 0.7830508474576272 0.6745762711864407 0.7288135593220338 0.7966101694915255 0.6305084745762712 0.576271186440678 0.2305084745762712 0.7627118644067796 0.7423728813559322 0.7694915254237288 0.6881355932203389 0.44067796610169496 0.6508474576271187 0.6101694915254237 0.3593220338983051 0.5796610169491525 0.6915254237288135 0.5593220338983051 0.6440677966101694 0.6000000000000001 0.4 0.7864406779661017 0.711864406779661 0.5016949152542373 0.3830508474576271 0.27796610169491526 0.7728813559322034 0.7016949152542373 0.776271186440678 0.6203389830508474 0.5288135593220339 0.583050847457627 0.6338983050847458 0.6338983050847458 0.6779661016949153 0.7627118644067797 0.7966101694915254 0.6000000000000001 0.735593220338983 0.2305084745762712 0.6237288135593221 0.688135593220339 0.7932203389830509 0.6474576271186441 0.7050847457627119 0.6474576271186441 0.41694915254237286 0.29491525423728815 0.7220338983050848 0.6745762711864407 0.3016949152542373 0.5661016949152542 0.6338983050847458 0.7966101694915254 0.7627118644067797 0.576271186440678 0.2745762711864407 0.2305084745762712 0.7864406779661017 0.6440677966101694 0.6338983050847458 0.7457627118644068 0.5254237288135594 0.7966101694915255 0.711864406779661 0.6542372881355932
0.010000000000000004 0.010000000000000004 0.010000000000000004 0.010000000000000004 0.010000000000000004 0.010000000000000004 0.010000000000000004 0.010000000000000004 0.010000000000000004 0.010000000000000004 0.010000000000000004 0.010000000000000004 0.010000000000000004 0.010000000000000004 0.010000000000000004 0.010000000000000004 0.010000000000000004 0.010000000000000004 0.010000000000000004 0.010000000000000004 0.010000000000000004 0.010000000000000004 0.010000000000000004 0.010000000000000004 0.010000000000000004 0.010000000000000004 0.010000000000000004 0.010000000000000004 0.010000000000000004 0.010000000000000004 0.010000000000000004 0.010000000000000004 0.010000000000000004 0.010000000000000004 0.010000000000000004 0.010000000000000004 0.010000000000000004 0.010000000000000004 0.010000000000000004 0.010000000000000004 0.010000000000000004 0.010000000000000004 0.010000000000000004 0.010000000000000004 0.010000000000000004 0.010000000000000004 0.010000000000000004 0.010000000000000004 0.010000000000000004 0.010000000000000004 0.010000000000000004 0.010000000000000004 0.010000000000000004 0.010000000000000004 0.010000000000000004 0.010000000000000004 0.010000000000000004 0.010000000000000004 0.010000000000000004 0.010000000000000004 0.010000000000000004 0.010000000000000004 0.010000000000000004 0.010000000000000004 0.010000000000000004 0.010000000000000004 0.010000000000000004 0.010000000000000004 0.010000000000000004 0.010000000000000004 0.010000000000000004 0.010000000000000004 0.010000000000000004 0.010000000000000004 0.010000000000000004 0.010000000000000004 0.010000000000000004 0.010000000000000004 0.010000000000000004 0.010000000000000004 0.010000000000000004 0.010000000000000004 0.010000000000000004 0.010000000000000004 0.010000000000000004 0.010000000000000004 0.010000000000000004 0.010000000000000004 0.010000000000000004 0.010000000000000004 0.010000000000000004 0.010000000000000004 0.010000000000000004 0.010000000000000004 0.010000000000000004 0.010000000000000004 0.010000000000000004 0.010000000000000004 0.010000000000000004 0.010000000000000004
-----
100
1466
0.4
1.5617872407788753 -1.9254442988360783 -1.851717090523439 -1.5097024974079425 3.134259006789129
0.5955737147234372 -1.537458852436277 -2.1528618875128864 -1.1437410082341717 2.797765264511371
-0.587221895717998 -2.1397182875484293 -2.6256237850886586 -0.6300203450710479 1.8320313803491144
-0.34189934082253615 -2.1574297890697176 -2.805187034982483 -0.6716367500858889 2.628689090725393
1.8446765641712575 -1.8694210930282775 -1.7289068356087303 -2.2977081849670533 3.830753832326594
-0.3916215637014734 -1.8985600356549823 -2.3065255181784585 -0.7842202823557646 2.886921627917018
1.566714966942071 -2.6019315840132093 -1.487830762149694 -2.52031491980838 4.215597338042556
-2.9634832372428113 -2.9220003246063766 -2.391018559275514 0.006053073640544304 3.335270562799282
0.35463598459527135 -2.51587410944016 -1.390377497506809 -1.0640407899980835 4.851978826313311
-0.2024577289891169 -1.1839855894490525 -2.8764271550766187 -0.5004361925346729 2.6141700084518944
0.9255355203510598 -1.7375958012095045 -2.591930658404345 -2.732081985141291 4.402520496594318
-0.2094351717048844 -1.7579154194347284 -2.0839580329578373 -1.0965858172708005 4.7712401735453875
-1.8065231362138865 -1.799054877374126 -2.704034081012379 -0.5574108298440303 4.216784320120844
-2.7830048581044045 -2.636017720224025 -2.7019882860715865 -2.9522844384636566 4.57935009409215
-2.6106350765960076 -2.6712810545874537 -2.462043701704789 0.3391404475258657 2.958715986750766
1.8099310569924874 -2.059793680281166 -1.951316375388171 -1.8415427166816387 2.5066188197237853
-0.3141559042588229 -1.1288747259495546 -2.9277297082308205 -0.6632167386637561 4.399050082758295
1.9931055457632825 -0.735785409034304 -1.8503549600665279 -1.0734033478458738 3.3183250404821476
-0.14277645003927675 -1.0929190636930524 -2.359838516166675 -0.7787177795614957 4.86626973516725
-1.0385162566600785 -2.4503912462388695 -2.5388507485539087 -0.5145846125997626 2.473974264828665
-2.457746634389469 -2.718233423790825 -2.829425479637059 -1.405848861055143 3.8837684003019355
-0.933413287979695 -2.3219576243769726 -2.2353580801452617 -0.9372294185301255 2.4429627519180013
-1.1525094459228842 -2.7472544845996314 -2.43251745499308 -1.980910659392844 4.014713130511836
0.5361015375549756 -2.7856422438027537 -2.3345422308725334 -2.498529372979777 2.7438237758334196
-1.2249890820332185 -2.102243521274521 -2.975806725174953 0.03479682900058216 1.5327882163907574
-0.6215597512579885 -2.668501022972524 -2.7816167191830026 -0.2957952280977785 0.8289839419512146
0.461668604457283 -1.3592118026880886 -1.7335901980920616 -0.15613928624572113 4.998402576379712
-2.2737914830122588 -2.7859090648532936 -2.3864053449481704 -2.2588639465257336 1.821873573273324
0.19688708205424676 -1.880135679060051 -2.2179715024468853 -1.6085014552695331 3.833541789684969
-0.419904025037497 -2.870114476095947 -1.8738532108976966 -1.1152129425571489 2.4130805717226274
2.283834671149605 -1.7388158526876172 -1.8310798551136704 -1.741266207918569 2.7008922371073365
-1.8243562439570153 -2.5838792000071056 -2.0364141362248698 -0.050278369951812674 2.96731402136787
0.4590237977786682 -1.1952948249790452 -2.7531155987092597 -0.5448667699434907 1.9715569977275056
1.969229021693383 -2.4868491230197898 -1.9346149698491408 -2.3539644983039656 2.608316844301574
-1.9712028597178666 -2.222601575667207 -1.8635453308529357 -1.2239657964870232 4.8626405909095105
-0.3456852363227725 -1.201418573366116 -2.853519151269361 -0.7917712143336382 4.605776952078833
-1.5831468619625733 -2.271160582781052 -1.9670548580443883 -1.316741359384469 3.1721498404490567
0.6100076514844113 -2.7133277799173077 -2.1046625505714904 -2.4566734461462287 2.233351295837697
-1.4211677108783123 -2.2004814242088124 -1.7977839534385354 -0.2425981996994142 4.656537404036934
-2.2583041328433286 -2.826205163402077 -2.1154204637405454 0.47712754627081067 2.014900546918878
0.9020093035447637 -2.677316401718927 -2.0613712169907954 -1.7759991682694245 2.2260967379028593
-0.7954781208174784 -2.969962845344231 -1.6893314401321011 0.36017493587979504 3.7122439589470613
-1.1531243748072815 -2.471614903314685 -2.5883546510644404 -0.07160713717687017 4.055794002558534
0.14248370857766735 -1.922759966055692 -2.37629641943715 -1.9307446457768584 4.362758400401585
-1.7775693557492502 -2.662716490970975 -2.270680923353248 -1.9919858409856972 4.79186975207976
1.2985114331593555 -2.6186569909770796 -2.702416639648459 -2.4564995263455627 1.6425635004482935
-1.292636221182701 -2.956750996742471 -2.6948566789019375 -1.1881572827971034 2.7253827920291727
1.5335101158837503 -1.0305003612682144 -2.727606907449521 -2.3804025539331657 4.443335226488809
-0.23395107770900925 -2.886904773277518 -2.368991569846922 -1.2088760659791415 1.467763422330051
-0.23186100926798026 -2.62332039475235 -1.7862438802211853 -2.6258961634112454 4.955529807418688
-1.4613209574499764 -2.2814380154867693 -1.9589662349585337 -0.21237890147336147 4.0257194670703464
2.4627082629080066 -1.2201082636755727 -2.2610763244818433 -2.942756582617216 4.3273123249484415
-1.1634890336923165 -2.5605209597419347 -2.7072251274319528 -1.6783368978958975 1.8496872536948006
-0.7009805114355298 -2.5313633462420055 -2.752217677153718 -1.373814887234768 2.132744073238258
-0.828597262934498 -1.625466075871763 -2.3907639966097833 0.038088476008571126 3.662725112695183
-1.3848122118764299 -2.178242652451227 -1.8737697666262219 0.20259948227768854 4.494900303363627
1.0311201432217494 -1.8412770493077084 -2.7779422052435128 -2.6209288307517564 2.2127923083768524
-2.8448167211402855 -2.7835592023796094 -2.3556776203063707 -0.04166075942065328 1.7814322014164163
-2.477920246679209 -2.5117426737011845 -2.5325361084457096 -0.2797709387444884 2.8055885515502856
1.1843481280990944 -1.7800144650093372 -2.503397656302106 -1.8437123101299802 3.8052305348010247
0.10230145041274152 -2.142704337217796 -2.36592489468549 -1.259580461949381 4.328562521793752
-1.1141878025998497 -2.3350991111085144 -2.6781271775919455 0.35851407869779095 2.62409852949332
0.04130604736451038 -1.4636446892234558 -2.1817924945143226 -0.1091621817120727 3.888146924607815
1.8846398981452483 -2.166098912214086 -1.9506276873496073 -1.8322791527037694 2.355158161300939
0.8789707317638885 -2.5657057181173637 -2.236580495114694 -1.2967991149927842 1.3586517834110883
-1.0672726822258556 -2.675440390920137 -2.297876350660334 -1.1164928963675782 3.1992940420811906
0.7679942481356681 -1.6785302087855136 -2.1075296898302414 -1.8042715717673001 3.2390580370675757
1.2209705457835005 -1.2499233030376624 -2.8982238885361165 -2.1569729353796108 4.304752612755347
1.5243498971447123 -2.2998546742069106 -1.7094198979661288 -2.1340658101347287 3.148662772879069
-0.29481472487567784 -1.119110087406284 -2.735534754970515 -0.40317567970951906 3.1758654121992977
-0.6348820453858928 -2.673080499584142 -2.5964171754382877 -1.1527537959337886 2.558299371421814
1.154591143988306 -1.2560585542080513 -2.2503990050318974 -1.2444215945770858 4.495730580659515
-0.2910205580931491 -1.9452186101621987 -2.395419921035518 -0.7708772186069148 4.210022878162571
-1.4525959039362917 -2.7925669202231798 -2.1860463472083462 0.46734276950624876 2.1392648712758477
-0.8334729322781491 -2.0484066746372527 -1.8854872938685359 -0.8528223977112597 4.005917509472859
0.38933567938337477 -1.768905546511824 -1.7916181275471181 -0.48639253990418424 3.505391165875568
-1.4567425462512222 -1.8974093547692972 -1.8616650339057617 -0.2780929632042628 4.337979097820948
-0.1565025110923631 -1.34870127971959 -2.543446246526752 -0.27916530688022106 3.254312217154893
0.30492594676405704 -2.150716826892013 -2.4535159970786666 -1.6355377808583356 1.7529075272895034
0.39379442840304457 -1.6384969761664914 -1.994428677653014 -0.6699418076402477 3.015656942139374
-0.42191851121138024 -2.9980460455293283 -1.9899298258324973 -1.845466415336723 4.248332698705066
0.4452948288184202 -2.989226435035248 -2.092727252395104 -0.4478022383790363 1.189905038748401
1.0521101837227496 -2.233050307846091 -1.6862301543368643 -1.2218267159612672 3.6522442793257675
0.16755871059700642 -0.5092688437160255 -2.941901104546712 -0.45418505773776785 4.46988910110474
2.254641630418233 -1.6610745053766418 -2.0051204818212462 -2.3378895165989975 3.0866511489729995
1.8689927392276686 -2.3351373667164492 -1.6609791480564833 -1.8052329486816157 3.5980134668073793
0.7142085029588967 -1.8829060378801663 -2.552188781440729 -1.604746071660669 3.820079145978638
-1.5763965994310398 -2.6805095706917452 -2.0990862407610873 -0.14273601363778615 4.690880535561313
0.3347105813652827 -2.836865110880094 -2.147760448535472 -1.8705268246688185 1.2155557754527095
-1.55567427620129 -1.5931465546774117 -2.978375871070749 0.12145629852485454 2.4360467625978375
-1.5599099150491291 -2.4477673178997197 -2.073116922800838 -0.18414440958371758 3.7334891664880763
0.9071404688434446 -1.5531583644237281 -2.1996493142444904 -1.6177458401031062 2.875668753749648
-0.2140647859637861 -1.9398383240260415 -2.7587014237478837 -0.7134178649863078 2.4089976071004915
0.36589791799161975 -1.9356438097806279 -1.9527980301694128 -0.541956691526966 4.583156775922635
1.5468768981316368 -2.659543425627238 -2.2346964894310806 -1.9427045575277024 1.6066237279541924
-0.923560436245629 -2.92297865091812 -2.7199846276191426 -2.9994064824341087 4.04833725237052
-1.5358097038530774 -2.913040944654005 -2.7960735860278523 -1.5330760805964774 2.9602347917087823
-0.5067035102905635 -2.137619348232132 -2.043328674875976 -1.4444437149204044 3.2326490189040933
-0.24003853147791065 -2.1325127222437508 -2.2459198278165124 0.04582924765005843 1.120758032733092
-0.8738729678061523 -2.587452216909922 -2.9719842584957745 -0.5972533699440652 2.109381391125871
0.30847457627118646 0.33220338983050846 0.29491525423728815 0.27796610169491526 0.3220338983050848 0.28135593220338984 0.3762711864406779 0.27796610169491526 0.3966101694915254 0.38983050847457634 0.2677966101694915 0.28135593220338984 0.3864406779661017 0.3288135593220339 0.26101694915254237 0.30847457627118646 0.2881355932203389 0.3966101694915255 0.39322033898305087 0.07796610169491525 0.3559322033898305 0.2677966101694915 0.28474576271186447 0.1932203389830509 0.20677966101694922 0.13220338983050847 0.35593220338983056 0.37966101694915255 0.25762711864406784 0.38305084745762713 0.37966101694915255 0.29491525423728804 0.33220338983050846 0.33220338983050846 0.35593220338983056 0.32203389830508466 0.39661016949152544 0.3355932203389831 0.30847457627118646 0.3389830508474576 0.20677966101694917 0.39661016949152544 0.36271186440677966 0.22033898305084743 0.3016949152542373 0.17966101694915254 0.23728813559322037 0.3491525423728813 0.2169491525423729 0.21016949152542375 0.2169491525423729 0.3220338983050848 0.3694915254237289 0.13898305084745763 0.2542372881355932 0.1932203389830508 0.3627118644067797 0.37966101694915255 0.3254237288135594 0.32542372881355935 0.18644067796610173 0.34237288135593225 0.3491525423728814 0.32542372881355935 0.2440677966101695 0.1423728813559323 0.37627118644067803 0.32542372881355935 0.3389830508474577 0.3694915254237289 0.1559322033898305 0.36610169491525424 0.16610169491525423 0.19322033898305088 0.335593220338983 0.2881355932203389 0.34576271186440677 0.2745762711864407 0.311864406779661 0.3152542372881356 0.2711864406779661 0.3627118644067796 0.29152542372881357 0.3966101694915254 0.24406779661016953 0.3627118644067797 0.29491525423728815 0.2949152542372881 0.3694915254237289 0.37966101694915255 0.16610169491525428 0.3966101694915255 0.21355932203389832 0.3694915254237288 0.2711864406779661 0.23728813559322037 0.19322033898305083 0.33898305084745767 0.3593220338983051 0.1288135593220339
0.0079531181660768 0.006642457409691817 0.007774772270420157 0.007916230359827593 0.010538765967798094 0.006508886012272298 0.015157727703044441 0.012517361143229407 0.011960531172535527 0.00881995859347543 0.013292976387148095 0.008377212248359668 0.009562005621499203 0.02252022539546868 0.011701091703492109 0.008852682809966667 0.010864826536639808 0.008792093531630648 0.009284897844416554 0.007601505288317173 0.01228226825983367 0.006929038572455481 0.009961373025651131 0.010561202617176508 0.01138668953818306 0.01200548610566715 0.010704298806750084 0.012114173292650195 0.007195083319089901 0.008417373715616388 0.00934860347595718 0.009026106092927883 0.008770355831674579 0.011455743654824609 0.010553369342171983 0.010638290315663731 0.007516179082135156 0.010395636185473062 0.010209052180057994 0.012638105510727 0.008855342377525282 0.012849490563615689 0.009788931256665497 0.008763381973575141 0.012267673099282065 0.013772350982356876 0.009196428732199556 0.013548377612667504 0.009151541309791523 0.014868490274360388 0.008753115817133585 0.01637084267403511 0.009236760180563198 0.008467423928521524 0.008076170971498197 0.01081208772018064 0.011880325241337199 0.011835556710629153 0.009420131130013793 0.008733799847490056 0.008144980887669013 0.00979908848664029 0.007823902331569878 0.009253232705498713 0.009243860505692127 0.007533610970119791 0.0071770717082567425 0.013001253325284139 0.009813673296766728 0.00831921005964239 0.007837046855642418 0.00866418463354306 0.007675845341234953 0.011087067938834993 0.007468329895844881 0.007399000056741389 0.008985842204968784 0.007578086495132818 0.007963403108176554 0.006768687707945615 0.010676497026798713 0.011251335274784745 0.008264181109880522 0.01335717141271992 0.010266906305510515 0.010272136407875214 0.008146518170452895 0.011396869557678142 0.010864835480547782 0.010978310436253772 0.008619850596647095 0.00704325808677041 0.007636874144123201 0.008658500659943051 0.010984038049083841 0.01796688977475888 0.010170259286189068 0.006793810073049203 0.009825981618204119 0.009892420520084785
-----
100
20799
0.1
-1.4239500842123207 -2.2617975331986306 -2.404252103532193 -0.15271828664737833 3.205954396953029
-0.12972257911295637 -2.288303109395389 -2.8195664141887855 -1.8558626434536558 3.3201997904064156
0.6523120176557082 -2.026714817003501 -2.131990807884395 -1.8955274935299962 4.7915793781128455
-0.2344873856405938 -1.9924518469072887 -2.374235737848893 -0.9181253421632771 3.8916614626546844
-1.540598379017116 -2.409454961825238 -2.2142052464178783 -0.16035633123179133 4.315804969596847
0.3796175315722876 -2.4799705815737467 -2.5614486220336405 -1.9178432363300673 2.5944893081655582
-0.28160710848658443 -2.9087071468769077 -2.991183965695273 -1.6660647186591515 1.2474706884188351
1.032326772186325 -2.364872661119349 -2.1462819080414324 -2.6219751400993423 4.3675010097456655
-1.3746981425494154 -2.9381160621531355 -2.969840094480693 -0.10422484481539158 0.8866248714636319
0.06332396314530703 -2.740255324502358 -2.569755484202496 -1.3815019577445518 1.365733389844296
0.0737148736760842 -2.1569326789562284 -2.0720731495785305 -1.3016871737248907 4.3014889639713125
-1.308683887074914 -2.1522918954362096 -2.5516813049959923 -0.562350026429494 4.42496713210924
-1.569522496215309 -2.4310862694176123 -2.2007249179278285 0.007875948960430923 3.409693381083477
-0.41253910250066783 -2.58702717699607 -2.4586214995060933 -1.378060006189582 2.5909294289617932
1.0886253497738396 -2.5133029253469115 -2.3168322182804078 -2.7616436724958247 2.9207125741953375
-0.735795320304494 -2.606089993778099 -2.4473946621478357 -0.47356534156783914 1.9499213796648496
-0.5171967686222505 -2.372922575185246 -2.8534778310541506 -1.6617947370887376 2.8438877952461996
-1.8306559519581058 -2.5931462112712893 -2.6537443051068585 0.10193583956292167 2.035155338265453
-1.39258902019879 -2.5330912764672626 -2.340309513904557 -0.3013108856523219 2.571956170123595
1.3701844294164554 -2.3942200635139184 -2.632476686472852 -2.960795389114248 2.792390528829785
0.3632825209651528 -2.288224249888763 -2.6041244175237486 -2.434977918348727 4.120247112001598
-0.03778579693062811 -2.2102795718528476 -2.8238657859249425 -2.056398713092435 4.019890703914062
-2.1787439737817706 -2.190276951889161 -2.940338424030173 0.1844148907116564 3.5182280119780884
-0.2218077174658563 -2.2855684061040438 -2.2523550857653505 -1.3180767012417298 3.675437917837052
-1.905515500524491 -2.822914250837846 -2.5860302406824274 0.22819989346088823 2.0549766265207525
-1.654833692308536 -2.7171106061029624 -2.3383214663468443 -0.04204671634704926 2.4521233591069924
-0.28888134011004285 -2.391641204694745 -2.956707798198224 -2.094318551530166 4.9804780353065645
0.9445045955140339 -2.130655224394258 -2.7830454841783343 -2.465080844662576 3.1671325934513805
1.7532493732930412 -1.9353186920752021 -2.1678468645369495 -2.978125670480229 4.490471932840471
-0.3896432478018321 -2.062811688812581 -2.834989617461085 -1.658929137875788 4.999876191535055
-2.709800344054127 -2.2961549701578545 -2.8932900432112816 0.36777961238709334 4.512619733337853
-1.1687735123722296 -2.3896189036993176 -2.472463844934872 -0.849213075773993 4.627500694934114
-1.0847145130551086 -2.2813663729213225 -2.192528622906523 -0.588428358403675 4.650865408994662
-0.39878034309035293 -2.2913558294407412 -2.148115596213778 -0.9916884550627802 3.8460134575967375
0.06885096895842413 -2.236942265095611 -2.7394090817339998 -1.588218440599392 2.7237350553834094
-0.34346197943950685 -2.260268220335987 -2.4591648242376998 -1.3498529074044356 3.4211386274728013
1.0410592188008059 -2.290675457004718 -2.2637880766944716 -2.775803579970397 4.078452671712822
1.3095143052190519 -2.4006543422081252 -2.4937176364884803 -2.739832357833292 2.8311605118615724
-1.599715326756575 -2.01530623378764 -2.6603117190993006 -0.27228686481801184 4.338621816325608
-1.0889202581217292 -2.17667802585884 -2.587817149880275 -0.6079670425541445 3.5694547811598074
-0.6223541919282871 -2.2268074922359538 -2.9512581930180994 -1.2943099894933523 2.695800065492117
-1.2738469918355932 -2.6027714853196593 -2.606274588055037 -0.399621607682127 2.5945747560440076
-1.5988457236440086 -2.627259487713954 -2.6234985091259735 -0.1344273923382343 1.925158781723598
-1.98556472305638 -2.2739527765963587 -2.7653689177340803 0.09694429708737706 3.4631575883753527
-1.637069605579114 -2.1652764927378962 -2.411204314166484 0.14828788324616948 4.542885402548633
0.19779743225779012 -2.2882476885678216 -2.5059077712522377 -1.7832362116943234 3.1624588987273645
-1.9376236510727782 -2.5090968029169183 -2.3809084521348325 0.19283008598523266 3.501515480286777
-1.6427280188968711 -2.351461560842901 -2.7380885098088728 -0.24891495213384057 2.863660252076512
-1.348433423704294 -2.5207219995662644 -2.113479203875007 -0.42093126353316435 3.9359914784365793
0.21085179835847456 -2.224608443227763 -2.3050805048630583 -1.6865509063787223 4.880502726671503
-0.4187095877966063 -2.270049526610098 -2.4399385826644564 -1.2781903710445968 4.750521697978987
-1.3243165175293348 -2.2141703138869397 -2.265136096181456 -0.30776228671400063 3.542297774703056
-1.6030996933449821 -2.1147850555551635 -2.2539539771053647 -0.04770777997406106 4.7866487576545715
-0.20460682956776566 -2.299479102505286 -2.1795373002583642 -1.199861763356927 3.8063936610006994
-0.11601297929945593 -2.3518534681497325 -2.270913309209511 -1.396133668455129 4.160165015186932
-0.5348363316197123 -2.4803116459561307 -2.6810000052980216 -1.2861669988660296 2.8287228679274907
-0.5357116801955102 -2.1583420500022865 -2.8109321719647475 -1.3090000635516628 4.356048374135961
0.04090900991854296 -2.252597109350064 -2.132870531624877 -1.4931528589003142 4.157672576423558
0.4220568738501163 -2.219331376815507 -2.497443746161607 -1.814358803327277 2.3598403450452725
-1.4493916547533827 -2.5351275403701976 -2.955616461156519 0.030113545979011835 1.2909523623371542
-0.5028230122582911 -2.142992943547781 -2.3426272187662667 -0.956748232657163 4.379201759571672
-0.4556588237287431 -2.1745140368940774 -2.288780422083798 -1.089533659635117 3.7326859552768332
-0.7559658033188952 -2.5717359157003497 -2.229467867934254 -0.8070167374551436 3.1525946515867673
-1.6653242069858198 -2.075531271514015 -2.5576466819426873 0.1453889416645926 4.043741304900457
1.2819501554547126 -2.4071964369651035 -2.557199728354476 -2.9209637059747005 3.401682383108759
0.6968053022405276 -2.490765208176615 -2.3306898103199085 -2.5697266791643054 4.138784688154317
-0.12423060760175586 -2.694883077913569 -2.6365881984486763 -1.3822060020042122 1.7790703726127934
0.6337833704345015 -1.9897281348802116 -2.6572987509819592 -2.5529865843557937 4.797239656281471
0.021894847830063624 -2.2278176896298305 -2.5669444656094895 -1.894765246120147 4.3863950097796005
-0.27924472072765427 -2.969314369858472 -2.9609331261144267 -1.6647615363524508 1.4567999236473623
1.4730220349834098 -2.163272417673802 -2.2179564121447157 -2.9805973005457496 4.633925229546142
-1.6648278991149745 -2.558702559612721 -2.1304243698479324 0.008789407255321763 3.903082359208945
-1.3092790885559105 -2.5379714450833486 -2.264948752028409 -0.5957784347166677 4.286610069612909
0.9939575991807078 -2.1377009058393264 -2.849468550735742 -2.747980074335529 4.065086580890805
-1.431063657002711 -2.216064814867492 -2.683767729848457 -0.5528320518629959 4.298524341218614
-0.0648028879961502 -2.1457707043830108 -2.0936097110392 -1.2021436928965263 4.855533205420825
-1.4273295815411684 -2.3804696152302993 -2.6150013539734065 -0.2910754306819716 3.4311849540420756
1.0041222785354758 -2.6601843903800413 -2.3159337829709026 -2.8331569211913745 2.5102869909551315
-1.0799244981822 -2.5108807139879676 -2.8622177810143983 -1.1472433837080205 3.9558506643305478
-1.3607755460388138 -2.566320524867065 -2.846446968304784 -0.6281567961249434 3.3959486504796814
-0.7062722581163914 -2.3654665070273104 -2.3836957466302 -1.002360849121212 3.8813691225059914
-1.0755805162047545 -2.2032572229744254 -2.5064465549008683 -0.7254597998596616 4.321296212364994
0.37964253321527885 -1.9802655408479488 -2.3952060855761363 -1.7988444306171882 4.662094347816751
0.8021852846220476 -2.3878889344530507 -2.577813227844157 -2.2642939341970547 2.949201611463414
-0.24995638372031181 -2.2224809641101526 -2.5819195917008333 -1.3323185967200404 4.03156816265538
-1.2632621727420055 -2.438372701269756 -2.314045065173197 0.004752005257627756 2.741324048622863
0.5162981253831779 -2.1346955178165037 -2.3666066461968125 -1.9977648830309953 4.597956907401004
0.4453632060109637 -2.760003765356631 -2.696288000331458 -1.8476211365016408 1.226166435681555
0.2536810252588074 -2.224241564342625 -2.71081350263776 -1.9667852307600129 4.700776495899357
-0.985485310507993 -2.7118100355131687 -2.568337935821972 -0.6227536813451328 2.026530671638815
1.2078448173491814 -2.038078054981814 -2.2191262347707372 -2.570163696839502 4.9657992105466455
-1.8896589984383587 -2.552512133450832 -2.530957530405115 0.27487462964172993 1.8772102546563665
-0.86477970548765 -2.4530778103889705 -2.920812514716906 -1.1499261797580056 4.2442534170796735
0.22720969491306442 -2.3674202872309964 -2.269797554343034 -1.922622362850831 4.334508095446161
-1.5623051760245983 -2.143259835782005 -2.9691343441016396 -0.5298039369786366 4.375768235059529
-0.5021645085120449 -2.381101732323618 -2.629156128341302 -1.176744652210039 3.093033340006706
-1.7215744622439424 -2.2281290358356127 -2.5950683660713243 -0.18163025433289848 4.215454855287822
-0.4299039545042001 -2.32489102248166 -2.392980037405742 -1.4505362352104354 4.130787451223845
0.7126756159518692 -2.550218470761746 -2.83138633144157 -2.480555377646635 2.339715492063979
-1.47975959212283 -2.4274426828952476 -2.0422837012038455 -0.20579195514231108 4.858336519607976
0.06101694915254238 0.09830508474576272 0.09491525423728814 0.09830508474576272 0.09152542372881359 0.08135593220338988 0.07796610169491527 0.07796610169491525 0.0576271186440678 0.09830508474576272 0.0949152542372882 0.09491525423728817 0.0949152542372882 0.07118644067796612 0.0847457627118644 0.08135593220338977 0.07796610169491525 0.06779661016949157 0.0745762711864407 0.07457627118644067 0.0474576271186441 0.09830508474576272 0.08813559322033901 0.07796610169491527 0.07796610169491525 0.09491525423728808 0.09152542372881356 0.06779661016949153 0.0983050847457626 0.06440677966101693 0.09491525423728814 0.09830508474576272 0.07457627118644072 0.05084745762711873 0.07457627118644068 0.09830508474576272 0.07796610169491527 0.09491525423728814 0.0847457627118644 0.0847457627118644 0.0779661016949153 0.0779661016949153 0.08813559322033898 0.09152542372881356 0.06101694915254238 0.09830508474576272 0.06440677966101693 0.09830508474576272 0.07796610169491525 0.09830508474576272 0.07457627118644072 0.09152542372881359 0.09491525423728808 0.0949152542372882 0.06440677966101704 0.08135593220338977 0.09152542372881355 0.09830508474576272 0.08135593220338977 0.09152542372881356 0.07118644067796609 0.09830508474576272 0.09830508474576272 0.08135593220338977 0.08813559322033898 0.0745762711864407 0.05084745762711865 0.09491525423728814 0.09830508474576272 0.09491525423728808 0.07118644067796609 0.09152542372881356 0.09152542372881356 0.06101694915254241 0.0847457627118644 0.09491525423728814 0.06101694915254241 0.09491525423728817 0.0847457627118644 0.09152542372881356 0.0847457627118644 0.05423728813559325 0.08135593220338988 0.07796610169491525 0.09491525423728814 0.0847457627118644 0.08813559322033898 0.07796610169491525 0.09830508474576272 0.08135593220338988 0.07457627118644067 0.08135593220338988 0.0949152542372882 0.07457627118644061 0.08813559322033901 0.06440677966101693 0.06440677966101696 0.09491525423728811 0.06440677966101693 0.09152542372881356
0.007228414222700636 0.008959838893807213 0.010700354743610092 0.007424664309114914 0.008575280655768621 0.008506462017161738 0.01725997480066307 0.012051124974191498 0.019160241138785675 0.010722458884005066 0.00826082295588585 0.008703894014052062 0.007710527774103113 0.0070588984373499706 0.011635050690375471 0.007902840973957458 0.008708460471242466 0.009282620745784738 0.0071015109257317795 0.015371178834211139 0.010076811256446756 0.010104248865965918 0.013080964083563393 0.006911214586239092 0.009883201554508832 0.007863948505588218 0.01514037137542621 0.012318509254836262 0.016757758374562885 0.012917935641116852 0.02067185488181972 0.008490227013389761 0.008608886183834192 0.007123758384909384 0.008471075038241809 0.006782409038776102 0.011830601808212885 0.012529322868146585 0.010186957777786757 0.007210599144103019 0.009451412197075001 0.007272201292902519 0.008721666568468019 0.009877939032548577 0.010740264275965463 0.007567164753319792 0.008325665382453152 0.008028497985669498 0.007655844870288325 0.009855599273766929 0.008796157250404165 0.007215105191950156 0.010838439899197872 0.007103431933113221 0.007506240311608056 0.007275958339711458 0.009681490673620414 0.00783846070029741 0.00859159346542759 0.01420824179415512 0.007770706411647538 0.0068568057391997315 0.006737605986661755 0.009947705759393728 0.013738681935466106 0.010615377422930472 0.009246624488067925 0.013747304107027021 0.008906432686409371 0.015739143130352764 0.016342841707129206 0.008497356502207063 0.007772299104669011 0.015503924017248125 0.009052497650879236 0.009542067993512527 0.007466492436836393 0.012877948164876288 0.00898084244425704 0.008476600402027136 0.006823395972436533 0.007942594709045922 0.009690283028306984 0.009691968866989748 0.007704361554352957 0.007485126296643331 0.009765093041061618 0.013959357684965281 0.01129927992298432 0.007856212586356527 0.014645994604660968 0.009769797762397999 0.01041207360557389 0.008556626292153896 0.012867972044048057 0.006981656014095066 0.009272817135694432 0.007278414148417064 0.013665954807462148 0.01067511053963486
