5
100 100 100
769 2309 285522
0.8 0.4 0.1
-----
100
769
0.8
2.1070069110334355 0.23218991856338222 -2.7369796502222927 0.0163144000956974 3.1106791293479983
2.939646642509536 2.873240245656337 -2.524959380263273 0.11040218158238213 3.854938025071198
-2.632635778807845 -2.761162620061514 -2.780702212880249 -0.1824126018323069 4.759295874884996
-2.510988468042682 -1.1954977016564214 -1.6126983564677406 0.4458742913494165 4.193210651191517
0.2614378862300044 -1.2704872074289382 -2.4202944921572267 -0.11968595664266157 3.3108012093384653
2.629597318310257 -2.300957345100434 -2.303651402431793 -0.6946200196559928 1.195357850663571
2.0265806376156412 0.3140008952487392 -2.2463779078400936 0.4447584014686434 2.401110445837533
2.4929157127323034 0.7325288686428415 -2.2631764103673526 -1.3016607041233774 3.6786974595755764
2.7112137727555083 -1.3397090670584277 -1.6720084849340324 0.4010343319261054 4.436715601080101
-0.45062723290551965 -1.3517852764869516 -1.9887022373661312 -1.4570767667530609 3.0259991252183682
1.5026004166807034 -0.3058555430489158 -2.9380704496356826 -0.9845785208229607 1.9232825773329154
-1.4976623265347122 -1.1815333013427658 -1.3062999731921514 -0.0007902998815336737 3.9218011620040882
-1.5537504324512752 -2.392563342892547 -2.9342257082879097 -1.4705494328326236 0.48929797253624896
2.615201871062524 0.633427935601349 -2.7875778573257373 -2.318214405191894 4.438749196243488
-0.351386687517822 -1.3280886175886981 -2.629447027707962 -2.854410453338046 3.5313026033351855
0.8346531810485729 -0.279381902689936 -2.671351598718596 -0.057756200794903734 2.30655532515705
1.6348404352302488 0.7910960193738208 -2.6347660269625144 -1.3095604121869058 4.820231738634852
0.19071167987925142 -2.141357088360694 -2.1264716162594604 -2.6123035943779827 2.3016449465373814
-1.1753509513025295 -2.0292308109850357 -2.316351472974488 -1.0935002449494307 2.6419723028869657
0.9183103199492066 -0.28590003128532215 -1.9186765462330833 -1.315496692304029 4.5853761382807985
-2.113513638079837 -1.5678245547644396 -2.7873185454798985 -0.40950801093406053 1.3481157964589596
2.841460218539096 -2.2971326038004682 -1.6985527864209318 -1.7400364497973064 2.684381949503175
-2.4864740279414415 -2.2825184747048364 -2.7182518378098037 -0.32202362148527586 2.5316052235930675
2.4297355619002614 0.6224184160994328 -2.549016447770242 0.3265927870240737 4.383122655472955
2.83676720701318 -0.4923027409823222 -2.5298460067272996 -1.5546463814874105 3.2879175583565945
-2.008708986941309 -2.370630503471999 -2.952891681549568 -0.8280729344887048 4.6140705264583985
0.5419889895634884 -1.3851565873113847 -2.646154641177136 -1.1874159473051424 3.3906071951871075
0.688468584356694 -2.7170250012131416 -0.8776461069416959 -0.08521173353724976 4.433867769657961
2.991754219299846 -0.35768184666074143 -2.182932575992236 0.048286715697764215 1.0114000950578361
-1.7605340903579778 -1.578025948283336 -1.4932867547596236 0.14168067675467233 2.454971554861304
-0.8284111149353035 -0.9772199801511139 -2.297297408841056 -0.8249461706068462 2.649746957385876
0.6166093143424867 -2.442100974816744 -2.4275990105367384 -1.6676842866408657 3.401527105757558
-1.0850618650611903 -1.2986525059156935 -2.4143441782753126 -1.186831786457429 4.382084069992408
2.6978291533938528 -1.1495921430844818 -2.6927390984075834 -1.6724040269331661 4.97660355141122
-1.535140221359352 -1.8576122785763016 -2.1795661011970098 -1.4095419178025714 2.362300207867245
-1.5987077274040038 -2.0940409165096536 -1.1200748035344126 -1.4032063130251775 4.078929032125505
1.6623217479219834 0.9446717476168236 -1.7044656348111276 0.003084790138077942 3.666526778095064
-0.49564148373904793 -2.527234171721158 -1.9596183099724276 -2.1641830533821893 4.51459763511838
2.134397167958422 -2.758411766156849 -2.6479977898504035 -1.256846134571462 0.3105003014792407
-0.9604201647845136 -1.502038838909495 -2.7652979507261093 -1.451095092633786 2.2879648756141444
0.9691870974965116 -1.921795743809532 -2.1801245774029105 -2.0321977898882855 1.8519263986633594
-2.728994234769173 -2.5253524971012657 -1.6756506020149842 -0.052046054501599937 4.751453408520229
2.602630496071985 -2.121412742075621 -1.6365909630085325 -2.4757807878177536 4.997215946648796
2.58087610837961 2.1408794418734125 -2.9446610686511328 0.23043081308489066 3.252741733196939
0.24967482949915354 -1.8451261695309582 -2.0166649070523626 -0.9600616882567836 2.276354803555055
0.28055044391925543 -2.5447769074693025 -2.5311762017535795 -0.4745124861118608 3.3779144325944923
2.347098896329534 -2.321621374038578 -2.250431453310844 -1.643820188680211 4.547109125671737
1.001163944903345 -2.462216535387568 -1.369850343141851 -2.4098161373803686 3.4402899679931433
1.908346009826162 -1.9398763475620133 -2.0159146750046886 -0.004680277427367763 3.4093447489578477
-1.8444777312583787 -2.6796011255459797 -2.2336680204990764 -1.2253694693606239 2.5425617278449875
1.2620454831190253 -1.4243699262992733 -1.6895086693512527 -1.1391118370819573 4.068814088736926
-0.7642735868108872 -2.5921273220122023 -1.9224051823764188 -0.24733818616300596 3.744312124577438
-1.307064473268845 -2.83525623266496 -2.084607341093329 -1.7246284568381087 3.690259187283962
0.2054962542746681 -0.5443443026892831 -1.227714397606816 0.10786894413838066 4.313190159703064
-0.7698884079597987 -1.2571344614623805 -1.8903186561608392 -0.5615122857235519 4.72771760779912
2.181916225574234 0.44518265794694134 -1.3591301250087864 -0.22128345336910815 3.444068746942577
-2.484346466576516 -2.202844438056421 -2.4750757196153663 -0.700804527157076 2.26483395245783
-2.4257778380711406 -2.767277876579083 -2.19409069348105 -1.707248989927799 2.9305506779590362
-0.8134986074791417 -1.815418227675874 -1.3423434667140475 -2.8938167848791223 2.2259539238836377
1.8465208208177284 1.3400377438927835 -2.5408811752865272 -0.6793815517605646 3.1790203568351494
1.0937941185052242 -2.409200331867753 -2.8793658691743755 -2.640524670037447 1.1263857247649711
2.2225508132785965 -0.0813211012078594 -0.9151673902008368 -0.08545815080264063 3.1399301816990297
-0.1836690758232371 -0.9036590199903887 -2.405673603060841 -1.0895775584444114 2.546159363025806
-0.0406682227540216 -2.6386136153402244 -1.8681784912316837 -1.3283977445537287 3.6126792004376638
1.4183930919837948 -0.3982838788658145 -2.7523184201331934 -0.7041919768309599 2.236980966207762
-0.9060500746146456 -2.6179123081644384 -2.5111558862383516 -1.968287109089768 1.871374639681348
0.7386950882309278 -2.2498655635402076 -1.8153184803155717 -2.6397647335840726 1.542759825723975
1.8171667021028162 -1.2969068693576045 -1.0662116859953192 -0.40763039235303467 4.234942049392755
-0.0253862548810595 -2.600029714247163 -1.0302017425658927 0.3660313544225402 2.3186211887298667
2.5135258814284374 -0.47995854965729823 -1.4773180125525354 -2.9414687461167484 4.353457883660317
-1.2739932568732333 -2.3671964222582256 -1.0371042820751009 -2.8503602448571352 4.367335411332254
1.3658227190114687 -1.5181083301732672 -2.408714351826673 -1.420293112720668 3.7710652261885294
2.6321839847203155 -0.44718207773927254 -2.940243731100747 -2.6745766486694302 3.471031776210096
2.5627133091131036 1.0504847387004501 -2.1013695876291294 -0.8405406268329387 2.1030437013947845
0.7882038997447149 -1.3405396458377283 -1.9555094847081813 -2.9881237097219477 2.8837380843996065
2.4647693046257073 -2.2625305561319347 -2.005797374311295 -2.3886979454133366 3.472635703370969
1.4252493313131591 -2.7110844730158754 -2.4070167568566956 -1.150909432586587 4.466569289301727
2.6759766450011853 -2.7349736252742365 -1.4164862148220094 -2.2115078378833832 1.7369545133839603
1.3741325120200933 -0.8000857893124724 -1.1121937330349465 -0.5810598510891358 2.7376042953920154
2.1558930483953924 -0.39212326862917424 -1.4587001183165658 -2.054347332551286 4.74416900242212
0.4431704955242539 -0.5141169468970603 -2.577913092342327 -1.2742687371907642 2.6073496970329035
2.9628559690934226 1.8499649107138083 -2.095416975065493 0.46480269558408205 1.787330665443827
-2.4348509581006454 -1.7898325361163785 -2.8848602096771447 -0.6096689966641771 0.8705308942186796
2.397924648218286 -1.257898506191605 -2.7213075043701114 -1.3998559800503798 3.7649741554302407
1.4463813303019597 -1.0695902794358245 -2.904682924674699 0.22254989404216863 0.6120073401898452
0.3028017650499848 -0.26508702962164676 -2.6764808408918697 -0.8740155996753729 3.3495769058616953
2.4663880985229216 -0.5650885501647451 -1.7791790829300012 -1.1190276812841873 3.1511169835589223
-2.9299917897070342 -1.4825888321971155 -2.6010991074154464 -0.5572107744136243 4.117339812168317
2.9101162379253482 -0.46391131642170524 -1.8658397440612045 -1.8259970083013743 4.714145192445968
-0.058118276056025486 -2.711921268074322 -2.268274981099466 -0.9417478088657214 1.5145249012807083
2.5700225301716095 -0.48393823162307203 -1.794657170208363 -1.4430492819819407 2.006232235153279
1.9856555038989914 -0.2363020415876389 -2.2552053712686893 -2.713002128192006 3.514539134722825
-0.7853982477845234 -1.599951832323459 -1.8161318703802647 -0.8823107328094508 4.537440143813796
-0.6657932220378058 -2.80597777917154 -2.3970327159596105 -1.8183382777288188 3.6449990548281463
0.5910619649499513 -1.0761965856958806 -2.4472184398153236 -1.3334238501462863 4.239339131476853
1.3173551255054328 0.814702110013592 -1.7303623617267831 0.19850397497764316 4.816981563199262
2.993279167536719 -1.414378671329232 -1.6220726833523806 -1.0954145385581449 4.742585389664037
1.5774592363661952 -1.7033624740996838 -1.778069886021643 -0.3403084051726717 3.407395254376694
2.350807125596015 -2.640345382295595 -1.6024857111440176 -0.06219942361251851 2.6172192226455815
1.378262311322219 -2.086602667924795 -1.1594656769322689 -0.5727125297589586 4.230778434366908
0.5389830508474577 0.7389830508474577 0.25762711864406784 0.7830508474576272 0.5050847457627119 0.5322033898305085 0.5661016949152543 0.7389830508474576 0.5491525423728814 0.7220338983050848 0.6949152542372881 0.7728813559322034 0.7491525423728814 0.7389830508474576 0.728813559322034 0.6779661016949152 0.7457627118644068 0.6745762711864407 0.6305084745762712 0.7661016949152543 0.7694915254237289 0.6644067796610169 0.4711864406779661 0.6915254237288135 0.42711864406779665 0.3288135593220339 0.576271186440678 0.7627118644067797 0.6711864406779662 0.776271186440678 0.7864406779661017 0.27118644067796616 0.7084745762711865 0.7966101694915255 0.6711864406779662 0.7559322033898306 0.7627118644067797 0.5084745762711864 0.6813559322033899 0.7220338983050847 0.6711864406779662 0.6745762711864407 0.552542372881356 0.6542372881355932 0.6610169491525424 0.43389830508474575 0.6305084745762712 0.7118644067796611 0.48135593220338985 0.5627118644067797 0.6576271186440679 0.45423728813559316 0.5389830508474576 0.7593220338983051 0.7050847457627119 0.7559322033898306 0.6101694915254238 0.5389830508474576 0.7932203389830508 0.776271186440678 0.511864406779661 0.7966101694915255 0.752542372881356 0.5898305084745763 0.6440677966101696 0.5152542372881357 0.728813559322034 0.7389830508474576 0.7966101694915255 0.7932203389830509 0.7728813559322034 0.4305084745762713 0.6508474576271187 0.7830508474576272 0.7423728813559323 0.4067796610169492 0.7457627118644068 0.752542372881356 0.7864406779661017 0.7593220338983051 0.7762711864406779 0.735593220338983 0.7966101694915255 0.7016949152542373 0.5457627118644068 0.7491525423728814 0.6813559322033899 0.7084745762711865 0.6203389830508474 0.5932203389830508 0.7389830508474576 0.7830508474576272 0.6576271186440679 0.2915254237288136 0.6338983050847458 0.752542372881356 0.552542372881356 0.5627118644067797 0.6813559322033899 0.7322033898305085
0.010000000000000004 0.010000000000000004 0.010000000000000004 0.010000000000000004 0.010000000000000004 0.010000000000000004 0.010000000000000004 0.010000000000000004 0.010000000000000004 0.010000000000000004 0.010000000000000004 0.010000000000000004 0.010000000000000004 0.010000000000000004 0.010000000000000004 0.010000000000000004 0.010000000000000004 0.010000000000000004 0.010000000000000004 0.010000000000000004 0.010000000000000004 0.010000000000000004 0.010000000000000004 0.010000000000000004 0.010000000000000004 0.010000000000000004 0.010000000000000004 0.010000000000000004 0.010000000000000004 0.010000000000000004 0.010000000000000004 0.010000000000000004 0.010000000000000004 0.010000000000000004 0.010000000000000004 0.010000000000000004 0.010000000000000004 0.010000000000000004 0.010000000000000004 0.010000000000000004 0.010000000000000004 0.010000000000000004 0.010000000000000004 0.010000000000000004 0.010000000000000004 0.010000000000000004 0.010000000000000004 0.010000000000000004 0.010000000000000004 0.010000000000000004 0.010000000000000004 0.010000000000000004 0.010000000000000004 0.010000000000000004 0.010000000000000004 0.010000000000000004 0.010000000000000004 0.010000000000000004 0.010000000000000004 0.010000000000000004 0.010000000000000004 0.010000000000000004 0.010000000000000004 0.010000000000000004 0.010000000000000004 0.010000000000000004 0.010000000000000004 0.010000000000000004 0.010000000000000004 0.010000000000000004 0.010000000000000004 0.010000000000000004 0.010000000000000004 0.010000000000000004 0.010000000000000004 0.010000000000000004 0.010000000000000004 0.010000000000000004 0.010000000000000004 0.010000000000000004 0.010000000000000004 0.010000000000000004 0.010000000000000004 0.010000000000000004 0.010000000000000004 0.010000000000000004 0.010000000000000004 0.010000000000000004 0.010000000000000004 0.010000000000000004 0.010000000000000004 0.010000000000000004 0.010000000000000004 0.010000000000000004 0.010000000000000004 0.010000000000000004 0.010000000000000004 0.010000000000000004 0.010000000000000004 0.010000000000000004
-----
100
2309
0.4
0.6841981905750467 -2.894564127875224 -1.9741001134633687 -1.858340506573711 3.736307459435932
-0.014634520673063811 -2.265194263925291 -2.2151223051015836 -1.2927311900644713 4.398992912865227
-0.8387054277050641 -2.7749651242351154 -2.876568111856512 -0.5838708558712763 4.068148979135082
1.9253232932282005 -1.7408869807381064 -2.150071406191614 -1.5581642483424387 4.471173740361197
0.330414129075995 -2.360576535035909 -2.386357604402245 -0.24048242341632858 2.3075461252523914
0.05758487686726266 -2.8942537596273334 -2.632882800527438 -1.221585621233662 4.834001640081817
-0.6444737721437193 -1.9532516760415384 -2.8901546889204592 0.08031283464754435 4.388911839142845
1.5053180664850343 -1.8325930598169036 -2.3449562697818678 -1.239180728255317 3.8817839073381473
-0.37606307774923087 -2.742786763372397 -2.017816122182163 0.09974647553330374 3.818079599718921
0.03925745766186073 -2.7830775138577435 -2.757967762701883 -0.9565293937840295 4.032358432163587
1.1085346580666142 -1.7848152078597945 -2.242460166091669 -0.8439104481049439 3.7117853595678145
1.7189054772005874 -1.5841278538091532 -2.8327978311496134 -2.262146393704467 4.1046619943973175
0.5173995667192437 -2.4039949340897233 -2.8376862593776386 -2.2396113322807896 3.9022336922182728
-0.8399150949098116 -2.4473186635798196 -2.799192700322234 -1.0187327765147354 3.7386177854625333
0.2244913149920147 -2.5098641046954455 -2.6154083282460783 -0.9038127314003712 3.3652101359886175
-0.3828119863135995 -2.9309473483987443 -1.9967371673735284 -0.6628745192627269 3.7738452405296696
1.6784385957126045 -2.637485163880503 -2.115011381963999 -1.7819409253649694 4.058823114164955
-1.180811188221607 -2.4722259294758535 -2.7609126401788324 0.3754887559167386 2.379531294178314
-0.09763531584816737 -2.5317798538039833 -2.665144257702347 -1.374241864875564 4.087367761091954
1.2169974932343317 -2.743883690722072 -2.660027204270318 -2.7113752122730377 2.8299861759801543
0.6769881569647185 -2.5057177079010344 -2.5049760539841524 -1.9020915676902017 3.060191845678918
-0.6356401754326115 -2.575368388634902 -2.046780918498496 0.38812694994026065 4.451895916637748
-1.765720637167175 -2.932141985586818 -2.3422004037315682 -0.12207655065942757 3.824290946561389
2.234127392380305 -1.080960488878861 -2.3893418597203375 -1.7126628629139262 4.359910717268259
0.7294119373755361 -1.368545643869537 -2.766142370464758 -0.5642916890693604 3.3317639321131103
-0.3630756648081954 -2.6441131616419535 -2.5023809499415997 -2.6225202021903606 3.1325956235099985
1.4805343735826395 -2.2301641948117026 -1.9061403833198414 -0.778067534417791 4.456926797216423
1.6336065315777728 -1.8036312807736006 -2.564776224042767 -1.4401453613842137 2.796782826341739
0.714345916734898 -1.844594839289939 -2.4743420889732866 -1.2312512052978033 4.526003748720143
1.1226817836375593 -1.9723115742051174 -2.5623395487681844 -1.032492886137305 2.7953252261391577
1.7360116257996303 -2.450108702074279 -2.296046924606527 -2.751541113566674 4.117208200426731
-1.362697271984715 -2.884062670548232 -2.7279720194261534 0.2695888379976692 1.5075761910927743
0.03093417529732756 -2.4465682503434953 -2.9832056772182787 -2.2793195949732277 3.3865793777514543
-1.927632515688039 -2.2643787932780413 -2.420001688436543 0.0966155131783571 4.309973539593439
2.0977419263939483 -2.1332479092061374 -2.5423840321140974 -2.5260577055668607 3.2651219252880246
0.366463588804129 -2.5218428949940903 -2.088070521218057 -1.393887919764501 4.233415950702117
2.6249033187197672 -1.8072653166355996 -2.335055583924101 -2.4870129560373235 4.930407287195059
0.04236692228949179 -2.4251777127156826 -2.4964644654033235 -0.5920206683204252 2.2689129031406505
1.7043846148901027 -2.524249941042812 -2.1508111264210252 -1.7116034711053536 3.0582626336248655
0.6790744787671412 -1.3890812493161493 -2.9614897813242314 -0.8224433635887929 4.233905470766014
-1.3567648869705509 -2.6216293904233448 -2.3735627244557773 -0.45574646345854464 3.705432859958102
-1.0816198938458301 -2.4528245505182524 -2.6162053797732288 -1.4398054444022632 2.7579975443570293
-2.7988591873642457 -2.5010531440075012 -2.3359789676705027 -2.0847771330657903 4.24415933751004
-2.107523975967071 -2.4552168786606763 -2.6048543365333687 -0.1901961907547628 3.8751876240542953
-2.2027207662581105 -2.9487821471492475 -2.5251079141848214 -1.6917873756641078 4.601955428840688
0.23459319565974157 -2.4430717226383534 -2.362356670688098 -0.7375788586400037 2.4660400227866353
1.2210074123903403 -1.3824219270768063 -2.7442896781767425 -1.031488697462166 2.625688980001705
-2.145813122945557 -2.776304970544407 -2.5740874956419724 -1.5636045090584727 2.8161200737069505
0.9425052277438313 -2.1711760623343515 -2.5043503399752085 -1.9699354756039043 3.772739115813458
-1.233772971346966 -2.722166685786556 -2.279785950845555 -1.3052785252373986 4.345738353964594
0.62082279295905 -2.7867794419130463 -2.8597682488937792 -2.722810038055674 3.4228322252345604
-0.7587280093709567 -2.1186156856053957 -2.6283071920003773 -0.9379546279002671 4.386833365814693
-1.9664785602862085 -2.344227891411963 -2.2748088533492403 0.438600505559819 4.797240153222177
-1.0727033161427908 -2.9967496155461393 -2.817919528538019 0.05016668301762944 0.735777742122277
1.4497391019410295 -2.6087645155199084 -2.112798971734632 -2.0315003613366134 4.767972679491485
0.29353936512346446 -2.7273379209424506 -2.7502022262645944 -2.0230098451716585 2.751339660901982
1.4683949790542687 -1.8582773429921604 -2.764286043428653 -2.4335990529044986 3.3375806299483277
1.6722034188285888 -1.6335805510148576 -2.646962487738395 -2.155578330623482 4.439767303108817
0.06818474686750386 -1.9820996500575276 -2.5401674271747474 -0.12937454851400632 3.4232891939154433
0.5693394787494457 -2.3402685701328774 -2.746222953116069 -1.1941900606214944 4.1242984288099755
-0.3764050708897757 -2.7568147329764026 -2.752692723430313 -0.6229249466898312 3.8693988384836997
-1.2804443551106277 -2.3256636201645144 -2.763856664698768 0.4876380692224229 1.9540295722925696
0.6031855377670934 -2.8648356590487345 -2.2252475213503073 -1.5784879832968057 3.6234144919651103
-0.5455790553753679 -1.7648396398559885 -2.987337610096956 -0.12388983305786277 3.06682917922628
-0.17536257615883455 -2.3156466961299316 -2.953198555237146 -0.07559835680354654 1.8557260156123354
0.639963919950298 -2.158479729993636 -2.5747424579879965 -1.4864645879204166 3.9558901020820256
-0.13794590523673778 -2.2506462736206143 -2.608314547746276 -0.5967418873688897 3.6481903399918982
-0.02815923842767959 -2.3241179710208404 -2.5057810151143114 -0.7731383444055089 3.326119316825154
1.9370702135983644 -2.060544104021477 -2.9754928484681074 -1.8804247514672618 1.4927229536643492
0.9856831003802546 -2.2887597058598743 -2.037637523675693 -1.0326853604161856 4.14412662470697
-1.4399299774935983 -2.8657293898226435 -2.4057402446664393 -0.3829403722496212 3.824840404029384
-0.6789104036695408 -2.5713798282434013 -2.940046998659521 -0.27685610800603055 3.2905912439030747
-0.419543993812892 -2.485636145185678 -2.774714857507506 -1.7654070674912663 3.3552640211516422
-0.9357448730060698 -2.8658720765747296 -2.518161482119404 -1.3582083563619916 4.423629968952831
0.377895380401958 -2.3355804815571495 -2.832270866991961 -2.3450824606068457 3.1180269757841987
1.0664178250629486 -2.421853782062734 -2.545095449620354 -1.7385793733921002 4.193638984872921
0.6863880508795073 -1.656802182904416 -2.693060284880485 -0.7010269161518008 3.0830747052243677
-1.0163243952651966 -2.590079362606976 -2.040329948125706 0.3320700100920133 4.746142030070174
2.1421116661506936 -2.2575637835905518 -2.9430503134619856 -2.873793040176321 2.227504586037035
0.13733568851754474 -2.3775183251797953 -2.2998627399606173 0.030562033274102292 2.8308665203019983
1.2775133189573606 -1.7827470922182291 -2.2657308490509487 -0.530736672195546 2.6405190617700782
-0.8624692453362526 -2.1250710507189305 -2.4849634103205176 -0.3057182011385071 4.7553672584660065
-0.6467327850732023 -2.3134345626555373 -2.9151443758998243 -0.9461880570661038 2.9502878775708896
0.24649453550583145 -2.9361500705224746 -1.920557316006965 -0.784205598539784 4.204797462803768
0.33895397496327706 -2.6017953730003436 -2.2962791141255177 -0.6543992931917044 4.015002177437668
-0.28794088771313114 -2.718820224483978 -2.284558983536342 -0.6613272617705344 4.453637953544752
2.218738043482289 -2.797489742390657 -2.0234060343662623 -2.4619904943604656 3.8237713100665243
0.8538463530147493 -1.872747659289788 -2.5349447218750636 -1.4061992640040037 3.4695760973438357
2.0530599414234754 -1.5604629814560134 -2.9859767131375863 -2.7382785578410034 3.4549586788269613
0.2827781937517564 -2.418961391860152 -2.7623427507678286 -0.8299827478253298 2.8124253302507864
2.048500601152088 -1.4793077342511172 -2.5077045076748226 -1.607451902462549 3.514525799126291
0.7225098892870037 -1.6777793601647732 -2.9723605788971565 -1.244573155367528 3.24476132798946
0.45428696837584737 -2.9507105938910034 -2.878065322488048 -2.7362202730931515 1.4364266707712445
-1.1845194553418605 -2.7678290901842226 -2.301870103971719 -0.42517989613884716 4.73343020136935
1.7436712583973395 -2.0957439418049706 -2.639046846939905 -2.251820672692503 2.435621335985608
-0.6878892397510379 -2.9490586659347615 -2.718537094425741 -0.2362022885632422 3.8133298120263537
-1.4728126320727906 -2.5124251965356708 -2.2362681699184126 -0.8587017123535168 4.745311452285101
-0.1241963892273028 -1.3928368297365443 -2.9402867278506957 0.16662206362831788 2.77596676543554
2.213822140756257 -2.5087988765127758 -2.0103971166298162 -1.6987145483513661 3.8974389201059365
-2.885955059024024 -2.666010939307784 -2.5114892700191525 -1.3521388179854836 4.967504197548257
0.39322033898305087 0.37966101694915255 0.23389830508474574 0.3593220338983051 0.30508474576271183 0.3559322033898305 0.36610169491525424 0.3762711864406779 0.3389830508474577 0.3525423728813559 0.34237288135593225 0.2847457627118644 0.23728813559322032 0.2610169491525424 0.2677966101694915 0.3864406779661017 0.33898305084745767 0.23728813559322026 0.20000000000000007 0.17627118644067796 0.288135593220339 0.28135593220338984 0.28474576271186447 0.3864406779661017 0.3593220338983051 0.35593220338983056 0.3966101694915254 0.32881355932203393 0.30847457627118635 0.34915254237288135 0.2745762711864407 0.28135593220338984 0.31186440677966104 0.352542372881356 0.2711864406779661 0.3491525423728814 0.37966101694915255 0.31864406779661014 0.3254237288135594 0.39661016949152544 0.30847457627118635 0.3830508474576272 0.3932203389830509 0.3830508474576272 0.24745762711864405 0.2779661016949152 0.39322033898305087 0.32881355932203393 0.3254237288135593 0.3118644067796611 0.1966101694915255 0.359322033898305 0.30847457627118635 0.35593220338983045 0.2745762711864407 0.16610169491525417 0.3762711864406779 0.35593220338983045 0.3254237288135593 0.33898305084745767 0.2576271186440678 0.3254237288135593 0.22033898305084748 0.3864406779661017 0.34576271186440677 0.2135593220338983 0.27796610169491526 0.2779661016949152 0.35593220338983056 0.3016949152542373 0.264406779661017 0.2745762711864407 0.35593220338983045 0.13898305084745766 0.3898305084745763 0.2677966101694915 0.3254237288135593 0.264406779661017 0.2508474576271187 0.3559322033898305 0.3728813559322034 0.26101694915254237 0.36610169491525424 0.37966101694915255 0.35593220338983045 0.21355932203389832 0.3220338983050848 0.3491525423728814 0.38983050847457623 0.29491525423728815 0.39322033898305087 0.2983050847457628 0.32881355932203393 0.264406779661017 0.3254237288135593 0.31864406779661014 0.36610169491525424 0.36610169491525424 0.39661016949152544 0.39999999999999997
0.008268334712416439 0.007322397301331832 0.010628374227999567 0.007620762305599132 0.00874042442815664 0.01086914283371115 0.012572113608103183 0.006684880040801528 0.009994360849569865 0.009180173324198286 0.006437758600477118 0.010400301078115426 0.010643430028052209 0.008531115101782479 0.007472351084701932 0.008244884532000845 0.00827955709650984 0.014051658981644191 0.008240534268114129 0.012624031560135605 0.007736345189105039 0.012383608006066686 0.010593682244519698 0.007989938039426624 0.007736410857440064 0.010779753671612956 0.008146891361943314 0.00730847216506038 0.00753909606771842 0.007049402560151385 0.01149638814547685 0.017972295053856766 0.011787734126278414 0.011285434517034404 0.010294620315271338 0.007387327965212807 0.012577946865790755 0.008149350859102168 0.007701417780567265 0.009548505982323836 0.008403645106551193 0.007982699009976781 0.014437695097478807 0.010491562539049478 0.01327640573862933 0.007485798234785678 0.007636675548253986 0.010098714404067599 0.0076331561782970675 0.008741933610040557 0.014313735951010315 0.008329680063693948 0.01504917714127406 0.022191128269140756 0.010061245507242389 0.009585378644562737 0.009970318203504358 0.00951654568863654 0.008112185479080025 0.008371374761625408 0.009271670884500531 0.016166128545566084 0.007596442617388767 0.010634494849574055 0.012917342803712654 0.007276996945616703 0.007566780432056304 0.00700372996454894 0.014214347824838118 0.0070743559711422075 0.009295240995646901 0.010745006228823507 0.008645333117978472 0.009451839905937618 0.010312133926732964 0.008294112905752566 0.0072616523462785635 0.013310169102284452 0.01840387014632816 0.008942058138040113 0.007254413941538087 0.009891985105494092 0.00877283189524448 0.00864010960114762 0.007655428321784885 0.008604489442552243 0.011146602801958607 0.0066193139446050625 0.014275168022543899 0.008145361572943974 0.007258948778004495 0.008472840973718521 0.01900320243650939 0.010427343920647151 0.009906018587380848 0.01065999315550029 0.009600337161078939 0.01158072973888253 0.008409853683041755 0.015331056348393813
-----
100
285522
0.1
0.1508807348111712 -2.829638537302659 -2.5501799553424673 -2.156475528274707 4.305915014616371
-0.5410044980667463 -2.906057356703753 -2.840343544185235 -1.70685563880709 4.5060206825039515
-1.4962741131907784 -2.8514826923785748 -2.445155522973748 -0.2000349013594641 4.322257275461066
-1.5147364024809447 -2.7583106148896728 -2.657098618867597 -0.6097152107802981 4.314279875557413
0.8416209271769177 -2.918895465497261 -2.565180621951392 -2.8273121136257093 3.988132688393151
0.3140176055459727 -2.889197256581161 -2.68391980201 -2.3442796144214113 3.9923030667461044
0.5918950385424462 -2.8709856972197203 -2.6066680958428967 -2.6981500088828656 3.759598807100275
0.03484745147415835 -2.9992635534563026 -2.6153234824178444 -2.636168118126702 3.4723740239449397
-0.24217211700723518 -2.874464496743647 -2.6662235484484547 -2.0131769245890716 3.617383011023131
-0.45546526114394137 -2.8989902616127474 -2.8725610136534305 -1.7770779304340993 3.566692763322603
-2.4235183916107292 -2.9119184972648164 -2.5740321322544166 0.4062935639990872 3.9107643953963978
0.01370116410294031 -2.9763982051327322 -2.671087843327494 -2.296180999224822 3.12626342812807
-0.9510445070172056 -2.9198079957382914 -2.762266886585614 -1.197409004958244 4.43841402146066
-1.846045942083785 -2.9823176000376583 -2.616769596088224 -0.1094893448315426 4.25904046029964
0.27192620318301364 -2.9890558354448173 -2.648104034437255 -2.2239353210791375 3.815795279900405
-1.9971545110143112 -2.9885656139836216 -2.6956913004253753 0.10267317258941056 3.0686421178193015
-2.2424951258541506 -2.8799030183003618 -2.536987334603304 0.18296746096844246 4.604534812339647
-1.5291243416328197 -2.7788050282678753 -2.5850638399830714 -0.28125327191805927 3.8351659553724806
0.4659707839819206 -2.9296972527037486 -2.6270943586870494 -2.486908464632468 3.6029081163603944
-0.10115995440507475 -2.9527050538175397 -2.631913589912345 -1.8856352481689258 3.4060440124503857
-2.4906771125462956 -2.954073082074363 -2.840326020452631 0.4488137166189037 4.57403744862369
-1.7728720186636577 -2.90303412124752 -2.4666614031485574 -0.28040401408944676 4.960357176994353
-0.40797393469779303 -2.9814154801830837 -2.6841467613329524 -1.6800488793929191 3.8599429499528877
-1.9004901852933085 -2.8602433077103258 -2.6151860437326384 -0.18184990342115545 3.569278453297157
-0.6537939911548384 -2.901746435453646 -2.5623210196215633 -1.5355768319251162 4.709485431796149
-2.0617116289974646 -2.882994628587044 -2.5570096554513806 -0.3420540918020748 3.745945121632203
-0.45366090361186284 -2.796616444674804 -2.4860853839551766 -1.7367372141997723 4.513680051891061
-0.22992747773716293 -2.964220235437725 -2.807081125412597 -1.790120529223461 2.830373071981081
-1.6885680945373591 -2.818190377347749 -2.5530105970088632 -0.5559844836183909 4.361351632342114
-2.040323245523229 -2.6914351301233617 -2.6163769302662563 -0.175968508154851 4.759026248823504
-0.4575050794579205 -2.8042992739532147 -2.5282251578618355 -1.4332223463585154 4.4972374985670625
-0.9098610615311464 -2.8535774113564605 -2.524820147403507 -1.4009000326163312 4.541947721431344
0.6076447607447479 -2.85891972453949 -2.7254501640375657 -2.876231861402592 3.8796622474018227
-0.7003890311388274 -2.7903800299034156 -2.5878879014174068 -1.2643642310311134 4.391773427214205
0.039192846001391196 -2.8339097544042864 -2.5601868429087484 -2.1753286463231727 4.5198755146516945
-0.12296607159792292 -2.921352797176984 -2.5264564020024 -1.77353371753824 4.026766087612371
-1.7847951198270873 -2.9102451114666357 -2.5989718741123276 -0.20869744182165584 4.514049000468165
-1.8893076402492763 -2.6900162002525883 -2.6576548523565235 -0.07306572245479898 4.796989713034159
0.37646165187197983 -2.8151448049611916 -2.5320388528437383 -2.2406795947499143 4.898919949692001
-0.5340620366385016 -2.9608601475747482 -2.476989684088238 -1.613629713926624 4.961957820788502
-2.158023135333738 -2.8231183019333552 -2.3922097025363978 0.2882193447093294 4.725210270765829
-0.32803494747326045 -2.970814016792316 -2.8093119676646547 -1.938827751486155 3.3952504565213184
0.21984683179680758 -2.9195940703577037 -2.566362481229519 -2.518144877062102 4.129148151281882
-2.2324945401025613 -2.862039134949451 -2.688182695463189 -0.05294878375928813 4.070384460580117
-1.0261548970675625 -2.9402743680807717 -2.537807278186006 -1.0069395287845395 3.912864453140748
-2.2221581901147553 -2.9290132028259683 -2.5176468821095277 0.126085225516483 4.463656073468411
-0.27131607755764797 -2.873088975186457 -2.6584600833075935 -1.7752335166856077 4.375894228006589
-0.5683629985929435 -2.9769585773157683 -2.4829089557493105 -1.4004183322614052 4.773718127458459
0.7313760922990393 -2.9209165657457734 -2.548113984505664 -2.8664053775683813 3.9902178995351094
-1.588953108456825 -2.9131922772037875 -2.4891171888398285 -0.6695788422572329 4.893962907276929
-1.7517766369841727 -2.9668174720820635 -2.5252219476412816 -0.42937988839524954 4.71098348370513
-1.1155370193461756 -2.8103273736535326 -2.535316370741156 -0.8921355255424767 4.828937425209797
-0.7205933885006172 -2.874260896226836 -2.7772686465493694 -1.3345138991416488 2.813691508531237
-1.6112432655817979 -2.8222885559921 -2.3904082428683258 -0.40095626987269195 4.971254989205673
-1.8480208947134609 -2.8104707155829054 -2.6109593220941236 -0.007880994067282321 4.075472805866739
0.11040584122195297 -2.8869139191081965 -2.725132175670631 -2.424583687772519 4.509851644060917
-0.6792414700790805 -2.7406318741681814 -2.6371018764214815 -1.3766727455442265 4.040768481957031
-1.3024749001984557 -2.7346570329177773 -2.914037856865662 -0.7955390124102921 3.8029394471574856
0.7372729463477955 -2.950333258207843 -2.766547403057165 -2.9254069841750026 2.657064453306135
-0.7729153766138328 -2.9777219850159744 -2.4674440846896584 -1.6582764493741768 4.430393700791404
-0.9706346965721631 -2.9415220535909468 -2.5064301667631246 -1.2471580388319046 4.107608415361832
0.3613661882713719 -2.944199384501879 -2.5909381193246706 -2.4621081313820508 3.849099243235678
0.39218330186446626 -2.9583205237182058 -2.8002942266598536 -2.970652048760937 3.4308686463932077
-1.1426435253356144 -2.7542348650820183 -2.5827488491244175 -1.0005331510626327 4.987467531839757
-2.592418241574123 -2.831837255632907 -2.704899540471628 0.47311299695729936 4.716954726833667
-2.2516495044846927 -2.9931706173774986 -2.732145960281321 0.23611106719301014 2.882446577369379
-0.7177415727355878 -2.884383821950442 -2.617807262671603 -1.449162807783109 4.612437330887395
0.8740313892605247 -2.856262378864542 -2.556143340072682 -2.9781799241012665 4.182748414892746
-1.3779504423903017 -2.9560826533271487 -2.4736096119151365 -0.7809057882131789 4.472072838619197
-1.8226534823976017 -2.849833464107591 -2.533491417468954 -0.16483147886953287 4.553262259415737
-1.726651651605112 -2.9462172657586283 -2.425454320254798 -0.37766689101904005 4.8826988740856825
-0.08753611708683762 -2.9279309500129838 -2.606746822903609 -2.1570055561677637 4.5865428942924265
-1.2856402064533459 -2.988370849541884 -2.8989415764782462 -0.9008453696838685 3.71309910123562
-0.9040088258130747 -2.991248058758279 -2.61137034985357 -1.2096711645151248 4.59513371971416
-0.1380441606395557 -2.9370768416193767 -2.600259540954394 -2.1204709669596475 4.6133359398960945
-1.4097635289532158 -2.9840298459728047 -2.6685744272911522 -0.6227141313846234 3.254125159730138
-0.44874296904395555 -2.9583940272782967 -2.825989406961107 -1.7836512061915062 4.310646500654031
-0.5920551285160087 -2.8105015074038637 -2.620229276359132 -1.3561900893409875 3.9597006197042632
0.6436037308434428 -2.955397148458363 -2.5540116031102693 -2.6477656970985026 3.282402390473547
-1.712192306419894 -2.96152629055583 -2.740223398262471 -0.1622883004387775 3.561825429518257
-1.082393212959037 -2.7022875112214186 -2.6029341766372553 -0.8729921436452782 4.421589396402957
-2.166420974955975 -2.948794779896253 -2.622446565881708 0.1126089697036129 4.363927474320958
-0.2260597092046267 -2.865971115137845 -2.5261293346442457 -1.9442005415202457 4.722683162560182
-2.0914051239960463 -2.8402500771858463 -2.7363196081889707 -0.33679764285013314 3.769803571880834
0.1674691094336342 -2.9830372398324174 -2.6623070822505324 -2.4309310553108636 3.7579930771561525
-0.4749320061790215 -2.9933188796090557 -2.5328957413447135 -1.7402784625825625 4.382614316867651
-0.519502651338343 -2.986122973564111 -2.7165768673512547 -1.7311109017957744 3.942849316898896
0.4332114153193949 -2.874715786537095 -2.794053389105866 -2.621266907178316 3.088014765093994
-0.3911966831941447 -2.917754975356459 -2.620713236334546 -1.526779815363159 4.656169059589355
0.6474052763941223 -2.836964201634796 -2.683791290033893 -2.6245215450191073 3.4497789453914445
-2.065385539678272 -2.980480130322869 -2.5112659838817075 -0.4035404953833168 4.843956631582008
-2.7977909277485473 -2.972669036773018 -2.5261472704451338 0.3497962135223067 4.698941171225566
-2.471460352294565 -2.912482443263353 -2.589506903846302 0.31714659918443155 4.946084013768111
-2.475631555773141 -2.947224385863466 -2.634728614119649 0.45134465677295493 3.427618457838635
0.4130586346446487 -2.9691967377375055 -2.587932403162614 -2.375387276744384 4.037337215384189
-1.4720993298525182 -2.8329367042366917 -2.561096159589306 -1.07013531144005 4.78560040816227
-1.3048734222702605 -2.9091655240202696 -2.5986647388869017 -1.173736472795891 4.463550498099067
-0.7007295922959075 -2.838853453185995 -2.725602671987738 -1.40881625605252 3.0257131213840522
-1.4479889426320136 -2.9079459099416103 -2.4183200647572396 -1.0744915111380664 4.930587134096268
-1.7578040173575782 -2.950836551645777 -2.5932204514549744 -0.23240244952795575 4.495604723094369
0.09152542372881356 0.09152542372881356 0.09830508474576272 0.09491525423728814 0.09152542372881356 0.08474576271186446 0.08813559322033897 0.0949152542372882 0.09152542372881356 0.0779661016949153 0.09152542372881356 0.09491525423728808 0.09491525423728814 0.08813559322033897 0.09152542372881355 0.09830508474576272 0.08135593220338982 0.08474576271186439 0.08813559322033904 0.09152542372881356 0.09152542372881356 0.09830508474576272 0.09152542372881355 0.09152542372881356 0.09491525423728812 0.0949152542372882 0.09152542372881356 0.09152542372881355 0.08813559322033898 0.08813559322033904 0.09830508474576272 0.08813559322033893 0.08813559322033904 0.09491525423728814 0.08474576271186451 0.09491525423728808 0.09152542372881356 0.08813559322033897 0.09830508474576272 0.09830508474576272 0.09491525423728808 0.09830508474576269 0.09830508474576272 0.09830508474576272 0.09491525423728814 0.09830508474576272 0.09491525423728812 0.09491525423728814 0.0847457627118644 0.08135593220338988 0.08135593220338988 0.09491525423728812 0.07118644067796609 0.09830508474576272 0.09491525423728812 0.09830508474576269 0.09830508474576272 0.09491525423728814 0.09830508474576272 0.09491525423728814 0.0949152542372882 0.09830508474576272 0.09830508474576272 0.09830508474576272 0.0847457627118644 0.09152542372881356 0.09491525423728812 0.09152542372881356 0.09830508474576272 0.09491525423728814 0.07796610169491536 0.09491525423728814 0.0847457627118644 0.09152542372881355 0.09830508474576272 0.08474576271186439 0.09830508474576272 0.088135593220339 0.0949152542372882 0.08135593220338988 0.09830508474576272 0.09830508474576272 0.08135593220338988 0.08474576271186439 0.08135593220338988 0.08813559322033904 0.09830508474576269 0.09152542372881357 0.09491525423728812 0.09830508474576269 0.09830508474576272 0.09830508474576272 0.0949152542372882 0.09152542372881355 0.09152542372881357 0.09152542372881356 0.09152542372881356 0.09152542372881356 0.09830508474576272 0.08135593220338977
0.008949753958039734 0.010172942390861686 0.007903439943976746 0.007451016240324367 0.012933729775728365 0.009707365178743366 0.010859379687323785 0.011515111118401705 0.008123044095726997 0.009076927944755113 0.013322656241897013 0.010081407611755255 0.008522785328129799 0.009854655944996136 0.00973366565465056 0.012384218122284815 0.0116802971190408 0.007463829149839383 0.010133853328472978 0.008385494591493764 0.02117885804409712 0.010012491183121884 0.008196745434512561 0.008959981218331038 0.008512253890088181 0.008836216360046304 0.00789436091384061 0.00991343904383329 0.007605996188944521 0.009746072799475819 0.007305274890889715 0.007576448067279748 0.01238354778126355 0.006941427188338944 0.009640500885179294 0.007862482388114211 0.009261656731113817 0.010178289056197014 0.01203179300545182 0.010089614142613727 0.011652787359216033 0.009429638948473604 0.010816319449149493 0.01060202122425282 0.007114844966331841 0.011267408117083969 0.008301265067895787 0.008904157226616954 0.013138540544559018 0.008955512189853895 0.009315183451070255 0.00786731860615503 0.008832366915330382 0.0091436972139645 0.008897942227507831 0.01195842425109664 0.006618024884446738 0.008770719186470951 0.013725717462084792 0.008528276513503841 0.007275001337576107 0.010297934002610918 0.013677896605917112 0.008445568321851678 0.017725398585163477 0.01493649564215195 0.008124702559044412 0.014234904745038354 0.007828786344096565 0.008920186738967082 0.009689958983870922 0.0105172481207676 0.010022249292166469 0.008429675080893637 0.010496220168642429 0.008773306136436444 0.009973398970269186 0.0067107415611971566 0.011437607999292517 0.009952679840837933 0.006776817608231972 0.011584314922702432 0.009559313973572153 0.009595206709809812 0.010435340310522493 0.008700149503671395 0.008556939027138463 0.010749292646504396 0.00864510308367287 0.010079596718646354 0.010558149031445085 0.017064711791747705 0.015989664731396933 0.015252145375198787 0.010491649520565189 0.008198722518227041 0.007793835129238201 0.007975685685258553 0.008945279070805699 0.009354933160612576
