5
100 100 100
1682 1342 17397
0.8 0.4 0.1
-----
100
1682
0.8
-1.8518717987034625 -2.835993203693374 -2.9077586828501487 -2.081408785498739 4.490933327045459
2.935659888914243 -1.8950608054425895 -1.815965085589541 -2.1150991153100716 4.54871072683262
2.307495980960523 -2.1493931982228975 -2.4791165709872285 -2.2131498762698825 3.937148120412568
-0.2820951544868775 -1.2450605357780051 -2.4272606824546203 -0.5463209822653767 4.734545984057311
-0.08050247632592411 -2.809629412638398 -1.6456345259063951 -2.4750323240976577 3.87496559023326
2.9983316567556386 -1.609490715731472 -1.572982139134881 -1.3946430750934766 3.4399547717768773
1.891421909492288 -1.8510017954460412 -1.7510584813768775 -0.13178153711421503 4.5657548202461316
-2.256936778200617 -2.248412154412382 -2.6808472920115194 -0.3291478547084412 2.3657373499685996
1.7036427056714682 -1.55377216443142 -2.5420092038965687 -0.015796300993895063 1.8470810221697753
1.8317468615678205 -1.9363907572867798 -2.8146354106078464 -2.7078741844144996 4.6047098913814555
-2.6528390211419053 -2.515536456995895 -2.138536823907202 -2.835114312775652 2.1690696092032624
2.24957950168373 0.1673696439436516 -2.966302879266812 -1.0935794240308376 3.584592769598963
1.6032510658931702 -2.6579861445671007 -2.8994930325110766 -2.9295222575608726 3.7208695767955993
-2.1109897099484085 -2.5907455952084333 -2.482656834400957 -0.4428348080038589 1.170122465554957
-1.0487937700247714 -2.3749707112166623 -2.018881352620167 -1.7793787058792092 2.066492113409506
-0.884561883513145 -2.458760221881735 -2.262475801636629 -0.1301402774040623 2.645940457188747
0.9193019581442488 -2.3453934068298317 -2.6161176407235343 -0.9141851410699204 2.8533865642023715
2.4116227088394453 -1.2521783213461846 -2.90618881884807 -2.198245769853521 4.6492198329853185
-0.45339817600260357 -2.296413616164776 -2.146744663411111 -1.282193889536602 2.8488711255714816
-1.5624691857267514 -2.629519066017309 -2.8709882659683092 -2.4646937256808896 3.1667078719603117
-0.6052112498476947 -1.4180192055774667 -2.156401660101793 -0.10091527867192696 2.7736704320062833
-1.9025887432329385 -2.840596645583196 -2.56623041713498 -0.42693855315489326 3.642510082490338
1.9563666115898855 -0.5114864651415649 -2.368051687460672 0.1951102853404061 3.309316052746211
1.936778793760407 -1.3857443089571193 -2.2358657306913328 -1.0133797939657172 4.558632835304265
-0.9336687578653851 -1.8237505771060056 -2.492250319873592 0.03109285778231996 3.4591495330111743
-1.3743191188598711 -2.5773496340729856 -1.955694139738621 -0.6950254592350413 4.787819937689257
2.5593277661684857 -0.6766091135779164 -1.654244437162001 0.005719317795858991 3.4287202628005273
2.1622317567413045 -1.1403998241674005 -1.7602974472602058 0.29867615272752523 4.124811946216738
1.5377072269138914 -2.1096136979834283 -1.8702185420248307 -1.0812260992881926 4.308089662231084
2.9848917615495694 -2.2477814601884156 -1.954175955557473 -1.5796519031438863 4.512308576998912
2.905750548839279 -1.7964580648202806 -1.6661676214775039 -1.9281196935896083 3.9546810370750283
0.057316331754780236 -2.67759083118364 -1.384273638542659 -2.3361160599155935 4.87380081058339
0.2429628521984144 -2.290015009384139 -1.5198855262655115 -0.7591749783346913 4.256677316747728
0.2897445328726076 -1.7155263818874502 -2.792228921454694 0.21820925216138765 0.7541185845886911
2.838763381896034 -2.0180265051441304 -2.2715264867073177 0.20320007558397757 0.5742329175345096
-1.7626449700390343 -2.9187124536237126 -2.2745537402138503 -1.7549541727269389 2.7667031935994824
-0.7738785051769659 -2.0612821714127203 -2.9864033978554785 -0.08961469809895428 1.3730268320571914
0.016803004828302992 -2.192816330065862 -2.1909715550578928 0.03817908519959179 2.6110636160183276
1.2210982392176604 -2.509237520571532 -1.8215718126658071 -1.8583908614215112 3.4563873800042333
2.6881492437648333 -0.817850859258404 -1.9026485327147147 0.4524720259118622 2.297254738458724
-0.43696060821400273 -1.9740917694049922 -2.9154502260182884 -0.6801773059929057 1.164848909591465
0.10848294343637122 -1.666758321842118 -1.8580636017943624 -0.20864947532337208 3.260115367871157
-0.3561074908340478 -2.4813577072014525 -2.1050833534196025 -0.1428795897449291 2.1763706041230013
1.6100686173765153 -1.2570361915916477 -1.8492933568134013 -0.8212092742580657 3.7192194230897693
-1.7350470107518468 -1.767288499225781 -2.06200204571999 0.341584138648122 4.909425869579095
-0.8626931957630624 -1.478823595721419 -2.702094051313646 0.2965962035405867 1.319109356625472
0.5741760952470503 -0.8594235666758627 -2.6478334975265834 -0.6804444059732386 2.835889751362867
-0.5690956645768335 -2.335540629533947 -2.1060685723425308 -0.777686170885652 3.7386953188499317
2.378759002745065 -2.7274513038848704 -2.685720224726097 -1.9629885110882817 1.5166911674103345
2.4423340396899222 1.0038286161976835 -2.6026906073125553 0.03220222398082395 3.667658767595751
-1.3949856199620871 -2.8171524666606875 -1.635651575939571 0.4805097319746636 1.988799600886092
-0.8680627670403496 -2.7644552712353625 -2.018016182370945 -0.63582098485307 3.783100432297771
2.3521259522362374 -2.705329877151827 -1.575888251065948 -1.4823031407943217 4.59911083422897
2.696311300412364 -1.542005720985434 -2.350957167009409 -0.8566918324835138 1.8818550874745643
-1.2313725754228084 -2.84010586715245 -1.7021321238371527 -0.21397015602172553 2.324981191877211
0.03558098912246388 -1.2391467899138355 -1.8297281604763551 -0.8326746064533794 4.286119467377776
1.6747924591019174 -2.179735523368623 -2.1732109117258247 -1.8751926873729903 2.2058606747785836
0.7654745972222283 -2.7234407982430104 -2.055341432511625 -0.38315702010420694 0.7816991781743243
0.2964560021714502 -0.9406866943037295 -2.270973245893959 0.32065749587144765 3.39959309254675
1.5992220274510665 -2.3634361566852147 -1.4968655612173194 -1.412050950680599 2.6104038411548123
-2.950749303406116 -2.245725712318325 -1.8167688616102478 -1.0983207766656768 2.622816216356869
0.39529717234330564 -0.19365514522679828 -2.6939841496480614 0.005552924167848694 3.617557353646037
0.5684834471150353 -2.802383230844255 -2.5670969746219483 -1.6180524597961712 4.348316898689239
1.933008206952545 -0.41769546886293574 -2.5508061124823698 -1.5460190221619774 4.935696536737163
2.8202519290664654 -1.8035609550772755 -2.638301331436491 -1.058030769793251 1.0666772312984085
0.9120512297545327 -1.9390789755118525 -2.2167743523453156 0.4717629678031794 2.0271413039592523
-1.261431405169911 -1.8236563151732037 -1.704477263718538 -2.322534793701778 3.779895978990788
2.8743924622947787 1.705351996460875 -2.8656874248350674 -0.5115261399848401 3.1059438337630807
-0.911904269086294 -2.3180795197327257 -2.0237169502249026 -2.2422858127979524 4.063127374842285
1.9879622012472398 -0.4978317163075294 -2.8112439424326774 -2.236804124103249 3.3761385725270108
-1.7938654340790121 -1.8677362527275427 -1.8731220172389662 -2.352018340184392 2.938834720276345
2.103522577439451 -2.2255137957798605 -1.8153388106092483 0.2122422702401856 3.1043422079710323
0.5831497235541505 -0.7932563623732145 -2.878318969120912 0.40287612667748096 2.940893494936309
-1.6504705481088728 -1.9458673966448785 -2.6347455299231926 -1.695236371711652 4.870634043731168
0.26013134145388017 -1.060985157805908 -1.8259842496495162 -0.1043680225108723 3.081731171943869
2.5242333644331554 -2.8461767607905255 -1.9737930594642816 -1.2452604042050606 3.4260308175375522
-0.4531707395557838 -2.6031931107722768 -2.9846383599740176 -1.6043190546320267 3.2070758355529128
1.4221009935715632 -2.179402826315536 -2.1824102169627526 0.4545874876040874 2.81406154637731
2.5720764893313284 -0.11069475889547942 -2.417738655827729 -1.2467543942773411 2.1934972945263786
0.48444149604376774 -1.6033873954356057 -2.0534534370196575 -0.0035004965190035264 3.9134196772701357
1.393697250040291 -1.4347738001073185 -1.9462672912288106 0.4009109711161041 1.5548838393127506
-1.9917871173298978 -2.9392086906600743 -2.8113055246961434 -1.5881547601965638 4.540970636941735
0.37977947029554704 -1.5871625194796004 -2.4796489766670993 -2.929264901622537 4.442075957506394
2.5128753572134803 -2.6612780471406796 -1.6021661042479876 -0.5902610637710621 2.505619447501032
-0.5376302586431478 -1.5194360633868986 -2.0368802115820266 -0.45855447954014794 2.815107376987922
2.723861474681245 -2.3762538257938908 -1.4010901885521627 -0.28208160654760395 3.1230352054535624
2.2435408458071766 0.2262675650849526 -2.6616478478908614 -1.3796774407563395 4.238399450748523
-0.5590489169728734 -2.229914642173755 -2.398408095489501 -2.9876749350556664 2.8904049249140185
0.2513568229218075 -0.7901598938584931 -2.8881418717111966 -0.7659007696329176 2.8421618501085577
-1.538445577435367 -1.938083421653746 -2.2804445021204893 0.4095068539412523 3.5238780022903127
-0.5597152344150538 -2.742121423314325 -2.0595202783491042 -0.5202197405166626 2.0784402052315842
0.1264629383095115 -2.894554004704358 -2.3240129550495876 -1.5732454398330513 4.648212735497333
1.039395417266972 -1.2822140726036544 -2.452748533013264 0.2732328994472928 2.3823232592989143
1.108425788640453 -2.981032861573426 -2.035870934715849 -0.4811862753599261 4.457062774180497
2.114444886705643 -2.456205720766747 -2.1975283138491504 -0.7861602878315463 2.6310832855586517
-1.1941050394897652 -1.9475512414350225 -2.369826532359119 0.39863828342665686 2.6772751826591215
2.4588920519401363 -0.9488965766633739 -1.9611887124142378 0.2301456394691117 2.7135270716247852
-0.8335852103898636 -2.445427106139153 -2.251702753641939 -2.396505157700122 2.651167542633852
-0.6848704846040059 -2.9013222844757642 -2.4845460548979075 -0.8477222020247872 4.833280389413158
-2.4645859612892678 -2.880964961604371 -2.294278392566805 -1.0084198465684509 1.0143325917509982
0.45762711864406774 0.3593220338983051 0.5966101694915255 0.6101694915254237 0.6203389830508474 0.6542372881355933 0.4440677966101695 0.6508474576271187 0.7932203389830509 0.22372881355932203 0.6677966101694915 0.4203389830508475 0.21016949152542375 0.6474576271186441 0.7389830508474577 0.37966101694915255 0.535593220338983 0.6745762711864407 0.5220338983050847 0.49491525423728816 0.7220338983050848 0.19661016949152543 0.7898305084745764 0.6338983050847458 0.3830508474576272 0.4 0.5966101694915253 0.4 0.3220338983050848 0.6610169491525424 0.5254237288135594 0.7084745762711865 0.6305084745762712 0.5694915254237289 0.7457627118644068 0.3830508474576271 0.45762711864406774 0.24745762711864416 0.4440677966101695 0.535593220338983 0.6474576271186441 0.5864406779661017 0.37966101694915255 0.528813559322034 0.5796610169491525 0.7254237288135592 0.6406779661016949 0.3864406779661017 0.664406779661017 0.4610169491525424 0.7932203389830508 0.3627118644067796 0.528813559322034 0.6508474576271186 0.7118644067796611 0.7796610169491526 0.37966101694915255 0.7898305084745764 0.46440677966101696 0.7898305084745763 0.7966101694915255 0.6813559322033899 0.41355932203389834 0.5084745762711864 0.6949152542372882 0.5084745762711864 0.7932203389830508 0.6610169491525424 0.5322033898305085 0.728813559322034 0.7932203389830509 0.46101694915254243 0.6847457627118645 0.6508474576271187 0.7627118644067796 0.5457627118644067 0.1694915254237288 0.7186440677966103 0.6813559322033899 0.2949152542372881 0.6677966101694915 0.30508474576271183 0.7220338983050848 0.7220338983050847 0.7457627118644068 0.7728813559322034 0.6372881355932204 0.6610169491525424 0.7152542372881356 0.4440677966101695 0.488135593220339 0.2067796610169491 0.6372881355932203 0.6745762711864407 0.6779661016949153 0.464406779661017 0.43389830508474575 0.6033898305084746 0.4033898305084746 0.7627118644067797
0.010000000000000004 0.010000000000000004 0.010000000000000004 0.010000000000000004 0.010000000000000004 0.010000000000000004 0.010000000000000004 0.010000000000000004 0.010000000000000004 0.010000000000000004 0.010000000000000004 0.010000000000000004 0.010000000000000004 0.010000000000000004 0.010000000000000004 0.010000000000000004 0.010000000000000004 0.010000000000000004 0.010000000000000004 0.010000000000000004 0.010000000000000004 0.010000000000000004 0.010000000000000004 0.010000000000000004 0.010000000000000004 0.010000000000000004 0.010000000000000004 0.010000000000000004 0.010000000000000004 0.010000000000000004 0.010000000000000004 0.010000000000000004 0.010000000000000004 0.010000000000000004 0.010000000000000004 0.010000000000000004 0.010000000000000004 0.010000000000000004 0.010000000000000004 0.010000000000000004 0.010000000000000004 0.010000000000000004 0.010000000000000004 0.010000000000000004 0.010000000000000004 0.010000000000000004 0.010000000000000004 0.010000000000000004 0.010000000000000004 0.010000000000000004 0.010000000000000004 0.010000000000000004 0.010000000000000004 0.010000000000000004 0.010000000000000004 0.010000000000000004 0.010000000000000004 0.010000000000000004 0.010000000000000004 0.010000000000000004 0.010000000000000004 0.010000000000000004 0.010000000000000004 0.010000000000000004 0.010000000000000004 0.010000000000000004 0.010000000000000004 0.010000000000000004 0.010000000000000004 0.010000000000000004 0.010000000000000004 0.010000000000000004 0.010000000000000004 0.010000000000000004 0.010000000000000004 0.010000000000000004 0.010000000000000004 0.010000000000000004 0.010000000000000004 0.010000000000000004 0.010000000000000004 0.010000000000000004 0.010000000000000004 0.010000000000000004 0.010000000000000004 0.010000000000000004 0.010000000000000004 0.010000000000000004 0.010000000000000004 0.010000000000000004 0.010000000000000004 0.010000000000000004 0.010000000000000004 0.010000000000000004 0.010000000000000004 0.010000000000000004 0.010000000000000004 0.010000000000000004 0.010000000000000004 0.010000000000000004
-----
100
1342
0.4
-2.2049174927139896 -2.758471679105371 -2.2487231308280275 -0.48884331484002475 4.225375081398301
1.1545772163147938 -1.8575796294816036 -2.9317294616242666 -1.4000571257950993 2.2961895879686214
1.9030844131286622 -2.4049739753241863 -2.310492878587172 -2.888234661342752 4.648981162074437
0.45015091867759693 -2.815453846666856 -2.72234492554398 -1.9445236337575782 2.3048428772215583
0.29377816238725174 -2.7945568893934802 -1.9776637823611354 -1.6268928984626854 3.680328094134012
1.7734724546666023 -2.532818725508785 -1.681280105412562 -0.5945071915325708 4.9308209576822755
1.8915211787660655 -2.126094800649865 -1.8281982420481144 -1.3947595573310532 4.972187134488103
-0.8660749748753731 -2.4097276436684645 -2.846584062532731 -0.5119965275531968 4.509738257206908
2.037669908889155 -1.5415960418575818 -2.5232064179715072 -1.9865556043842014 2.9555115754597994
-0.4934640946442854 -2.6025651228026927 -2.127869955929147 -0.1513551252136084 4.045976920824018
-0.021501091778053483 -2.140443541322419 -2.8037770642652147 0.0293837840700861 1.527939332893292
-1.7966338211511652 -2.826781198899577 -2.5985815168226254 -0.5638658632245527 2.418323472938206
1.9213366230717421 -1.623512564994041 -2.4667694768817916 -2.432706139916743 4.44417293017197
0.8731573077137509 -2.3007330924384526 -2.0481229990543603 -1.4803400773165265 4.091010962232312
-0.5277429257407129 -2.2910302779739005 -2.4989658307512514 -1.490877091856218 3.7345152897958815
-1.1910621443870846 -2.813258772333897 -2.11426452697887 -0.21548087685295272 3.707423566728159
0.24060407617055857 -1.3650969052125808 -2.615745110217449 -0.11858869610317602 2.5729628091496646
1.2122887235675288 -2.0683038999644916 -2.0589590737339076 -1.0606844868971916 2.7421691348338246
-0.2872182455422618 -2.995517790377133 -2.2529852601355635 -0.7365466887409452 2.4083469104866113
0.11918654276793994 -1.9720282340082982 -2.9715845733844146 -0.39016755326559016 1.937017617458888
0.4327244580693761 -2.9890516670345053 -2.0809615901325658 -1.5931568141447379 3.6470579133475285
-0.4647692492898422 -2.7736999525481876 -2.5504403865198952 -1.9908080625431497 4.19629903678247
-0.9618307714144543 -2.5215986403663533 -2.657723905146594 0.20151640003884363 4.0211760568410915
-0.19631406793397832 -2.839389464062943 -2.4543347625083682 -2.909736200964016 3.7406336332639483
-1.6917435091102888 -2.965499197201291 -2.6472211448763656 -1.9067986415618288 2.1120340971673555
2.2037475895241547 -2.2105856764775247 -2.0613736727619107 -2.4198153280575303 3.2098778974222135
0.9850966918495447 -2.3378530612022503 -2.325779975022514 -0.9605225448681288 3.180745623818164
-0.08065213816069594 -2.0507910114600487 -2.5115483044215425 -0.1713667764824558 2.935830614380688
0.667772717199989 -2.6476303855894003 -2.7836042038187263 -2.815171716885051 4.087966064398649
1.1241376537597825 -1.9966755784452976 -2.2240602349621703 -1.5727825451062334 3.4856309739264355
1.1581400135134146 -2.831312220548644 -2.7065098988636525 -2.6060428419780886 2.52765520301491
0.3356232999809814 -1.8317963963704331 -2.764230593541571 -0.830580397510962 3.963523914373602
1.6936779412008776 -1.337996526668969 -2.695408831946203 -1.8450324728619933 4.082778408835287
0.1161340282972787 -2.039709505861149 -2.6298006783002412 -0.6412242834784627 2.795673733764442
-0.1775538315920251 -2.699303613350302 -1.92191840525676 -0.05372773337559389 4.279287729482549
0.6289661714423318 -1.2781735596292276 -2.63897002691326 -0.04092767194702607 2.489279222197225
-0.3930894322215065 -2.198064291885041 -2.2442139174679805 -0.5792588666130039 4.372257879158253
0.10796721036070162 -2.475518883012106 -1.958865572107217 -0.20620765202043534 4.05631295852481
-0.4614229763025932 -2.1621623788707645 -2.2449939533712007 0.1034213766698997 4.572229987973531
0.21542262862214745 -1.8254035832164983 -1.8092517363136134 0.4337402740330851 4.666566846101826
0.8235176655365523 -2.537769068044863 -2.9320663636613196 -2.314509067960255 4.051609777460326
-1.5894658233722052 -2.417210922212232 -2.792423471484211 -0.47794540778521777 4.898552444392455
1.0090328801789707 -2.5211080887836665 -2.4117984259737963 -1.8899572046423885 3.0789042820097143
-0.4981741521514986 -2.7135419824649176 -2.8514457375270497 -0.0892438150717492 1.4747893811214923
0.17735496925217697 -2.600716366889999 -2.1925749265514396 -0.9689786655376561 2.2732614038419903
-0.37515298554678944 -2.4623085447394226 -2.5968262112787315 -0.22287665166985646 1.2551925591565518
0.9442374190207123 -2.852415407080609 -2.155431673271589 -1.6810997561881913 4.83339645265166
0.8308587544057002 -2.6511489701744924 -2.0512641786830796 -1.0452117191227237 3.51430589127618
1.4308922882504367 -1.3705141902519369 -2.412978564363991 -0.7877378316254664 2.529081305235958
-2.2665752810345956 -2.94073179672094 -2.328182459176083 -0.2590583823483552 4.405008820039243
1.169797483865548 -2.3144433894095675 -2.086213128387654 -1.2049693887092348 2.8609895570800825
-1.0255213455012298 -2.440630377071296 -2.6067224170826124 -0.1925694016663333 4.429814083200634
0.20728497088417197 -2.0350938954606477 -2.9963966296943747 -1.229605483606497 4.727859517642712
-2.2461306389062194 -2.9593092768845617 -2.171340191969405 0.06118985582232275 3.327282775983809
1.8034552573936757 -2.672996354889251 -2.4494436575675462 -2.804498278211317 2.9148629049311907
0.7076624116436538 -2.400374666789589 -2.059779219941873 -1.0372979908542361 3.2310788672826765
0.5601440717041795 -2.439876272342263 -2.3437462134678344 -2.398224099310091 2.597826491799741
0.37617963257277376 -2.5571093320310294 -2.8300103497476856 -2.5603771420293935 3.0390788504178072
-1.3582034818821571 -2.8195223112097993 -2.377353184553326 -1.2666180963071998 3.3071392839669596
-0.3868926404512276 -2.5809691665440546 -2.329601540504273 -1.466549927817101 3.392663158817311
0.918212724911665 -2.5054316800150347 -2.932848578269688 -2.467307197762968 1.451222410304719
0.3429437033687802 -2.867784713312286 -2.6082330608482023 -1.607709598142713 3.0464746586480578
-2.167176770550071 -2.9219361583900536 -2.0988395684139407 0.3179579670187681 4.100598878362505
2.3450512503006 -2.3032937259116455 -2.0303166517759093 -2.2405531785210027 4.089422752267851
-1.279881935845163 -2.628887854608798 -2.808864442976173 0.431663497578867 3.2282042418460963
0.9662452285375143 -2.0255749436916 -2.8277951996585884 -0.8561392168780089 1.3632075716962373
-2.3958520127313667 -2.8518601939866812 -2.745388756238455 -0.36819588945996107 3.498599337615142
0.29739551662575936 -2.0979656737175207 -2.272800463367024 -1.067524094309508 4.225993264492714
0.7061116951066679 -1.852025087909217 -2.2424171704382028 -0.47219361446788355 2.824981316967081
1.4109983233661336 -1.9262268963276823 -2.3880642003477086 -1.8323616442247879 2.771472974347198
-2.083363181968837 -2.692284571062884 -2.171734676444347 -1.2889737953014926 4.684156021852691
1.2974106094889275 -1.8178539338520752 -2.267750104425798 -1.6314147476453909 4.002599649065176
-2.8027960551335753 -2.789605119204935 -2.4031454347492924 0.25891143669742434 4.726793725521231
-0.09285926756902652 -2.214751714433301 -2.387508583894997 -1.4164186023228655 4.020474486374879
0.27005032440487664 -2.6268844805062135 -2.597586181978941 -1.4667788920906475 4.444484038533674
0.08270580575220765 -2.1085389739912754 -2.260371723720835 -1.0596611781433487 4.147832970711706
0.8986621551951828 -2.949839094922992 -2.091166829483934 -1.6683627743245915 4.3651687540198605
0.8369028382343415 -2.4050153591211405 -2.4028202525713023 -1.1609417034292473 2.380136157637333
-1.4422191657808432 -2.3010706260267533 -2.5465027111977965 0.05870076142141978 3.6736897583275665
-2.8419305719025783 -2.8005336503701583 -2.9876351373507952 0.30100394701471744 4.267207420494943
-0.33952070710493754 -1.7143881091743463 -2.966551907728931 -0.558522797007301 2.6710185962170465
1.8463794401048956 -0.6958148388854178 -1.977772861784446 -0.5563076211584659 4.541419502169383
0.0025277387018356468 -2.9375022978903127 -2.1186521302703363 -1.8572168158722608 3.7667780072574115
1.6921177822002704 -2.6764883258852104 -1.820125641854719 -1.5982289559741272 3.750124565118509
1.1054016930011907 -1.569005528534634 -2.687448963191651 -1.0361428872463407 2.4939373767880424
0.5332272427371638 -1.9455462016542497 -2.1080551923448665 -1.3845825649390846 4.102568230946212
-0.3739038366706253 -2.79740453148312 -2.588086408319263 -0.35210236810028384 3.0993609421161605
0.11584554901525834 -2.3967312735969735 -2.3300354746786813 0.2352205615731262 1.5093076712085294
-1.0110377492569425 -2.5725273521220506 -2.584409559717025 -0.27507244384235 4.307429846277919
-1.5703299978513074 -2.2159379060431585 -2.8859251677744924 -0.03896598598050538 3.0235699702128196
0.2091984588520941 -1.6770745392427313 -2.693775732329052 -0.2837757934149675 2.1869137784251915
-0.34706735795176047 -2.429166592822773 -2.281365641172565 0.27286829421708525 2.5449693994357454
-1.1139933666919322 -2.8771295571573656 -2.656424067999984 -1.0619615297095741 3.099670814221338
-1.204887000722158 -2.3612467078557873 -2.96320738994084 -0.4828342555139892 3.0647803256429422
-1.1868019628050885 -1.691293443358362 -2.379340611785066 0.4974155715558458 4.078641715570586
2.0279224527639133 -1.8889537376914918 -2.510796310687469 -1.939299014214864 2.4468736413048946
-0.31815912104965083 -2.425494718777895 -1.9314133581828135 0.11389445364063361 4.9833014291693605
2.7209686781962263 -2.0209135175200665 -2.082887924103864 -2.862658099906809 4.146990905271469
2.3638771661497664 -1.1872897089414454 -2.4112141604498913 -1.5330555673041144 2.6733383519865503
0.14243277603263624 -2.400691933940861 -2.7367031449367043 -1.5366413786975193 4.9238776326197256
0.37966101694915255 0.3355932203389831 0.0847457627118644 0.12203389830508476 0.32542372881355935 0.38305084745762713 0.376271186440678 0.20677966101694922 0.2677966101694915 0.18305084745762712 0.27796610169491526 0.3525423728813559 0.22711864406779658 0.23050847457627122 0.34915254237288135 0.21016949152542375 0.37966101694915255 0.3728813559322034 0.2169491525423729 0.288135593220339 0.20677966101694917 0.288135593220339 0.38983050847457623 0.36610169491525424 0.38305084745762713 0.28474576271186436 0.38305084745762713 0.24745762711864408 0.17288135593220338 0.311864406779661 0.08813559322033898 0.34576271186440677 0.2440677966101695 0.1932203389830509 0.2474576271186441 0.39322033898305087 0.17288135593220333 0.28474576271186436 0.24406779661016953 0.3254237288135594 0.2067796610169491 0.25084745762711863 0.10169491525423724 0.223728813559322 0.39322033898305087 0.3728813559322034 0.33220338983050846 0.2745762711864407 0.3355932203389831 0.24067796610169495 0.27118644067796605 0.17966101694915249 0.24406779661016953 0.3728813559322034 0.14237288135593218 0.2508474576271187 0.3728813559322034 0.34237288135593225 0.3898305084745763 0.22033898305084743 0.376271186440678 0.264406779661017 0.30847457627118646 0.3593220338983051 0.359322033898305 0.28135593220338984 0.3593220338983051 0.1932203389830508 0.25762711864406784 0.3016949152542373 0.30847457627118646 0.27118644067796616 0.32881355932203393 0.26440677966101694 0.2542372881355932 0.2508474576271186 0.3220338983050848 0.16610169491525423 0.2474576271186441 0.26101694915254237 0.3152542372881356 0.3966101694915254 0.3728813559322034 0.39322033898305087 0.2677966101694915 0.37966101694915255 0.3694915254237288 0.32203389830508466 0.11525423728813555 0.3898305084745763 0.29491525423728815 0.22372881355932203 0.15932203389830507 0.3186440677966102 0.37966101694915255 0.29491525423728815 0.2847457627118644 0.2169491525423729 0.37966101694915255 0.22033898305084754
0.01044359350170803 0.011278154056553923 0.013372221901668997 0.010858157432185619 0.007634451292270662 0.012029934687145194 0.01044359222055076 0.011136152436859488 0.009911191597516415 0.007939785850074155 0.011285014795498307 0.009883966398282679 0.010935217733490696 0.007006870359771631 0.00689932858334913 0.008505996378897854 0.008340078284804325 0.006852839985714772 0.008062637237066073 0.011412834972441775 0.007814993826793085 0.008447218349915289 0.010833868099435918 0.011380758879484145 0.012646732752638102 0.010725168973549672 0.006454304879307719 0.007064205503701651 0.012013979799318054 0.006761918482016257 0.013639288350010131 0.008357783518451086 0.01009914956751852 0.007157533484147351 0.009293733505566917 0.00887268796847114 0.00733197904970301 0.007780700053340936 0.009358529929445926 0.012306567722465293 0.01126475301378518 0.013300336888161837 0.007727748028584885 0.013434077638482029 0.0073263598958323815 0.01081894257624319 0.009445849371395237 0.00679452756787817 0.007806426388443811 0.01237906673250972 0.006850647180707748 0.009909201482408184 0.012173426584501611 0.011647479030694442 0.013079555246635718 0.006436716340506346 0.009581094847064958 0.01139733977714633 0.0076771121588395325 0.006713353404751331 0.02140719387492253 0.008208240668262388 0.014170194388274038 0.010198317829170895 0.013159113501114627 0.012034134283033245 0.012412479649437435 0.006691960276532971 0.006431875429607604 0.008095963690223196 0.010845145189053917 0.007263909182767266 0.019188159473962525 0.0066966222205729455 0.008153566894586146 0.006597593661479312 0.008637097289081179 0.0073441373917041974 0.009222066524396852 0.027119857314220223 0.010376764502952713 0.012479595657331317 0.008035649628658778 0.008705012378983688 0.0085196004525472 0.006823829384338223 0.00811943708778255 0.009809628081044805 0.009372935324517093 0.011528431386337794 0.008523735970156241 0.008048490139645956 0.008423213772436385 0.010870999111146773 0.010958921583423877 0.010244609427573052 0.012002400409408644 0.014609319812965817 0.010378815013840968 0.0099538455868014
-----
100
17397
0.1
0.5127287816284375 -2.3079525800081426 -2.685827801764748 -1.5070412333357839 3.159176232888464
0.26326377947297397 -2.4696719708176 -2.9436838365641016 -1.8405383056335627 3.5868821199742045
-0.4756839377681315 -2.6167343281255953 -2.716780813477502 -1.1235628602994496 3.9585987250948884
-1.3413235064075444 -2.359761170051329 -2.9596833053855205 0.08932032262515283 2.7982709197862228
0.14998263220361974 -2.5422647345406535 -2.9059839447352545 -1.6685198330797886 2.8397591187782796
1.791060886546794 -2.3002335810963275 -2.6610720419379565 -2.923609755161681 3.588191260296033
1.3284958157471092 -2.1964194844238945 -2.3831817479705153 -2.244928399117413 4.578986863844239
0.030480121296680984 -2.7535372869264805 -2.6062369198734516 -1.0014829257284248 2.312773859377178
0.8130789188451886 -2.541763524793877 -2.780096098369954 -1.7792455015017532 2.3120665295027316
-0.818009029973837 -1.9412058673518318 -2.815787959776636 -0.2832984908956632 4.817694933950042
-1.607899950874488 -2.541745905726799 -2.615573367451642 0.49364415549312624 3.3224606408030892
1.5905181221433782 -2.8962963411964426 -2.6571653267343667 -2.967513420446407 2.648006983896113
0.4219761032124209 -2.410761823597681 -2.898047190969998 -1.8291269786892768 3.4998918662272533
-0.5644752818373323 -2.6448057635588835 -2.914037136110495 -1.0180226667792642 2.627620905749681
0.3918455824752873 -2.350595009074447 -2.904059020947079 -1.9597443408612425 4.047057755502489
0.7636338852278305 -2.6214314497744127 -2.5837987275781216 -1.6568226163758313 2.3873813614815687
-1.3218158970016136 -2.6467830111974364 -2.549154785863482 -0.17460778297910295 4.271932161669222
-0.5962168929797484 -2.753214566600871 -2.351442740957728 -0.8150364079250827 3.2912665789428326
0.5074555339280153 -2.596572959627644 -2.4972544512594244 -1.656251377894841 3.9104478280142856
0.5274947200637525 -2.398683809543787 -2.731598562451297 -1.724988033248661 3.6129408479181766
0.3489418623904917 -2.5240257128897317 -2.9134944950317085 -2.232188302241693 3.6133866785615565
-0.3077676566997085 -2.238361964248335 -2.6280147145885016 -0.8466557289578027 3.860773655208214
1.0587840972994997 -2.4069588562662565 -2.7095251040961443 -2.2283321215307774 3.3983125225225437
0.6038791890457379 -2.281261520531239 -2.818887472839783 -1.9855756537559288 4.5543529417615725
-0.0060669500647150265 -2.347987872829522 -2.8419571832359765 -1.2885700103467332 4.388286347954783
0.8318809793152422 -1.9842429524971763 -2.7246232943627176 -2.003263413637579 4.407804743062042
-1.651642728512278 -2.409791927014001 -2.953404167388159 0.010581379010423664 4.211439713874267
-0.620272232092707 -2.432595013459287 -2.6636930956381035 -0.5864439867615755 3.6862254012899807
0.40044642305835787 -2.8852976271913553 -2.978580843687115 -1.3562399664124714 1.1021045304449864
-0.20721661681878384 -2.368097568634839 -2.859387295078586 -0.8742118382524328 2.471959828856128
-0.3391582050131058 -2.3414873750705847 -2.6277238678980748 -0.8321985051369896 3.7953914685372707
1.2466769316092994 -2.280697022282109 -2.403611890145863 -2.329670569613742 4.382144314694847
0.9535009548400055 -2.6475104761597104 -2.3520367279611927 -2.520556779594246 4.504348984017269
-0.3830259456310463 -2.754703687149021 -2.3238474407547227 -1.0640274836811376 4.1845420603161285
-1.0429558800255012 -2.4492254558277935 -2.673955566555828 -0.2749927467286504 4.3078524904651285
-1.4867515567571092 -2.1948695663346305 -2.9310983994155233 -0.1822394677564816 4.3055349548252675
1.3631701205577347 -2.2052478710500805 -2.3783354377478894 -2.3967998917048567 4.798408894080047
-0.8365373150890177 -2.5624494676838205 -2.7117646264525153 -0.1304643345303682 2.5358358389970155
1.2697856080368541 -2.384293099620984 -2.748744184928728 -2.5425883042997826 4.211411090074707
-1.299939452209313 -2.3258236751857773 -2.9591443149788392 0.23065455987060535 2.1738307535068104
0.4242720475806782 -2.7715363462304596 -2.6866324273321944 -1.5575121599832258 1.7640398192498745
-0.589002845841249 -2.648940299727105 -2.9700736953062634 -1.3926822426931715 3.9416669810689964
-1.4576302884577568 -2.3514985980846412 -2.7871430112435136 0.48002409569412874 3.1933014144023515
-0.43574634096700215 -2.5555128494373163 -2.4091759563990123 -0.9743303363544887 4.432777794579438
0.44708121739671036 -2.8602689792293488 -2.540529757181268 -1.9955817630113328 2.895293193662884
-0.0934713330816209 -2.553377435188951 -2.9654127648192885 -1.472623220692113 3.1390293703111567
-1.564485055508666 -2.3851512803577677 -2.7587395865979683 0.4479843766829188 3.051849698861997
-0.2279332677852477 -2.8974305479154423 -2.705992516689312 -1.0967168100380371 1.8922884694552147
-0.6776130494051644 -2.4911750864112863 -2.6279782923772657 -0.9066038856162901 3.544788093899439
1.796529901696122 -2.586240947655636 -2.3900206324953404 -2.9156313407712147 3.8687016002803016
-1.6840134497775359 -2.575845194585534 -2.182296107296996 0.3808193447470181 4.937468596858816
0.006264284230908634 -2.24222109109643 -2.720274162109977 -1.2329256914838789 3.9039321643015152
-0.8822652782049094 -2.3858881502772706 -2.727597497414358 -0.2745139686371507 3.6130550846016294
-0.4221067950083548 -2.6996424221355513 -2.5834866266752434 -0.9294188698842987 3.5307120025027956
1.6781508049931 -2.44832096740936 -2.45890327490139 -2.7693490332197372 3.5976425594118977
-0.15106826536283408 -2.5573202788595912 -2.899426960990926 -1.4578970786818657 3.465272905488495
0.052495623647608625 -2.672608713855336 -2.783146512043826 -1.9770442598919362 4.487881209045407
1.083210769512295 -2.2792174471606708 -2.8509308883295024 -2.3545672184924697 3.191882892067052
-1.074565622361761 -2.4384019981692955 -2.745921507865819 0.017706681575362815 2.82025209694661
-0.24486709346585522 -2.397369911161557 -2.335388329999194 -0.8654778957645047 4.306620457341846
0.11213656198798072 -2.5134136469650525 -2.5535888713704447 -1.2007470904305637 2.894319046443876
-0.07632047840130585 -2.7353978675451898 -2.6577193097585385 -1.2797447244634825 3.1435443672781567
-1.540063880766594 -2.3814110191256064 -2.6571053157050777 -0.05901586332131348 4.937812781592427
-1.2867351351415142 -2.445083211229116 -2.765975744739847 -0.179114782969227 3.627996594366961
-0.814098146037147 -2.497054630399234 -2.6358212452137004 -0.54109560909069 4.639802833945862
-0.8668122023141782 -2.6356772548331566 -2.2840637524120204 -0.34984432986127023 4.651019109104375
0.8888413409596883 -2.585892709752324 -2.5709386796926488 -2.3541110274811765 3.5088402949166704
-1.8314898974229004 -2.577598326874468 -2.8991297916624457 0.18266157730871932 4.193316201198501
-0.09515041261962814 -2.0941889945632686 -2.57590801794848 -0.8416550120059356 3.763201868451114
-0.8919070112704928 -2.537924836714425 -2.9644178907290373 -0.7580092293235254 3.9104363992854116
-0.012503837730981626 -2.159266184585678 -2.9545925472322954 -1.3763716210205086 4.016523081622587
0.47165231883725434 -2.7556471177209887 -2.743551045008962 -1.916555264465134 2.6230727350758247
0.012237961612959869 -2.3449994564561463 -2.5409915388076687 -1.292745626447445 3.584830147867706
-0.5182068076383164 -2.804302636867552 -2.3883058299650815 -0.846693945056104 4.006525444189251
0.6426849167542167 -2.129576085441271 -2.521000749896671 -1.7991282740602106 4.612754895795883
-1.421102679580443 -2.573234516093673 -2.6691188740388125 -0.012998164300029896 3.4451197756580383
0.956927902902599 -2.270260658087889 -2.621476142353298 -2.0663061767360595 3.8646744471478165
-0.5971883808178662 -2.1946556787882927 -2.780718789021613 -0.6477821466214908 4.754343027392712
-0.9213183422827906 -2.1525833229489506 -2.4567789995956426 0.03902481046508144 4.417758871480567
1.6057594747172608 -2.7615952488861453 -2.8844528491305668 -2.432175055567045 1.3446955031865735
-0.6142389238503088 -2.3912050358928667 -2.613308393936123 -0.6347315455227043 3.4113492598504687
0.25024182579733467 -2.6508170856062216 -2.9944006228320936 -1.729615483083652 1.7666024713935065
0.6643011139851582 -2.566451418345885 -2.5375862113940877 -1.6298415144847131 2.9855159129063207
0.9247518007523943 -2.405291979407475 -2.6362862914509955 -1.9187632771618903 3.2723848615068922
-1.6408500829713004 -2.674633373273787 -2.8755809167250637 0.15033122567635493 2.4894139794117476
-1.178482977188337 -2.2204449179964865 -2.6442510862196094 0.28656361734224 3.2438677160548233
1.1374133769438572 -2.5903519406063134 -2.310710234129602 -2.1241392877607086 3.6721659822772006
0.8711704124758476 -2.6625453381114417 -2.6013911960055265 -2.3726675209865826 3.0029794582915295
0.7298142046094888 -2.7598185913851463 -2.820781950719123 -2.1493980683042744 2.6618022421803835
-1.547581496850048 -2.848036593655806 -2.6555091375627597 0.26430491568173486 2.1667392924388045
1.7299771030853717 -2.2595635653209283 -2.7186188132378115 -2.8966565391900785 3.7456386381273945
-0.9347478177743466 -2.5789576957488283 -2.9675421512451887 -0.12660079740170382 1.9247130190749961
0.5648988034259119 -2.1920578341691024 -2.984983879138193 -2.0266462958779146 4.583840737199199
-1.5739855549330872 -2.697173352219447 -2.886577732465459 0.3089061790776074 2.8868714229634596
0.16825061570230782 -2.28382162633109 -2.3768530799539516 -1.3050277680537756 4.752561312357245
-1.1199728516606573 -2.0159761733146833 -2.600887272808869 0.28367797495916647 4.628603967903441
-1.386174840072427 -2.2343891245160883 -2.8109185145250084 0.20153238403682872 3.225168167223485
-1.0685793607883949 -2.8270807058642506 -2.6772435100613325 -0.7332016679634656 2.423701163756967
1.7104360337565718 -2.341393986708229 -2.2279743801748624 -2.645111828221115 4.63801128229534
-1.5429493739472948 -2.461796473699363 -2.5235113262711377 0.4178064339332003 3.486570158026816
0.07118644067796609 0.07118644067796609 0.0949152542372882 0.09491525423728814 0.04067796610169492 0.08135593220338984 0.08135593220338984 0.09830508474576272 0.09491525423728814 0.09830508474576272 0.0711864406779661 0.057627118644067776 0.09830508474576272 0.0949152542372882 0.07118644067796609 0.07796610169491525 0.07457627118644072 0.09491525423728808 0.061016949152542355 0.06779661016949157 0.07457627118644072 0.05423728813559314 0.06101694915254241 0.09830508474576272 0.09830508474576272 0.08135593220338988 0.05762711864406789 0.07457627118644068 0.07796610169491525 0.09491525423728808 0.061016949152542355 0.09491525423728814 0.09152542372881356 0.0949152542372882 0.06779661016949154 0.09830508474576272 0.05762711864406789 0.07118644067796609 0.06779661016949157 0.06779661016949154 0.0949152542372882 0.07796610169491525 0.0983050847457627 0.057627118644067776 0.0847457627118644 0.09830508474576272 0.07796610169491525 0.08813559322033898 0.0949152542372882 0.0542372881355932 0.09491525423728808 0.08813559322033898 0.08474576271186443 0.06440677966101699 0.04745762711864407 0.08813559322033904 0.09152542372881356 0.07118644067796615 0.054237288135593226 0.09152542372881356 0.09152542372881356 0.09830508474576272 0.08135593220338988 0.07796610169491525 0.05084745762711865 0.0949152542372882 0.08135593220338988 0.0847457627118644 0.09152542372881356 0.07457627118644072 0.07796610169491525 0.06779661016949146 0.07118644067796609 0.08135593220338988 0.09491525423728808 0.08813559322033904 0.05423728813559325 0.06779661016949154 0.07118644067796612 0.0847457627118644 0.04067796610169492 0.07796610169491525 0.08135593220338982 0.08813559322033898 0.08135593220338982 0.09152542372881356 0.08813559322033898 0.0949152542372882 0.09152542372881362 0.07118644067796609 0.0711864406779661 0.061016949152542355 0.07457627118644068 0.09152542372881356 0.0474576271186441 0.09830508474576272 0.08474576271186451 0.09152542372881357 0.08135593220338982 0.08135593220338984
0.008290397925640637 0.010424306449495753 0.007205622054417634 0.010134399184196079 0.010059816943589192 0.01421171279043746 0.011749514461775433 0.009583697130074497 0.01095034873977571 0.012057000188477399 0.007846597740275928 0.016920434702676856 0.009956476920937698 0.009714168021779983 0.010951390033615283 0.009925951802910215 0.006382138813049729 0.007251012627809318 0.007833529867881453 0.008486654561229687 0.01114646202314187 0.007229983992683564 0.009821463570188475 0.011878980398848488 0.009311372405618287 0.012551017101833959 0.008116273576267779 0.006637001212493799 0.024747393278838535 0.00954431513433463 0.006904118783813304 0.010872142934361562 0.011689294986209834 0.007419692599160314 0.006750593601756344 0.009005917472732161 0.013318976091218942 0.00871693085429911 0.01259734083555724 0.013687098808793366 0.013125231560337531 0.009763771252024721 0.008888525299582296 0.007215244709590849 0.009642621534542954 0.009979715230648186 0.008912455716139845 0.012540330720457727 0.00663059843005358 0.013389420726254826 0.010122397745889624 0.007972428716486249 0.0068722139497264245 0.0068031398130794585 0.011895954195421615 0.008937363519923927 0.010699309611434114 0.0118991902139675 0.008255397606679166 0.007375088081990829 0.007664569243732708 0.007769321257064529 0.008189877479277656 0.006805528508481812 0.007274621144949174 0.007645946066266713 0.009338567324091206 0.0074947920353467925 0.007845892038493478 0.008276087993037064 0.010712850678097276 0.010229890867547867 0.007188593716754891 0.007034775712584481 0.01047146172061208 0.006693652893641869 0.009357185939081856 0.00932588724221094 0.008371388916209251 0.02482443462746009 0.006733953042912823 0.015902439302555242 0.00826984691857179 0.008765551536275703 0.010596213191639128 0.008438122841640397 0.009322736999892832 0.009961314059883179 0.011505847040909276 0.012391603727325541 0.014743375088762634 0.013798153454596828 0.015371914549200616 0.009401682927441606 0.009181706157085405 0.010454449693071926 0.00869445553085153 0.009309330194607836 0.014260806471378833 0.007579232610026333
