5
100 100 100
4361 2009 24185
0.8 0.4 0.1
-----
100
4361
0.8
0.4433033733584737 -2.3572168830516143 -2.550259804443499 -2.2863483838019474 4.946576743386818
1.9076313340713753 -0.22799006299332536 -2.8577577420701457 -1.2064883642354332 4.403298335355416
1.1377045722560801 -2.9940452371452997 -1.993514208422706 0.22119293198936418 4.019892914347248
-0.2714901560707643 -2.3507114612854836 -2.421496016393601 -2.322373321926075 4.722596643927357
1.7276105367633168 -2.0071172156736754 -1.9550658530453227 0.483539707007715 4.2650003880488905
2.2808909968350664 -0.8027090945165707 -2.278906129585125 0.42987533779738296 4.812078422869741
1.3647163707156356 -2.769652930013908 -2.0260111325636077 -2.0605248082078207 3.6067722331822027
1.506234846008276 -2.7205654347753523 -2.615461908187857 0.41679362056621905 1.4695805797697037
0.7613384934883922 -0.882063813012349 -2.973130694418308 -0.025220824102962336 4.3004599814993405
1.9261795590235762 -2.8141478238264015 -1.987853858429553 -1.3799204474811937 4.791287311162949
1.8843384641824024 -0.9698094446191132 -2.406289572540437 -0.8873924201937888 4.093278847830395
1.5314180689794412 -2.859692363006236 -2.816343351379114 -2.257844257359559 3.398364634318952
2.9453550467018035 0.6838003971233215 -2.7432076375180663 0.2673780519631217 2.243995738502478
2.142360219200759 -0.8782416694727808 -1.9355129766925305 -0.29172880795546785 3.579348055281002
1.695844035194388 -1.4528353278988102 -1.9951956389087067 -0.9590501963298381 4.485559989072115
-0.6507193061676189 -2.881483031134657 -2.749403299820222 -0.4022476792607974 2.4908671560705997
-1.5963764895452077 -2.419181647337665 -2.640900210508596 -2.118363721641173 3.835234501465039
1.5795609825321373 -2.3435879102683246 -2.4011020468292608 0.35311027447602417 1.2230415754963386
1.8117003411064783 -2.4797286166547132 -2.1736630882209917 -2.5031385541143143 3.287894701281393
1.7102781564705856 -0.8663615116769559 -2.819843399420139 0.002076536331150791 2.3006890093499632
1.2427072201213791 -2.6392803045191675 -2.8905988658292268 -0.9180825197198184 1.906037030996398
-0.047077066374586085 -2.797820694697614 -2.2142977025007164 -1.761615944199404 3.820671246149457
0.9454355557878018 -1.5862985912033731 -2.858592924975448 -1.2619248193217312 3.9911678500926495
2.1418970064458183 -2.6042118481819965 -2.514799898884936 -1.0318760514986085 2.6072901265628823
-0.24376204116112632 -2.641274019745097 -2.795090100835759 -2.6116583768856976 4.876137307082802
1.0551717010659916 -1.638397362771573 -2.446706704825735 0.4127653147592998 2.715726545776281
-0.29492375358535483 -2.2406946361415137 -2.4782100429956966 -0.35368574617087223 3.984326998974672
1.122935160357466 -1.7331408083297744 -2.6890839755107847 0.16706418137115175 1.258620574671836
1.8741535160940463 0.48419745610968157 -2.6019461460623825 0.47774321839498635 2.730261455426588
1.202332156473119 -2.5201441180139237 -2.277352308418714 -0.18873287269086347 1.547465124926778
1.0703953087353035 -1.8789939477881212 -2.9779168034652104 -0.7821618776681492 3.691345888178094
-1.3564511196423457 -2.5721453404946493 -2.4694287986240213 -1.9437874865809195 2.596550679936096
-0.5401454490952364 -2.523084416725452 -2.974739351732989 0.10111396014274465 2.634340803962786
-0.38571330627844125 -2.2376175248399193 -2.8674341342166785 -0.37287934895751107 2.633864804695558
2.07913070349165 -2.5637733120087085 -2.985494691092819 -1.8778769162886673 1.6910800686570249
2.963209243556289 -2.5277089658147287 -2.4529032966892985 -1.7386114850885082 3.8229452503286665
-0.781119735841016 -2.22457838036902 -2.8140510780554724 -1.5553393111507372 3.650964828061003
-0.5058231603972456 -2.2472914137046835 -2.0517364282781765 -0.3135173295023237 4.146667825655647
2.491760521622009 -2.2675511264000376 -2.276941722655182 -2.803392724306528 2.997328866347273
-0.07695001562702952 -2.7887814417713694 -2.461229457901772 0.06752727218278398 2.341906629715499
-2.919719724596294 -2.6413037682273957 -2.81791447460572 -1.4709118841796682 3.315669884472533
0.13196819079150757 -2.556135723285594 -2.474830273085607 -0.08685899527166141 4.485140011703893
-0.3359128641894267 -2.795103568609996 -2.8808741380708742 -0.5763204757835307 1.3439392517585247
1.0169884496726267 -2.507437955046271 -2.0752265036053044 -0.785322699420619 2.5066921239557063
2.4597488503323888 0.38061086174443126 -2.4472056034158842 0.00011314773412385293 3.755513735052274
1.9807212502438745 -2.122186686474388 -2.5314807405667374 -0.10981725403225795 2.7443443388410227
0.8367883178382458 -2.909626831156316 -2.7709487602186806 -2.8455938954422653 1.1870607272960554
2.086473608787184 -1.445762092097024 -2.051095503459633 0.1312061031213081 2.3663838506652723
0.9550015803678593 -2.5315744809841805 -2.4765909224087257 -0.5358836066173644 1.3259081461943611
2.7602699980122 -1.7324430894660723 -2.4989834949344023 -1.1987471162908256 2.361037811588962
-1.2181123919087828 -2.96089191081548 -1.7567030854179642 -0.5831014172811488 4.841830762485532
-0.9139374493458163 -2.395475322193348 -2.694904085701109 -0.13675149603180436 4.405032685320117
0.8840101693793505 -2.824480311068949 -2.4319022753659922 -1.0039255242544147 2.706139486377188
0.5095296867462191 -1.4689149229682332 -2.733102439282931 -0.362339751880135 3.537597587288188
-0.5873630098147391 -2.5996226233418747 -2.316346528254837 -0.9701463061119346 3.049386143086653
0.7244640359979844 -2.111645497918227 -2.41198513120101 -0.9191052356763025 4.255852143620898
2.1162552483090096 -1.322560630216485 -2.4269615023833806 -1.5288883869545355 2.956933564669866
2.3238464516335977 -1.6011281310081498 -2.34441370997416 -0.3093110407013726 2.3093985481986223
-0.04240872718360311 -2.6363754408011735 -2.822581148070866 -0.27127052037797306 4.884748550703697
-0.5525223845456062 -1.7143383673414903 -2.8660331461619912 -0.3434720934106581 4.961209163888331
0.7844390420252423 -1.338923725388451 -2.9982936003822904 -0.4063941619148257 3.3815742165414706
-1.0313678860843822 -1.9036344572953632 -2.5011380460068007 0.28628312639916675 3.2385400710805836
-2.361315726621452 -2.7053164838685726 -2.697429897301216 -0.7645556875465869 3.9415985386441434
2.6629127985798977 -0.5124450796218376 -2.47903061427726 0.09248612026910585 2.7133904644723126
1.363603378941126 -2.5753506466992966 -2.8296254471421216 -1.5228171668427393 4.687444787142581
2.246896506880221 -1.731435218395176 -2.9812571705320505 -1.7941137505671418 2.08521744182268
2.8388457993530167 -1.850754823005797 -1.9522575829188233 0.18015086568316097 4.734516866944814
-0.22425824767152935 -1.7761190420835256 -2.7786905951368595 -1.0867968014740934 4.705146801763789
2.438748156962311 -1.5291705389121275 -2.2030490171973782 -1.2746906485125113 2.7274516049143305
-1.3254827837362386 -2.8784123845275635 -2.7302606116125414 -2.396621275865969 1.8040956433873223
2.8432268766095063 1.093241538285299 -2.9896226066623606 -0.630633005410898 4.275360159095452
-2.9832792267644908 -2.9981604070022905 -2.5045295720062923 0.20916682720701285 2.644248354310903
0.733401069651797 -2.71575384212729 -2.779894035057818 0.16681647406759748 2.1903228554097085
2.7350267024504777 -1.3565294751069703 -2.8862668652419052 -2.154428347547325 3.67070974651468
1.991969119076252 -2.7101007244457147 -2.4448956409768035 -1.049294725022717 1.9370310605668328
1.2896896047218913 -2.6102582131887417 -2.1031046136847618 -0.33504682428297095 3.7362219256686178
0.874395037312476 -1.9241208142452453 -2.1587036397085027 -0.7707453158078836 3.0900979140517104
1.4680444036734537 -2.7197536980333368 -2.5418472238619807 -1.6691880067228484 2.663340682935371
-0.6068513258794663 -2.027333791702729 -2.5027541484528517 -1.072883370868838 4.071463763588018
2.390359915593999 -1.8708682412058373 -2.3083482633237304 0.06900388470005536 1.8046670454310698
2.9756062478055183 -2.2143399283642275 -2.2322850717164213 -1.866940168392414 3.1503006851880286
2.6111848006421408 -0.8103847817912255 -2.7953521187448938 -1.015393535368124 3.0527338729775524
0.26433605064512067 -1.5989604505758654 -2.7107300719683987 0.43415312440972365 1.2705721248355617
2.998834896276194 -1.3423127924521943 -2.3944167557868554 -2.2735967533689627 2.626966243583463
2.6251200006574136 -2.338350976175682 -2.764150189548994 -2.9758521896220618 4.6393571994041025
-1.556881608765916 -2.5566818468211348 -2.765866991692514 -0.09692990696654835 1.6219877513393577
1.1681435364536181 -2.368362871850355 -2.7370174159659784 -0.4685254578039677 3.4807048818489186
0.08477394327459198 -2.8401763836671043 -2.2093951256344906 -1.2238190675506062 3.9417010889546775
0.7192628270651404 -0.8398375559446043 -2.995925474416997 0.27488543741953464 2.0667260633511084
-2.720519851052685 -2.8820315278304927 -2.9096624785965317 -1.4792650029520884 1.8965195898993181
1.9257734316283859 -2.437340760701755 -2.908050361721246 0.3378608981844633 1.1849601234478258
2.652129045571794 -1.9546824996171117 -2.4043289194953115 -0.6536071160444967 2.5299993111467325
2.21134832203753 -0.9657058411442532 -2.4318786440211766 -1.4178014751176238 4.743231583851922
1.9302995130357026 -2.6150257871967804 -2.321666508204902 -0.40708731864436354 2.5280879623937857
-2.633893897213778 -2.6867990033868105 -2.1491210082203445 0.145915467287824 4.5284459126923124
2.547167473944934 -2.797948287948685 -2.7703582294620728 -0.9483669238145955 1.397980265978812
0.7124417511482788 -2.0375056056275236 -2.4260347493535233 -2.406239446296067 4.435993427012875
2.1524666364257588 -1.4064234121948664 -2.4039117270256702 -1.7586271728442773 3.646968563030455
1.33019356206818 -2.837269722274496 -2.1420476849564007 -2.7612636199951206 4.219475129455505
2.155089834015164 -1.7052671138350641 -2.935675971721546 -1.507457145100398 4.5880226427635264
0.5254237288135594 0.7932203389830509 0.5796610169491525 0.6915254237288136 0.6169491525423729 0.6949152542372882 0.6813559322033899 0.4983050847457627 0.3864406779661017 0.5050847457627119 0.5728813559322034 0.21016949152542375 0.4711864406779661 0.7898305084745763 0.7050847457627119 0.13898305084745766 0.7593220338983051 0.7593220338983051 0.6610169491525424 0.488135593220339 0.4711864406779661 0.6610169491525424 0.48135593220338985 0.5830508474576271 0.5457627118644067 0.43389830508474575 0.4542372881355933 0.552542372881356 0.7762711864406779 0.7830508474576271 0.4711864406779661 0.7864406779661017 0.11186440677966102 0.4847457627118644 0.30508474576271183 0.7491525423728813 0.6779661016949153 0.7186440677966102 0.5898305084745763 0.3491525423728813 0.7457627118644068 0.34915254237288135 0.4372881355932204 0.7796610169491526 0.6000000000000001 0.7016949152542373 0.752542372881356 0.7966101694915255 0.6813559322033899 0.46779661016949153 0.7762711864406779 0.4000000000000001 0.29830508474576267 0.46440677966101696 0.6610169491525424 0.3694915254237288 0.7084745762711864 0.5016949152542374 0.4983050847457627 0.4847457627118645 0.34576271186440677 0.728813559322034 0.5966101694915255 0.5288135593220339 0.6271186440677966 0.28474576271186436 0.5288135593220339 0.6949152542372882 0.7084745762711864 0.7932203389830508 0.7152542372881356 0.6271186440677966 0.7694915254237288 0.38305084745762713 0.4677966101694916 0.4983050847457627 0.7288135593220338 0.2169491525423728 0.7661016949152543 0.6847457627118645 0.4677966101694916 0.5186440677966102 0.7762711864406779 0.7423728813559322 0.28474576271186436 0.7830508474576271 0.7050847457627119 0.6542372881355931 0.6745762711864407 0.7898305084745763 0.7728813559322034 0.5016949152542374 0.5084745762711864 0.4677966101694916 0.7220338983050848 0.6440677966101694 0.7627118644067796 0.623728813559322 0.6542372881355932 0.7220338983050847
0.010000000000000004 0.010000000000000004 0.010000000000000004 0.010000000000000004 0.010000000000000004 0.010000000000000004 0.010000000000000004 0.010000000000000004 0.010000000000000004 0.010000000000000004 0.010000000000000004 0.010000000000000004 0.010000000000000004 0.010000000000000004 0.010000000000000004 0.010000000000000004 0.010000000000000004 0.010000000000000004 0.010000000000000004 0.010000000000000004 0.010000000000000004 0.010000000000000004 0.010000000000000004 0.010000000000000004 0.010000000000000004 0.010000000000000004 0.010000000000000004 0.010000000000000004 0.010000000000000004 0.010000000000000004 0.010000000000000004 0.010000000000000004 0.010000000000000004 0.010000000000000004 0.010000000000000004 0.010000000000000004 0.010000000000000004 0.010000000000000004 0.010000000000000004 0.010000000000000004 0.010000000000000004 0.010000000000000004 0.010000000000000004 0.010000000000000004 0.010000000000000004 0.010000000000000004 0.010000000000000004 0.010000000000000004 0.010000000000000004 0.010000000000000004 0.010000000000000004 0.010000000000000004 0.010000000000000004 0.010000000000000004 0.010000000000000004 0.010000000000000004 0.010000000000000004 0.010000000000000004 0.010000000000000004 0.010000000000000004 0.010000000000000004 0.010000000000000004 0.010000000000000004 0.010000000000000004 0.010000000000000004 0.010000000000000004 0.010000000000000004 0.010000000000000004 0.010000000000000004 0.010000000000000004 0.010000000000000004 0.010000000000000004 0.010000000000000004 0.010000000000000004 0.010000000000000004 0.010000000000000004 0.010000000000000004 0.010000000000000004 0.010000000000000004 0.010000000000000004 0.010000000000000004 0.010000000000000004 0.010000000000000004 0.010000000000000004 0.010000000000000004 0.010000000000000004 0.010000000000000004 0.010000000000000004 0.010000000000000004 0.010000000000000004 0.010000000000000004 0.010000000000000004 0.010000000000000004 0.010000000000000004 0.010000000000000004 0.010000000000000004 0.010000000000000004 0.010000000000000004 0.010000000000000004 0.010000000000000004
-----
100
2009
0.4
-0.37438700482994247 -2.9348015973830774 -2.5814847626991075 -0.8860458051541831 4.140117361221295
2.270124168537914 -2.2366856953184953 -2.9483156310260674 -1.8995404610867674 1.5452994819531427
1.446004536717977 -1.8366947647382224 -2.6005067029339846 -1.5070952542324632 3.8535299205445783
1.0487530282431985 -2.067039842571706 -2.429280015316288 -0.11403584959216762 2.932651876485648
-0.09150639789758097 -2.9707082969793737 -2.899673976651295 -1.6038188398408915 3.1625442284219236
2.265533216452311 -2.1813961449654573 -2.445572331500328 -2.221682774446226 4.133056171472992
0.05824527924897094 -2.8504811227794056 -2.554300071557777 -0.7977969400902423 3.7036862582826156
-1.097734927388895 -2.631743871305289 -2.452910879312232 -0.12629360398541647 4.905807780632747
1.1978648330940298 -2.654151880244667 -2.4474096739258018 -1.836713281839199 3.7312589545424935
-0.3842264593168126 -1.5565672825663315 -2.8390021635805507 0.12556980144887434 4.866556008010235
1.845842925662018 -2.5122197465165597 -2.8019353972792826 -1.7465307624349315 1.422076298356422
1.119151801040887 -2.0513499782449354 -2.417046240241291 -0.9395027688987991 4.707176019250101
1.1760334774039576 -2.4841758804710468 -2.6206980292070656 -1.815336317412728 3.2406372012196836
0.7938230435178014 -2.975449157586414 -2.3063757202877824 -1.5992978311284556 4.094194366347296
0.6988708646993365 -1.9343837069538883 -2.2976676877149886 -0.2137338323347564 4.446252977478343
0.7047096563856097 -2.965343183984662 -2.6510257612324377 -0.08275801918490644 1.4847060890916848
-0.4186152658804225 -2.072818650177175 -2.933732061471103 -0.6494585860802219 4.17184203125734
1.5546265819367322 -2.767366765955596 -2.1925517843534763 -1.4323381236181643 4.618028346332784
0.08770141146724741 -2.6064391316010385 -2.4771026265774463 0.25843294371135084 2.5815731473734527
1.1220241828532815 -2.873624491812212 -2.6722882811116477 -2.4561520681066744 4.246930896778151
0.2028351639984014 -2.1535220448784154 -2.7660249583738534 -1.091284762302911 4.638613240556895
-0.5643392719140758 -1.9869732170857795 -2.9111099329434293 -0.2601419383618661 4.961055810058289
1.1675846601267497 -2.440637332978492 -2.3953339587841467 -1.0773369798783559 3.195163777572864
-0.19518557763705668 -2.8289451460511903 -2.793459136913496 -1.269011957541594 3.9959013345594974
2.4496159872118355 -2.693992474924999 -2.7226392998794906 -2.844398290525743 3.9799685283577513
0.8287734573829995 -1.7267577063466035 -2.338809149310248 0.16247859410550247 3.5190970613927397
-0.5903791099918623 -2.931632196062442 -2.5423370529276474 -1.0226745362395269 3.138935602378515
-0.0578542826131804 -2.9531632598597843 -2.396353658155127 -1.1522539726403958 4.614201926769905
-0.4356232615080434 -2.263614968926533 -2.854887277292443 0.13668462499278622 2.480567664325003
-0.21333356546497845 -2.8555857954585138 -2.876776965822661 -0.8776797988163901 2.9856237288906824
2.38169387594959 -2.4088945269221176 -2.269195374047568 -2.1712656699004094 4.937593182852281
0.9635910721018774 -2.238657276627134 -2.722849207485752 -1.9826902280867218 3.774956385291386
0.0009202561617073224 -1.714841324953344 -2.7903647428021623 0.4396814341468862 2.964991175066438
2.622285737826829 -2.455975600283105 -2.414516451094079 -1.9364272265493074 3.1414997400715174
2.8994949758042123 -2.0539494733281263 -2.79704695561165 -2.6231850877665717 3.262036169267344
-1.1877346746205752 -2.971721796062968 -2.5158692766926896 -0.1733467272385707 4.85222167049162
-0.6719855458915972 -2.5062251280355574 -2.749855637486176 0.48643312214087253 2.069787998707107
-0.2863748973897595 -2.9291492622476927 -2.470352570153202 -1.0220427728779582 4.028566520868202
0.1687684637418143 -2.1542929220883527 -2.581790130859541 0.05915984610696101 4.029832545851373
1.8799027553203707 -2.283862959463452 -2.3807535230699486 -2.2097210855972182 4.406835720969836
1.3136790040403463 -2.5873844201216887 -2.6136393393367707 -1.2824567702226624 2.3638092214184274
1.7285480681339187 -2.746946539148663 -2.424845186980323 -2.738838925755833 4.625539354503196
1.0696444077113731 -2.5114993127545504 -2.394094814164731 -0.8541970747372356 4.59807342775503
1.8013914458967153 -1.263209538821032 -2.917529544277448 -1.3823468812121584 4.776209793503114
1.264376134111938 -2.3101459575183005 -2.5596747772080968 -1.9189093934699646 4.783451091653854
0.7365959995491929 -2.654195625072139 -2.9882810651640583 -2.3831579393499003 4.942832912686599
0.2994870589130981 -2.8419787411524315 -2.886214516850097 0.2203882183185234 1.1153894371424016
1.4205191689417844 -2.6235556379448264 -2.4996032286765306 -1.449473867761296 2.5861259096806455
2.4011383713448793 -2.5980544102143215 -2.2440218090960813 -2.759591314085452 4.502102045652672
1.8549806774040154 -2.374248589932826 -2.4717847082534936 -1.6794193352919846 4.035812261951048
-0.11424131200237131 -2.1684252309820375 -2.428303541355703 -0.056268013929401395 4.287664791713533
2.394167358696796 -1.9449746699493367 -2.9021180555167927 -2.4934856109824017 3.324499978499051
-0.1587857288236849 -2.9009674164539434 -2.8653675926160713 -0.7038384092055926 2.397444108273377
2.1652206497901476 -1.368847028478239 -2.979627346881288 -2.2279809129305623 4.687711633488082
1.2956300718095486 -2.4516404421289977 -2.274490119119227 -1.2634993883851702 4.023307365190332
0.41538279400850775 -2.938752736622876 -2.682020684727941 -0.4102452354528182 2.8979579144690373
0.665405560898767 -2.916360265768784 -2.6723215960214644 -1.1925206379986024 3.4110149067932687
0.4506722855509938 -2.5330736992897416 -2.5562074435016244 -0.6662560845035674 4.603457979633202
2.2905962027399482 -1.533438933123868 -2.591218184475868 -1.4580037299471922 3.3977331229201138
-0.4128833019288485 -2.3859423035372833 -2.874503207500107 0.4482062613334817 2.222697760173789
2.712092883731881 -2.9466218960837978 -2.5224044650991377 -2.7548847176522955 2.5190936176614875
1.1451586493075392 -1.7524811350687979 -2.45472602468622 -0.49340298259005533 4.279440238640869
2.2607925982435892 -2.766380694771997 -2.4334919639043973 -2.359592462031028 2.9950602618415525
1.4822784396531872 -1.682439535538081 -2.6787352600559 -0.8089529559330693 2.5147426403649558
1.110829943991174 -2.4869748083705887 -2.2876837222709865 -0.5632592999304703 3.2934294379741544
1.359388319108601 -2.9197255680733285 -2.636747659602005 -2.2770007988673058 3.7332092374327854
-0.5278356641522901 -2.160361836043509 -2.7529229254352083 0.3767196446449792 3.90171509975811
1.0658337561030176 -2.071546169241077 -2.6442053549384186 -0.7747003544456496 3.890542682671011
1.4199378483350684 -1.8729988180382051 -2.532350786441189 -1.0811460653046678 4.378564968418121
1.1085904524581194 -1.7115368207289432 -2.8655249628336903 -0.5256381054622078 2.1931667261275054
0.6095987993703547 -2.5157304865001264 -2.7663952577306095 -1.0614577639276073 4.956314153692272
1.1014523688944116 -1.9930768436087534 -2.9566117101319747 -1.5735188599893017 4.258635732246852
1.0852459902427365 -2.6447244301996053 -2.7841477216755397 -0.8013099372789027 1.7698604414326882
0.4113840676811087 -1.9603929282150974 -2.5206747046431888 -0.045571754350603844 4.2093674920917925
1.1741563706164286 -2.315661648424053 -2.5704734361040322 -1.1887537544732851 2.9978733060180716
0.07414554056004807 -2.5967816226627276 -2.4447782708421966 -0.699960309510945 4.060043261402011
0.5684691002526314 -2.1753644628535684 -2.807510527963195 -0.9325131222241427 3.393163330507072
2.0796590716841203 -2.1849090168271608 -2.244931341900238 -1.3863925246711217 4.9728766835794715
0.7340549826150734 -2.1407113310118966 -2.696693578452371 -1.2839308802782066 4.678926624252321
2.458163704621446 -1.4490391954871071 -2.6818281556038746 -1.654746118878033 3.4986839846855626
-0.47139732226746345 -2.49957606408035 -2.7699801069407384 -0.6228342586042936 3.553615733257411
1.4385785972495295 -2.340268580900723 -2.794901213278986 -2.167675950150354 4.5705645828523895
1.5155017776682111 -2.0304259005364744 -2.577707977429099 -1.9120217622735263 3.8453181768009195
2.6921984530831526 -2.430880575571263 -2.443649169896212 -2.0601501695079985 2.683266883090001
1.0712301281550605 -2.7213840274623027 -2.39135630859734 -1.093194978766718 4.2953864054395865
0.47457105211731165 -2.899110312175354 -2.5571569769896265 -1.0968309104951541 4.238344053477723
1.0440248329779411 -2.5519118809642034 -2.922096740015351 -2.306899258843051 4.007153578426217
0.41300090257156774 -2.561790210854365 -2.7126823420411776 -1.1383182042446247 2.640303059539134
0.055953297599243834 -2.0656279599024674 -2.803137473125162 -0.6997601257811643 4.673261394806368
1.39574565439702 -2.7949861512807184 -2.6824481969487914 -1.839666827657946 2.626286902682703
2.672015327424064 -1.8025277394528303 -2.3727045464863874 -2.4070342065080443 4.44137605188067
1.8933696235681032 -2.9123867544788524 -2.7672340461835 -2.9966280683346973 3.764025686951287
-1.2033550865952445 -2.381787241612759 -2.998075484656577 -0.08867393243958599 3.348682275928014
2.2669053500165686 -2.7110375639314532 -2.6266791413371178 -2.106462964812259 1.6639787926160794
0.8631227656611289 -2.751293464330267 -2.6693110534522355 -0.4528516390020415 1.727039747370192
0.5972110885451838 -2.7075794595017264 -2.8452355483629743 -1.1299224355525321 3.1558417305574458
-0.028563863906043374 -2.6954533864801453 -2.5791193862949444 -1.1162438931100822 3.746164024218778
1.7199853470123938 -2.874326267205256 -2.9978527872890393 -2.7134104314731524 1.8014143727789196
-2.300085843279277 -2.644019830830394 -2.799802657507894 0.4730413216745761 4.666320030633172
-0.7818617986603994 -2.942502021527897 -2.829159420312617 -1.1713196753803772 4.786442638645126
0.1559322033898305 0.25762711864406773 0.3627118644067797 0.352542372881356 0.2305084745762712 0.2067796610169491 0.1016949152542373 0.30508474576271194 0.2983050847457628 0.3864406779661016 0.3627118644067797 0.19661016949152543 0.33220338983050857 0.22033898305084743 0.3254237288135593 0.34237288135593225 0.38983050847457634 0.288135593220339 0.2779661016949152 0.2440677966101695 0.3152542372881356 0.36949152542372876 0.2915254237288135 0.14915254237288134 0.2508474576271187 0.37966101694915255 0.3830508474576271 0.2406779661016949 0.28474576271186447 0.17288135593220344 0.2440677966101695 0.37288135593220345 0.2677966101694915 0.3966101694915254 0.39661016949152544 0.1796610169491526 0.2983050847457628 0.30847457627118646 0.3525423728813559 0.31864406779661025 0.21355932203389827 0.2915254237288135 0.39322033898305087 0.3932203389830508 0.223728813559322 0.2271186440677966 0.29491525423728815 0.26101694915254237 0.2542372881355932 0.2338983050847458 0.34576271186440677 0.1796610169491526 0.15254237288135586 0.36610169491525424 0.311864406779661 0.376271186440678 0.26440677966101694 0.2711864406779661 0.30847457627118646 0.18983050847457628 0.22033898305084748 0.3559322033898305 0.2542372881355932 0.3694915254237289 0.36610169491525424 0.08135593220338977 0.15932203389830507 0.33559322033898303 0.26101694915254237 0.36610169491525424 0.36610169491525424 0.14915254237288134 0.288135593220339 0.311864406779661 0.2406779661016949 0.24406779661016953 0.22372881355932206 0.39322033898305087 0.26779661016949163 0.33559322033898303 0.3728813559322034 0.1322033898305084 0.36610169491525424 0.30508474576271183 0.3423728813559322 0.28474576271186447 0.2440677966101695 0.29491525423728815 0.21016949152542375 0.10169491525423728 0.3864406779661017 0.09152542372881356 0.352542372881356 0.36610169491525424 0.2847457627118644 0.17288135593220338 0.19999999999999996 0.24406779661016953 0.36949152542372876 0.31525423728813556
0.008523665985306914 0.014264286516482247 0.0071883946887821544 0.007221852176407269 0.009762310996228773 0.009675320086173278 0.0074239492362308335 0.012825680413706176 0.007778300119944037 0.014083515515351764 0.011763981018745009 0.008459168688607108 0.007296493375929324 0.009211981976775828 0.00936470714416613 0.010084734119017034 0.00943164789131907 0.010865294945693495 0.008721849512868437 0.010777420007808644 0.00844484850452549 0.012954154441579942 0.00674309446861414 0.00855941854988784 0.013960757955608078 0.008903364568931578 0.008101407263602317 0.0098138249721672 0.009354398145139768 0.008472829953059296 0.01380320162339826 0.007855580009795578 0.009950682890417858 0.009278041812393873 0.013479748930191675 0.013668070597938026 0.011200525563694245 0.008384632811446297 0.008297156443721405 0.009924652488286176 0.007276903709633277 0.013324318233837923 0.008468388851176598 0.012663910729144938 0.009202502128491424 0.015656053307732773 0.013643850478929825 0.007396517999505508 0.015784939352851 0.007816067419160286 0.008988459432711064 0.01262115181705242 0.008841372096823018 0.0162480235244188 0.00791976950820212 0.007634839956483781 0.007384176506456424 0.00827559297745964 0.008158091470412564 0.011032928464699106 0.016082527475165496 0.00798704136307031 0.010743545487203845 0.0072561056061946835 0.007425827121170979 0.009624502778698259 0.010387917172324452 0.006749895685675997 0.007639397995036585 0.008406111873006234 0.009669119648467995 0.009489483054063925 0.00838627378735863 0.008381522494155542 0.006440445076533195 0.007564425745290493 0.006871982156667221 0.011617776265164447 0.008181802308520435 0.00914785662998371 0.007626882947207202 0.010134505946276793 0.007657651019032966 0.010141552053600844 0.008070350625218485 0.008058221756339086 0.010975669669104534 0.007018116517275826 0.009026467760137019 0.00848133709164742 0.012978064705740564 0.015110154459658432 0.011728039888818625 0.012706332572661695 0.008339011511263839 0.007589745798018293 0.007192674087484226 0.0205519167737382 0.02222615240474919 0.012120788313149484
-----
100
24185
0.1
0.44792475507755747 -2.9289422171655364 -2.7422934060048907 -1.4666935051824446 3.660282525369211
0.5783744790815456 -2.836980421800314 -2.8445852639200644 -1.9206366582059917 4.306299955151636
1.5837878442028481 -2.586810367829586 -2.536919574097559 -2.010145629027674 3.8696094321657504
0.8465599838327993 -2.870183830895218 -2.780494003809164 -1.9573001467966984 3.8716527397567786
-1.0670880412471564 -2.681409197566862 -2.4442844034376203 0.3743732277703633 4.905441875951745
0.6277100782647214 -2.4483046078405457 -2.655656559002274 -1.327137325523843 4.455165532931428
1.2411422120388895 -2.8775216601605913 -2.6987554524273913 -2.1142957587260405 3.551978135570656
1.3119600352862943 -2.6308662016586806 -2.666487084863767 -1.98527751151629 4.291476065921725
0.46522397814039396 -2.79024785176651 -2.81660237055195 -1.2028182309958364 3.0744199280707334
0.00012985439019541634 -2.329669552634859 -2.9178086377029087 -0.709493172834967 4.724877825303792
1.2802797533528618 -2.520657561553059 -2.9823774364973428 -2.3011439976874177 4.682931951087292
-1.5859893871006476 -2.7924424148333964 -2.9349383512395795 0.18432095560376316 4.3634791202853505
0.5702493818617993 -2.6865633832956597 -2.84526072743604 -1.2904325954563731 2.842640106845194
-0.47543619722327457 -2.7647130101111586 -2.9971485316455078 -0.3642536563199212 3.5291649932924463
1.1202185804231268 -2.4572173401254003 -2.9008129657835497 -2.0414636577498606 4.8477965967269245
0.3126835984038038 -2.444072631766946 -2.6503577902560926 -0.8147620258436065 4.697958929062184
-0.11845159018089824 -2.8229817685868674 -2.7346234455998104 -0.7873977708462608 3.0012925920362887
-1.133325271042443 -2.966894389880927 -2.968000453384373 0.3456440077787927 2.1428378371841506
-0.9881917232163546 -2.743715981569874 -2.6861840201643368 0.20756319762842745 4.279306870497053
-1.2224746395296493 -2.8464277437425403 -2.812286572151895 -0.054375172901874554 4.741508688727775
0.35766984068957647 -2.5275442701486592 -2.8204953731523097 -1.1587962350079593 4.0737476306506935
0.7160451190149125 -2.3917581207820113 -2.8814199863912817 -1.460868400568951 3.9673896262147585
0.9594453755449162 -2.8436255109356052 -2.899241264970019 -2.0868481692255623 3.498729975018473
-0.3600669138142203 -2.7095004804853975 -2.9922149296004408 -0.5916793097482049 4.406171574154517
0.9272158510563295 -2.6554188241734744 -2.749560952571219 -1.4336266914029543 3.1093695024020587
2.2298855714573307 -2.480167897547382 -2.8715887097327712 -2.9475292041558006 3.823074590428906
0.47817176481122015 -2.7085878652652022 -2.619005139082284 -1.4235289392702353 4.628668964588657
1.0924076155992508 -2.758419801493968 -2.7044697030563407 -1.8103412693258298 4.027728690150767
-0.7039786933098147 -2.5300562224509555 -2.766666749450989 0.01903731836922906 4.185435958798156
0.6509617190840549 -2.743587769730367 -2.7370676670221847 -1.4486723388832106 3.342960588586105
0.80612928754092 -2.1887252081100734 -2.9493645430780164 -1.4827345711825448 4.7997467330553745
0.25539489412655814 -2.945450608826938 -2.7496711109497074 -1.508357339341525 3.651976343064585
2.145251219702897 -2.166581069069898 -2.894301913089561 -2.7840913223342225 4.382980348831791
-0.8110358358251065 -2.7556369196517334 -2.8506430979760067 -0.31493784166240213 4.226941368861712
1.7801151450752122 -2.6588715306030815 -2.7640488202354767 -2.6684228391462996 4.702804898607935
2.214863538458612 -2.3300917027914934 -2.8911528638922586 -2.8581363480194795 3.4919733184646877
1.9015531623894661 -2.750852302903794 -2.968017690652832 -2.628679786031142 3.289251797869248
0.07625324587080806 -2.3476291487181453 -2.9972457754711934 -0.6966298833927111 3.8138949430538944
1.6153553226817319 -2.455169952521433 -2.8141703846844255 -2.3788446381863424 4.528913374152422
-0.32065953871112995 -2.4718665551564847 -2.6072109708154723 -0.4027526319761343 4.879716202310448
0.028404617449282354 -2.9358794734128293 -2.8112858375495913 -0.6689187034133679 2.2736199702023754
-1.141040422183284 -2.5861728653641722 -2.7135633861918844 0.24617100693922667 4.946671584829272
-0.4926748715608309 -2.709543376350925 -2.5686585536883473 -0.42014045233944286 4.9537297597183905
1.6051559059794858 -2.7561407344563666 -2.9740129266691886 -2.4149769351003365 2.3570215754757124
0.24617609924679706 -2.710560336977761 -2.7937014730537717 -0.994296213270691 3.3415312952967806
-1.0753741138101387 -2.329641306250986 -2.839865063489607 0.47271578321916086 4.193785345479806
1.6306826559994452 -2.782777601606813 -2.805106663393208 -2.739205086815887 3.645917703987416
0.6685613635363885 -2.7695225709844844 -2.56374806427435 -1.699674070327239 4.371343698019717
0.41595393357419264 -2.798400481529032 -2.6907011292130107 -1.1147765072823832 3.406368331839081
0.4122171760292236 -2.8533078021928877 -2.544640022831231 -1.1011523555074763 3.6527733650403493
-0.31305070410165425 -2.669397821053347 -2.8673688828933814 -0.7380766949885893 4.090111225277894
0.7906513581354971 -2.7477968467243215 -2.856681319162633 -1.6638852511049085 3.746352710097838
-0.09354619435166744 -2.634170973639369 -2.930350692710452 -0.7659352149313725 3.4784477599565484
0.5890900822077668 -2.975826518885272 -2.6477008348449047 -1.4530369761451747 3.782089003152764
1.4567414834054349 -2.9805317186697735 -2.6533656514124044 -2.5070702296254526 4.348274256739716
1.6539577224183857 -2.755586621741892 -2.7579681855156526 -2.3349962617849083 3.09741441590604
0.8258610713342198 -2.6371536295204634 -2.7711308801140717 -1.2283645543403519 2.88246461298417
-0.11800522961912546 -2.3799577908736658 -2.754741416761106 -0.7423518003388534 4.433352384462935
1.9320687096979972 -2.970214807465616 -2.646982310509703 -2.7462328559346023 3.8389360210148187
0.507711958009708 -2.587035918694977 -2.725904423131886 -1.4584620058311784 4.655026884658005
-0.39713704729123744 -2.594679420793333 -2.727932594052852 -0.22650913067111855 4.271129777492076
1.2632636367095353 -2.213614510923992 -2.899878709466599 -1.9036679106610508 4.378138815170146
1.420789507934815 -2.6037450924535417 -2.821390778191185 -2.061758777067308 2.859460838829775
1.3283562980807986 -2.525477478466862 -2.8286765126878155 -2.1167477935078063 4.387073170612359
1.0849215808721109 -2.2440261135458064 -2.889585641656549 -1.6416005336271324 3.6135129166336246
0.8334019615145671 -2.4887453419804104 -2.627299892167925 -1.4603322293372927 4.538082974574745
-0.10094646994260413 -2.71258101252642 -2.78614420115564 -0.40356523744711087 2.930117007907657
-1.2465439057410754 -2.633376123310969 -2.7741622306035034 0.40581751429692314 4.70091353312866
0.06804232622290907 -2.822617465212319 -2.7959874596981953 -1.210958416398244 3.642996562948295
-1.090451931021087 -2.3990024323558643 -2.9806006209030413 0.3335875779808949 4.159136312740907
1.9337448474778296 -2.7298965903355907 -2.824058092926832 -2.4987565419271798 3.340569806899178
-0.12005296003008897 -2.6886001799764054 -2.964155548294556 -1.044346595733906 4.498281140375315
0.30787138647501544 -2.7808443760103807 -2.8528527118185 -1.0691194087821518 2.9749384267306165
-0.2860492845812548 -2.882594987027139 -2.4960937359639286 -0.8514901285962977 4.698913632583372
-1.1822628882857409 -2.779002602838555 -2.653676159560131 -0.0672012858005192 4.445553177550862
0.12043995696283448 -2.6748959474234555 -2.731867390760779 -0.8829115380305673 4.398364586020884
-0.3929471259296508 -2.614106001170178 -2.914061918576746 -0.5396306615726494 4.28586428176084
-0.6967624536403355 -2.84737999300891 -2.8144090348774444 -0.26830032413145577 3.0037851073954034
0.35610871956255874 -2.8306773931534726 -2.8655528679386912 -1.1802817376299473 2.8027454902403726
1.84192995352697 -2.473247494877143 -2.8596378603435024 -2.4426300004546566 4.061006799902587
0.721410779175495 -2.8404749241134777 -2.8036427062232985 -1.5030385105586572 3.427312100376887
-0.37021858882636643 -2.6204670992396637 -2.6767195643491264 -0.5999024522300944 4.824118530836642
1.467110581944552 -2.657812849481484 -2.5963385915216306 -2.1237070182758693 4.601051954965474
-0.18645062027074732 -2.4549900228303145 -2.678897758800666 -0.5949779445299466 4.818864730268981
0.255992870610092 -2.5933263499775747 -2.673700010144001 -1.0619781398720425 4.070711664194482
0.11679666401226296 -2.7800760770838475 -2.6723138127863884 -1.331948134412726 3.9826459844498174
-1.2400009393052387 -2.485313954294176 -2.900660657075495 0.39253332925697343 3.8156150748463253
-0.9676943658448613 -2.446461247342294 -2.939427937279332 0.021873291262932693 3.6941491938909747
1.4117297335683454 -2.8827205482725002 -2.55721246512077 -2.3288143323540593 4.191853594686633
-0.14352480229424458 -2.729132149553043 -2.567561816292969 -0.8966239592943683 4.828348820667373
-1.0218749114560344 -2.6289276096923144 -2.967891547417172 -0.24752175050468161 4.8646671226187586
1.8298119107720616 -2.769417447200651 -2.457108927697391 -2.462244831086203 4.48727898473037
0.01305323650889001 -2.6660950010577915 -2.976297980641429 -0.9468259753059144 4.291414396342539
0.214313011361694 -2.707389360562724 -2.659742200233496 -1.2037232498670754 4.57700211495313
-0.5954081603296115 -2.439758526203876 -2.939435209597748 -0.3603912188559692 4.828732624951229
-0.7066829672227231 -2.57428940496533 -2.790312834702826 -0.017892537947474363 4.222061715439875
1.3982494166654869 -2.6478799921205827 -2.50928057413044 -2.041378974156019 4.287347122708669
-0.7636563347979937 -2.379887264030428 -2.981980251347684 -0.23957684802663276 4.372736165832398
-0.3992883529325164 -2.8684520138310363 -2.84082407356225 -0.514478806823422 3.5612841646632813
-1.4937829193738148 -2.8994545592837127 -2.7503200591363215 0.30188214843880534 4.435719558984969
0.09491525423728808 0.07457627118644061 0.08813559322033904 0.07118644067796609 0.09491525423728808 0.07796610169491525 0.0949152542372882 0.03728813559322036 0.0474576271186441 0.09830508474576272 0.057627118644067776 0.09152542372881355 0.09830508474576272 0.06440677966101699 0.07796610169491525 0.06779661016949153 0.09152542372881356 0.06779661016949153 0.06440677966101696 0.09491525423728817 0.0847457627118644 0.08813559322033904 0.06440677966101699 0.09830508474576272 0.0474576271186441 0.09491525423728812 0.09830508474576272 0.07796610169491525 0.07796610169491525 0.06779661016949146 0.08813559322033898 0.0847457627118644 0.09152542372881356 0.06440677966101693 0.09152542372881356 0.06779661016949157 0.047457627118644076 0.08813559322033898 0.0847457627118644 0.09152542372881356 0.0847457627118644 0.07118644067796612 0.07118644067796612 0.07457627118644067 0.07457627118644072 0.08813559322033897 0.0847457627118644 0.08813559322033904 0.07118644067796609 0.09491525423728814 0.0847457627118644 0.06779661016949157 0.06440677966101699 0.07457627118644072 0.06440677966101704 0.08135593220338977 0.09491525423728814 0.0949152542372882 0.09491525423728808 0.0474576271186441 0.0779661016949153 0.07457627118644072 0.09830508474576272 0.0847457627118644 0.06779661016949157 0.07457627118644072 0.07118644067796609 0.09152542372881356 0.06440677966101693 0.07457627118644068 0.08135593220338988 0.05084745762711862 0.08135593220338982 0.09152542372881356 0.08813559322033898 0.05084745762711862 0.06779661016949154 0.08813559322033895 0.0847457627118644 0.0847457627118644 0.0847457627118644 0.0847457627118644 0.0847457627118644 0.05762711864406783 0.09830508474576272 0.08813559322033904 0.08813559322033904 0.07457627118644067 0.0779661016949153 0.06101694915254241 0.06440677966101693 0.09152542372881356 0.054237288135593226 0.06440677966101699 0.07457627118644061 0.07796610169491525 0.07796610169491525 0.05762711864406779 0.057627118644067776 0.0847457627118644
0.008023433665539401 0.008795695929742805 0.006992134910874566 0.00788545489408911 0.017166364003651655 0.0071909888631250755 0.007596474026028987 0.007048091240501077 0.00847331426657172 0.010728234927724139 0.011550408264679877 0.016543660523680996 0.008799553775221843 0.013237608993685559 0.0100232407529805 0.00809407214513306 0.009114679279205923 0.026963455471250192 0.011529917403765312 0.01331678726711993 0.007661542384884352 0.008167582711594549 0.009095223360170868 0.01266464526061538 0.007463420045105034 0.010911346727271792 0.00770994039661364 0.007063916879722744 0.010032708988604191 0.007360655248384206 0.011231251012962632 0.008360728155447611 0.012668936755767416 0.010751786491165132 0.009699289670982152 0.01126487178507905 0.011342325117219573 0.011287453609495198 0.008796395252246427 0.00974743997863565 0.012323962426274331 0.013043315319710007 0.010585495153638162 0.012421783865052393 0.007995192796252893 0.013447990283741227 0.008842789011999449 0.00753661729389866 0.007574781775526043 0.007933774283997124 0.00918019307493624 0.007974632867475814 0.009878047045992357 0.007990177355853082 0.009202476106333284 0.008056890035511669 0.00804140708543597 0.008302536655140953 0.009370197338323625 0.0077089702899124195 0.008989708099025107 0.00943902203470651 0.008331019808910683 0.008096948655084833 0.008749517255262098 0.007200102656951799 0.00964287542436613 0.013542150292725768 0.008209308222429233 0.015566130704794214 0.008709754218048966 0.011093808165957753 0.009153025317080999 0.010267174389972834 0.011422374342793336 0.007867845744778328 0.010327790999033545 0.01170234524714992 0.009758584154848638 0.008880123571961763 0.007946385522339419 0.009229022239823742 0.007704789508202961 0.008996492287611615 0.007118693812879609 0.007505525269051062 0.014113771342644632 0.01278669773377798 0.008138970405816983 0.009138492579660254 0.014970832730316254 0.009011642624048516 0.010870520153836865 0.0078037996187656925 0.012602779028276617 0.010142243711706895 0.007352457210735059 0.013079594398466472 0.010126769744631187 0.014644650269980672
