5
100 100 100
1152 1190 137107
0.8 0.4 0.1
-----
100
1152
0.8
-2.3668098225510223 -1.5546392798588182 -1.773741369538484 -2.377615826578909 3.069414802146442
-0.1264068184656355 -0.5449268988738396 -2.9642809949266455 -1.3418592201441595 3.411124317198544
-0.14818249211889478 -1.977757576574969 -1.407847310336324 -1.7323306851507372 2.596617532479045
2.510158849062667 -2.4528979809327662 -1.9343201385083217 -1.8045808353437227 3.023021153266159
-0.9745785820882138 -1.5253086706105834 -2.6220559817649653 -1.8014447447143844 2.8394216084766413
-0.36079910403571214 -2.229145093907812 -2.9928106841256916 -1.9726348652313508 4.3484110253395505
0.2760383311846373 -0.9677064224976957 -1.6839255941292723 -0.9267368333526163 3.874309779687125
-1.0574849408236195 -2.756659230771036 -2.02667680637031 -1.6798630250820636 2.763689049865069
2.9515655515428865 -2.9402479635753274 -1.640000627008531 0.11523537525222416 1.0045522311179766
1.2159418978587437 -2.877374069303317 -2.077546969345185 -2.7376366533420597 2.423898457307531
-0.6963605280690262 -2.752627074403978 -1.7704573903397707 -0.6774616261357176 4.36992203478186
0.7658782070742336 -1.2288410487697838 -2.0409738146172476 -1.2857646583134175 2.6382507794171515
0.9832334386884978 -0.4988967381600449 -2.624369727936002 -1.522161125150416 2.0915702262543414
-2.714122660286726 -2.8835515226687463 -2.942444073767113 -0.623202806683548 4.45137958180821
-2.81608211965293 -2.1428147214289943 -2.437620446842705 0.005368349449034859 4.737017758695642
0.8076611962087714 -2.1476942329173685 -2.7555955683596736 -2.9007728589712714 2.702365828332718
-1.2737724548715281 -2.97644650157721 -0.9963046367777006 -1.0878049727614592 4.859834440920433
2.7157845492267985 -2.3876637524414774 -2.2600779044529062 -2.7026745912853576 1.298900040863873
1.234922402754302 -0.5545080203336208 -1.7565188547881538 -1.268376708861378 4.317525779668108
-0.2358740706945479 -2.6841636773238933 -2.1202162801304767 -1.9950240265836576 4.899842670895303
-1.9369167707107287 -1.8085485636078018 -1.2487861527285395 -2.9232710602082967 4.485737462182465
-1.4278815033585195 -1.5034446227809966 -1.5377719175476643 0.4442723518302025 3.629999934154494
1.5159630249236447 -1.332284522934919 -2.208152962076222 -0.6964698596912582 1.66187958810316
2.009902439714984 -1.0535243795177518 -1.9719844962902267 -0.08723777854723114 1.8408856833601173
-0.6584456529537994 -1.506914788602304 -2.150552236498048 -1.8862389740039749 3.5539242342356214
2.1596652042158686 -0.6957403021097148 -2.124602538721055 -2.491346441589517 4.088436149072235
2.340451074998681 -0.2800348371858732 -2.167787222930212 -1.3549108694105823 1.8333149239513091
0.09888650514195874 -1.28813579900473 -1.6798284197022224 -2.3114733512667582 2.7938266899004383
-1.795626440108622 -1.4117934453910514 -2.741451172223755 -0.0028233576068337207 3.4338863687768875
-0.7701352784664799 -1.4942379054179251 -2.4472199061026165 -0.6132178351706781 3.1791134659232325
2.4715777554809844 -1.9915949853732107 -1.2938805318594477 -0.053988047045665954 3.870623761601286
1.8297017680888885 -2.7550704134125996 -1.96248784762246 -2.4075186004036038 2.978537810124587
1.1838479788990774 -2.7614025556979382 -2.0677279393478 -0.03523763191519036 3.8148349679048597
1.3633411007513994 0.37898028987911614 -1.394154132890216 0.423089199194826 3.2147348877739157
0.634834683085832 -1.2504966897256735 -2.864509761312418 -2.3354848830297614 3.3774901796389676
-1.645532592810547 -1.6771234185713113 -2.529455925457514 0.17138388156680717 2.272897019787944
-0.9687146803772291 -1.7713792295446598 -1.4111050872664586 0.47638825600154 3.4758138558716345
-2.5487702347133476 -2.5903001517885715 -2.4966810290617825 -0.4275437555215591 4.438789599331554
1.1544350558601195 -1.9579374077612908 -2.018361953260845 -1.6848577826918345 3.5646035692267333
2.604123837548821 2.2178935702326603 -2.6715591770261695 0.3960502115812208 2.246688899486533
-0.5881058780320889 -1.6527991163786337 -2.3913670919837617 -0.7538046799159175 2.7685376773709383
1.5695065219675222 -2.0328864038546244 -2.8553240511158555 -2.40681432291118 4.140518250321087
1.2569414059913138 -2.8383285431295278 -1.354175185096648 -2.066389103582457 3.920195791854144
1.8527200823394203 -0.2623724303286199 -2.192919955207019 -1.8286855299187255 4.37217678278787
1.0406968832685344 -1.1587352827139634 -2.6686100225363467 -2.7838145387712525 4.569934979526456
1.738419565659031 -1.1988508459248837 -1.7102076299591373 -2.4172408961501666 3.726667996467464
2.364508065482843 -0.1679614352757195 -2.0387355667710083 -1.040727816242827 2.2488306643120892
-1.112123564993797 -1.1743775328943746 -2.1176953951633566 -1.448357288167291 3.657832551951381
0.5340644974114435 -2.7422446715706417 -2.60676970376342 -0.8272708540281721 0.37058996874276384
2.0413127708860976 -1.317431813650289 -1.1789787369418359 -1.331973778591931 4.649536304893543
2.1565316645817116 -1.9113875886258596 -2.422380735392629 -1.9463267754566689 3.810864124692801
1.584699246165913 -0.2141449755680962 -2.588064693392607 -1.434260429979925 3.1536424037111344
2.646594930046728 0.004819882598483094 -1.894046788559891 -1.7878194428319882 4.6474335784210785
-2.2023229009895053 -2.5879592161849856 -2.533027153848897 0.41971863768074336 1.1227965937017437
2.096194708428704 -1.5758759880655182 -2.3288326965300468 -1.2543454556424445 0.9054028693650018
-1.328369786849223 -2.102846205455173 -1.2320716884171787 -1.3822540429534693 3.8721901191384323
1.2725079132545734 -2.6569408140670445 -2.4508719578271254 -1.8399946525882191 0.6020978461713167
-0.5227606142822938 -2.165224437148013 -2.5274663384128817 -0.07412464801375807 2.835239509279228
1.8357473754094933 -1.312670984649042 -2.1853118683624926 -0.778065583061061 2.148013575459391
1.4885433867041922 0.1271916952848744 -2.1247404906022482 0.42198925575984525 2.355642344562078
-1.0233508461691216 -0.849941734295196 -2.012599693612881 0.4239932153132271 3.6743614500343202
0.7065144845992415 -2.4750071874927775 -2.7721024592745445 -2.1855436262552557 3.439905180100422
-1.3722671347123088 -1.8723679466346064 -2.058266895215103 -0.49035634781821313 1.7803686246630213
2.402305378843873 -1.6444982852272223 -1.4334987749281347 -2.747148801101883 2.707396413763777
-0.06030008257945729 -1.9264699315185623 -1.7377009993818344 -0.1791370186655019 1.4805618801860765
1.0713592367419977 -2.667393917413678 -1.4198268604087807 -0.08454941365545876 4.209016735989005
1.858159750004023 -1.5589481160347614 -2.403460775029123 -2.6345984179137436 4.4518119371851945
-1.124673566501977 -0.5981054784365711 -2.701436420592123 -0.1614710304407132 3.7549872398791284
0.17528039237310455 -2.723969695203401 -2.953080508108349 -0.9845238597213917 3.089464063729234
1.3825736294936952 -0.4058626089410935 -2.619349886142674 -1.6457914141837167 4.234283942247291
2.084194046613785 -0.5816606726901412 -1.136929633792727 0.08916064571305116 3.6818401709127335
0.6282893268074403 -0.31280495417005705 -2.247122690367763 0.018844021065095085 2.8630850530293204
0.5992100903776914 -2.6140280776381104 -2.4623770841615285 -2.9370705823554157 4.900733206570026
0.16889198349284795 -1.8416216137266455 -1.341564079659554 -2.1625236990251544 3.843240328742683
-0.6725100457069448 -2.9616636280597093 -2.993288748163564 -0.9116120832910939 0.6132525817227641
1.0844256191140058 -2.6570029041647945 -1.7671766870695298 -1.2715487236911778 1.8010325925415815
-1.9873328781389796 -2.5252678815030256 -2.2941059730253075 -1.9113471738525247 4.075009483498921
2.5677481449417385 -2.562259375229287 -1.718061873852235 -0.4135326818666827 3.9864467831927133
2.7876495163157795 -0.040211142672205824 -2.8156095779931296 -0.4221946677977946 1.7320719907957038
0.1356945919669883 -2.871221185891975 -1.853503496122051 -0.22135766376008315 2.3972052300508895
2.237026706667594 -0.4993958298419021 -2.095223767594319 -1.9100347659033927 2.7876887925160085
1.6614260117192199 -1.5450671601708716 -2.1323539418909356 -0.4118577525853033 2.1109916550850705
-0.696908292085197 -2.690921468685083 -2.8882034288015723 -2.5248973530774643 4.697276941805421
1.8217218118564062 -0.8382651275199007 -2.247537452288093 -1.889217385606833 2.1744215491691197
0.1516836569968918 -2.1300787488155617 -1.2734085198301743 -0.31857588716356045 3.850359150823026
1.7900265093693122 -0.23335935382956752 -2.6265913813235726 -2.2046446452974053 4.450055062514684
2.0337121289155267 -0.9644879657033871 -2.619865753614482 -1.2470023987358152 4.94528491148753
-0.9898884482688612 -1.078508838450127 -2.5344164510024263 0.21012911395336076 1.7337927378357376
-0.23826818681327477 -2.3692576076320435 -2.436988882533388 0.2801273053693145 2.2868315953128726
2.8346991504772845 0.8028000243474369 -2.7181212674881436 0.4307441925584339 2.0397464748845726
-1.270694631584218 -2.1528165188664548 -1.5198761434432297 -1.056751614239991 2.062314970835204
-2.50681044065048 -2.1203468108095755 -1.9961823087830606 -0.20713729618374987 1.8207249497816236
0.5883828261407231 -2.830289321477087 -1.9543761114550278 -0.6142956981154661 3.2660686614719925
-1.6609029298543234 -2.493254937118494 -2.018648554835013 -2.872082594797922 2.417817554619063
1.848126858581705 -2.5688894340738435 -2.4311704260488174 -2.439328754616554 1.4521138645638954
1.7918183049205059 -1.4557520401405717 -1.5783975116961964 0.17877821505356817 3.38471069798104
2.7629676757453208 -2.125209580893186 -1.6134822031636435 -0.6735431270686951 4.817497251961277
1.061982986807795 -0.9237715765224013 -2.1944079444186144 -1.3725184204441518 4.546675485752382
2.2061097594672443 -0.8483998566590274 -2.6569385797954848 -1.5459939117789867 3.471782461229518
-0.9560351900164687 -2.6533933922101283 -2.070969487708265 -2.3084905531196114 4.5704768293377125
0.7830508474576272 0.7796610169491526 0.7728813559322034 0.3864406779661017 0.7355932203389831 0.34576271186440677 0.752542372881356 0.5728813559322035 0.7898305084745763 0.4169491525423728 0.4 0.688135593220339 0.7966101694915255 0.2 0.5186440677966102 0.41016949152542376 0.7728813559322034 0.4542372881355933 0.7559322033898306 0.23050847457627122 0.7864406779661017 0.7322033898305085 0.5661016949152543 0.5728813559322035 0.7186440677966102 0.7118644067796611 0.7355932203389831 0.7932203389830509 0.6677966101694914 0.6203389830508474 0.6915254237288135 0.32881355932203393 0.7559322033898306 0.7898305084745763 0.6813559322033897 0.6474576271186441 0.7152542372881356 0.33898305084745767 0.41694915254237286 0.7118644067796611 0.6067796610169491 0.30508474576271183 0.688135593220339 0.7389830508474576 0.6983050847457628 0.728813559322034 0.7084745762711864 0.7728813559322034 0.6067796610169491 0.7186440677966102 0.5694915254237288 0.7152542372881356 0.6983050847457628 0.5220338983050847 0.6135593220338984 0.7932203389830509 0.5966101694915253 0.23389830508474577 0.42711864406779665 0.6169491525423729 0.7322033898305085 0.13898305084745763 0.7084745762711864 0.7389830508474576 0.7389830508474576 0.6338983050847458 0.3559322033898305 0.7762711864406779 0.6406779661016949 0.6813559322033899 0.7559322033898305 0.7016949152542373 0.2169491525423729 0.7389830508474576 0.4203389830508475 0.6576271186440679 0.41355932203389834 0.4067796610169492 0.7593220338983051 0.5186440677966102 0.7322033898305085 0.4 0.33898305084745767 0.7322033898305085 0.7186440677966102 0.7322033898305085 0.752542372881356 0.7627118644067797 0.3864406779661017 0.7966101694915254 0.7830508474576272 0.7254237288135594 0.35593220338983056 0.6033898305084746 0.30508474576271183 0.5966101694915253 0.42711864406779665 0.5932203389830508 0.4745762711864407 0.26101694915254237
0.010000000000000004 0.010000000000000004 0.010000000000000004 0.010000000000000004 0.010000000000000004 0.010000000000000004 0.010000000000000004 0.010000000000000004 0.010000000000000004 0.010000000000000004 0.010000000000000004 0.010000000000000004 0.010000000000000004 0.010000000000000004 0.010000000000000004 0.010000000000000004 0.010000000000000004 0.010000000000000004 0.010000000000000004 0.010000000000000004 0.010000000000000004 0.010000000000000004 0.010000000000000004 0.010000000000000004 0.010000000000000004 0.010000000000000004 0.010000000000000004 0.010000000000000004 0.010000000000000004 0.010000000000000004 0.010000000000000004 0.010000000000000004 0.010000000000000004 0.010000000000000004 0.010000000000000004 0.010000000000000004 0.010000000000000004 0.010000000000000004 0.010000000000000004 0.010000000000000004 0.010000000000000004 0.010000000000000004 0.010000000000000004 0.010000000000000004 0.010000000000000004 0.010000000000000004 0.010000000000000004 0.010000000000000004 0.010000000000000004 0.010000000000000004 0.010000000000000004 0.010000000000000004 0.010000000000000004 0.010000000000000004 0.010000000000000004 0.010000000000000004 0.010000000000000004 0.010000000000000004 0.010000000000000004 0.010000000000000004 0.010000000000000004 0.010000000000000004 0.010000000000000004 0.010000000000000004 0.010000000000000004 0.010000000000000004 0.010000000000000004 0.010000000000000004 0.010000000000000004 0.010000000000000004 0.010000000000000004 0.010000000000000004 0.010000000000000004 0.010000000000000004 0.010000000000000004 0.010000000000000004 0.010000000000000004 0.010000000000000004 0.010000000000000004 0.010000000000000004 0.010000000000000004 0.010000000000000004 0.010000000000000004 0.010000000000000004 0.010000000000000004 0.010000000000000004 0.010000000000000004 0.010000000000000004 0.010000000000000004 0.010000000000000004 0.010000000000000004 0.010000000000000004 0.010000000000000004 0.010000000000000004 0.010000000000000004 0.010000000000000004 0.010000000000000004 0.010000000000000004 0.010000000000000004 0.010000000000000004
-----
100
1190
0.4
-1.959045527179243 -2.93620870138267 -2.2576167251570083 -0.85533343191104 4.359533483192399
-0.7025857921845304 -2.819475085734845 -2.9742253809364945 -2.666977513616712 2.3754420269863368
0.8060246096235517 -2.8345096286126363 -2.5196787199230215 -1.9049444401152973 3.770410398460136
-0.23267834074886107 -2.516631252632235 -2.596174094268599 -1.0957225454898993 4.266708494450295
1.3937540212624264 -2.273045467813939 -1.9166150565627644 -1.7881226824029401 4.157566489685
-1.7719941763006435 -2.8376775445098548 -2.4470685888254127 0.3043810771972457 3.839409341985273
1.5588465871561092 -2.4012922462740867 -1.9322447139604118 -0.6508292139461663 2.7771926777691776
0.7181092230579997 -1.8553633811389416 -2.172880005781373 -1.0981565378472944 4.095888239797784
0.9342676133917482 -2.4364135939287945 -2.694921299178166 -2.6251982961783558 2.7441722740225662
1.1068263610457012 -2.0462730095579547 -2.2310013002652496 -1.499575416745537 2.409007180921087
1.1606287181391117 -1.773008441510279 -2.6389117092554915 -1.2555388184070615 3.1061453079601615
2.1291082682419553 -2.616593230691144 -2.102431348648442 -2.7089848482676384 2.6910642235861046
0.6181626892118336 -2.2417378361800924 -2.3899313103887723 -1.6898981499609131 4.640976844543434
1.5576779027654473 -2.37284234895613 -2.592950739675714 -1.8076137089716076 1.9229178445553048
0.48494964209429114 -1.4169312372788816 -1.8541052045690667 0.34776126384728845 4.2046015908325245
-0.6873876732945634 -2.599289006281891 -2.7735106273887493 -1.0760149424440628 4.196982400088504
0.5514107909872465 -2.753740664159683 -2.7570993811827997 -1.1430909663380362 2.387879295751686
1.1803897285504217 -2.6105799942262164 -1.8890768195291734 -0.9158076441757208 3.6361565997586496
0.5496148770273995 -2.062653243146889 -2.710922804408181 -1.4379398738738614 1.687291368378469
0.7810236888375685 -2.249755757659575 -2.421456504039918 -2.1991008847145963 2.5418449321925065
1.5723509528926933 -2.8799787862782713 -2.0169013499539847 -2.923043333058373 3.393744818594778
0.3657174145554807 -1.5003673333154885 -2.323445365416278 -0.11180009411357641 3.105564655275379
-0.7467482020461547 -2.5212710855687814 -2.849369152523842 0.060460977986101394 1.38338518969444
-0.1284739936341458 -2.8004151625934295 -2.883105529087655 -2.193908520481144 4.583242155816979
0.31343668032379157 -2.450244472473055 -2.6025717823115233 -2.978749995678795 3.519453260166175
2.5443702347282318 -1.7423852140828697 -2.073859350683512 -2.8775100414800816 4.615302031299516
-0.3921348821806078 -2.121327676063255 -2.0251254436900696 0.06001798141577286 3.337031702169535
1.6933303802008968 -2.000223269515008 -2.1636964521522115 -1.823579718585866 3.1895689556905733
-0.23570465187350398 -2.592259201273132 -2.7181823310126614 -2.590524841766058 3.3290777227780364
-1.1432668712122998 -2.9390325303679194 -1.9623069960355406 -2.355604461629183 4.498765935836454
2.3842906407700157 -2.2012513479078577 -2.2481970370755455 -2.3522244173199898 2.4604368029472647
-0.7485770977235546 -2.7269282360342264 -2.680189458322868 0.046724563735915825 1.8480916660038549
1.713166014425041 -2.9177293722368454 -2.220636384574453 -2.570957251791637 3.2108603183952074
-0.6407574150047455 -2.60040753162243 -2.611418019195648 -1.7365120507608385 4.364557310758934
1.8209996163571347 -2.215421713321974 -2.654117857291973 -2.126985002388793 2.0643193105263826
1.0328200638498193 -0.9079626495729102 -2.8630265057790947 -0.4522399430853359 2.2697981400565794
0.4082429213068042 -1.9679224323823732 -1.7685942171028879 -0.013759289778056183 4.687467673987878
2.5443637903837417 -2.060284260974823 -1.6468728029301385 -1.3227543841881095 4.979221132465582
0.9418215465103025 -1.4880986595383368 -2.6835491873890693 -1.3745258067446153 3.059442118861267
0.22304021177421696 -2.5111268307338506 -2.5131593802325547 -1.8502213752115224 2.7912631228044367
2.4508925286521186 -1.7024497919787887 -2.2204662909487585 -2.6363848761121194 3.552680422335764
-1.8810080842104209 -2.952918006414709 -2.7297230934159984 -0.7522554102304317 2.431344925085729
2.9612665894888797 -1.3704004886644072 -2.3764533800548557 -2.564290159252467 2.4429404582667944
1.6441298728211924 -1.1951035611455763 -2.0630806374874857 -0.8947572063829727 3.6462976451629263
-0.09620368255437817 -1.794276090548879 -1.8907530866182694 -0.2983793611982666 4.905911557484108
-2.3124328739763595 -2.6967727296146697 -2.481206467291071 -0.13444799146992115 4.911102193102808
1.3615280867355182 -1.8140017941784645 -2.4272102116809604 -2.773058921510918 4.337512805844321
2.5231648128672663 -2.9254641593446804 -2.208286054484849 -2.9628186632881475 2.6754035236233347
-0.6372650420286607 -2.9406413463054166 -2.8486426084614886 -2.4819813357788933 4.181861513468633
1.653763536041861 -2.37453975717722 -2.1030270214923448 -2.650234561006895 3.91544365853903
-0.10039115216694183 -2.7175771638693518 -2.8338116741337545 -1.8432071864898432 2.1393403829817457
-2.1484390726397415 -2.684849354635262 -2.2122772894803444 -0.24237439371567726 3.6201524253482544
1.627769544931065 -1.987564287636645 -2.2473065036790945 -1.732320715631149 3.9769457810471343
1.1724542616104408 -2.5631791449250283 -2.51037778364758 -1.5369342724764643 2.004678974844578
1.801507433224072 -2.5642852955992685 -2.6177512440359725 -2.8731882805533075 2.958545347075102
-0.30970674989345554 -1.95284252914279 -2.6316368620898247 -1.1334268838863093 4.3762298347004
0.45315292920522254 -1.502365525189056 -2.363731244677653 -0.5940894280396786 4.758031101239168
-2.096247834958489 -2.9983767103007226 -2.3906674901886342 -0.4232913936572915 3.396489211860397
-0.24421468086597548 -2.9034799330367815 -2.846223045943796 -0.5834862082617778 0.9740465378529648
-0.31991104985654784 -2.3508219944361497 -2.2551939771788323 -0.8449741344090351 2.8911841787663453
1.5746218102576317 -0.7507844979069365 -2.4499441732477707 -0.606210905945364 2.5750286539300324
-1.8837731785615603 -2.3442904421310553 -2.1805510029377793 -0.3248106445612631 4.955302945291204
-2.8629989743753494 -2.8227369021372977 -2.7933123659842782 0.429841133944328 4.219843282245286
-1.0006383347208194 -2.9884638047359817 -2.858042571496969 -0.04866278395415313 2.6809069114605135
-0.6662937683459023 -2.7781498419429966 -2.109798736014739 -0.9415729476121509 2.7156253641706836
2.055583571559608 -2.899752161304513 -2.032177846137423 -2.6416937923624353 2.995641484521255
2.484869206437211 -1.8078349476257882 -2.4567337499645228 -1.818954079749195 1.45879700919668
-0.5942183666751677 -2.531680810501297 -2.281947953627822 0.42174726430138104 1.5520646803777143
1.7882130900980673 -1.6630430369585487 -2.5262898487279326 -1.9378038480453164 2.535003394984953
-1.1524934676926761 -2.296312965343811 -2.6447549716569143 0.07328630879268694 4.1888461406170245
0.32280252816409183 -2.4532805924406453 -2.259652159496272 -0.8720208738059821 3.271434775463555
-0.9061525132312258 -2.771092483598886 -2.453862079025319 -0.04457837483354343 2.5562668291035293
1.8124492009961535 -1.4961622103535386 -2.8570825374939592 -2.3302194736011623 4.494019956875086
-1.650348199020913 -2.477956669999345 -2.314801073167674 -2.719551023111781 4.848308086754415
0.9833828850244893 -2.3742834635274614 -1.8527371174485283 -1.3236646470785642 4.880847975614126
-2.319941987415547 -2.4138379570681123 -2.1517580094445385 -0.02103864658515764 3.7968902553684662
-0.1162883084530848 -2.1062592241203886 -2.859858706483619 -0.3636257448561364 1.940992451225014
2.341937399877309 -1.6342024213681419 -2.488016600759934 -2.493576237406722 4.416222517481378
2.258094090872438 -1.9071891479263605 -1.7891959238808957 -1.0292942032036851 3.7278225178787796
-1.650429301136282 -2.950741328085481 -2.9492951851079985 -0.8350836722228179 4.273298059998879
-0.620200716096809 -1.9954723051145935 -2.4254638624175118 0.3109905243998585 4.71836400514843
2.6567550309295354 -2.136713576113887 -2.563471078383178 -2.762056748981506 2.8174215366883426
-0.8899786645329107 -1.859968158473985 -2.041066977147118 0.062290854427235254 4.560145637920975
-1.6078305422327182 -2.68772268585742 -2.3240930943641978 -1.559631273957414 3.5381949811919116
-2.201103615755896 -2.744519973131315 -2.9411985014125435 -1.5255156853504692 4.317214558885796
0.17635450297169308 -2.5595854088287138 -2.7787405020612015 -1.9311386889653521 2.019751480596284
2.4261757264770525 -1.7156280154853436 -2.0638364032336547 -2.087229031622962 4.56256885669392
0.24087317217608972 -1.6579422869093552 -2.9011097739107146 -1.448378661847891 4.291601905834044
1.9972295232426227 -2.324279751828871 -2.8685613242861576 -2.925765013321009 3.1758997271505676
-2.0784907567691593 -2.6045676310746573 -2.6502404464043186 0.21089993261758727 3.3464270087542047
1.4028218588551504 -1.629539015132828 -2.875766534702901 -1.1991052566327827 1.6246220227300698
-0.1554983849143512 -2.3410009916843633 -2.5357557257305157 -0.9400257156024058 4.131981408475197
1.2257108606325975 -1.7764664851518894 -2.706547296857202 -1.6277033026215944 2.4330256644661485
-0.09189445095411286 -2.527119782494424 -2.2315826854034118 -0.95082044717383 1.9809417870646793
1.6574378078383991 -1.4640080573926344 -2.04680580798707 -0.9677875724549736 3.987259149500518
0.2965242400536614 -2.469144242950693 -1.985596605569072 0.10237847620636054 3.1458159943880704
0.9715047632223754 -2.5034922334311185 -2.0609825369019323 -1.9016201624283309 3.7155524723670794
-0.30796532875771154 -2.5472519143786188 -2.051405783486411 0.4391138747304961 3.044356374237377
1.7287552870431364 -0.9567699701695966 -2.2746318395732104 -1.022483166569355 4.10166979348698
0.8399424733821733 -1.48454396717894 -2.464138498811045 -1.4482248017068722 4.563487688148214
0.13559322033898313 0.33898305084745767 0.3491525423728814 0.14915254237288136 0.2508474576271187 0.09830508474576272 0.39322033898305087 0.25762711864406773 0.14237288135593223 0.38983050847457634 0.36271186440677966 0.23050847457627122 0.15593220338983052 0.2949152542372881 0.38983050847457634 0.1559322033898305 0.3728813559322034 0.376271186440678 0.36949152542372876 0.37966101694915255 0.28474576271186447 0.2847457627118644 0.19322033898305085 0.23728813559322026 0.3254237288135593 0.288135593220339 0.34237288135593225 0.23728813559322035 0.3796610169491525 0.3830508474576272 0.3084745762711864 0.25423728813559326 0.27118644067796616 0.18983050847457628 0.30169491525423725 0.39322033898305087 0.3186440677966102 0.3898305084745763 0.34237288135593225 0.22711864406779664 0.30847457627118646 0.2610169491525424 0.38983050847457634 0.3728813559322034 0.36949152542372876 0.16610169491525423 0.3694915254237289 0.3728813559322034 0.22033898305084745 0.30508474576271183 0.2169491525423729 0.28135593220338984 0.3152542372881356 0.2711864406779661 0.2033898305084746 0.3254237288135593 0.28813559322033894 0.17627118644067796 0.20677966101694922 0.34237288135593213 0.39322033898305087 0.3084745762711864 0.23050847457627116 0.376271186440678 0.3355932203389831 0.2508474576271187 0.3694915254237288 0.3389830508474576 0.36610169491525424 0.19322033898305085 0.22033898305084743 0.25762711864406784 0.31525423728813556 0.38644067796610165 0.2542372881355932 0.37966101694915255 0.28135593220338984 0.36610169491525424 0.39322033898305087 0.19999999999999996 0.38983050847457634 0.37966101694915255 0.3491525423728814 0.34237288135593225 0.3728813559322034 0.2745762711864407 0.3898305084745763 0.27118644067796616 0.2677966101694915 0.14237288135593223 0.36610169491525424 0.14915254237288136 0.27118644067796616 0.3694915254237288 0.3898305084745763 0.376271186440678 0.3016949152542373 0.3728813559322034 0.3898305084745763 0.3491525423728814
0.010698452666608621 0.015320931008103184 0.007837617268329454 0.007916989046660263 0.007584476302955257 0.012732417470171615 0.0080006762187128 0.006649241243162262 0.009280358022250405 0.006864859715562648 0.007050157922087354 0.010469639347137346 0.007546968772733668 0.009287825455141199 0.011350318342585876 0.008862864809133073 0.009262592154561142 0.007698583519323149 0.009361655380675234 0.007493976520224816 0.011012859961279937 0.007840625062845486 0.01494820270780554 0.01053137163048566 0.009367537861213322 0.01234426875438078 0.008418411879338858 0.006782831125069672 0.009182409522839198 0.011298530560308164 0.009346246290999047 0.01240693929993002 0.009672934158240954 0.008217445496031208 0.009794252329834056 0.011515220104701518 0.011087413460155965 0.01295549058781631 0.00715731778041389 0.007289463200583424 0.009139306904483047 0.01225894734104238 0.011843426855386864 0.007400641925274796 0.010657648931060972 0.014440773060586205 0.008625091697537642 0.013867105790079947 0.011109280546808391 0.00871280862712454 0.010506138958539935 0.010645358497562396 0.00690332228393535 0.008618391099138858 0.010670603399681573 0.007741704271814254 0.009125544641554625 0.011053570028514124 0.01571468121668708 0.006875203574797667 0.009043521939459816 0.012383672687154677 0.019227301111768614 0.01313233131898905 0.007995455955631385 0.010889734124476648 0.011524643148171674 0.013095874989994209 0.00784199088769819 0.010923368321330909 0.00674543821039202 0.01001656728712301 0.010208100083668762 0.012861542720949862 0.009235386178337131 0.01144893328211967 0.01081044770891759 0.009649191988649917 0.008387754795882763 0.012532877100702841 0.012693819073078472 0.011401974979311835 0.010822193842519924 0.008502292401435447 0.012924477377527914 0.010024202538803867 0.00947376587781138 0.008619882057850437 0.01222271097835819 0.01249188019290558 0.011465717348764469 0.007479043283141809 0.007956294582475664 0.008131050430300888 0.007398077228852688 0.008920075437449873 0.0070105605935413895 0.010486348903045306 0.008127955331383772 0.007543621088019426
-----
100
137107
0.1
-1.1735121224726863 -2.6569590207974842 -2.2551820763891195 -0.762619780320821 4.6201396318379455
-1.161609140373391 -2.8027095539710567 -2.5591826488038514 -0.8614001274874121 3.413940594544116
-1.8798741541232287 -2.5608230275973294 -2.557869828514618 0.025382440745779493 3.4983597938166926
-1.8490206959703062 -2.573965481544884 -2.6885569199645616 -0.11732826966475474 4.579258923002361
0.17401858896444988 -2.9354464059801497 -2.787482811184227 -1.8130532757115316 2.2796790212476545
0.012484800262194229 -2.7368326189431014 -2.6187247525144266 -1.885676643230841 3.6057924005231845
0.9900705312359721 -2.778332979954756 -2.540444760987339 -2.858915627676163 3.1879018528805485
-0.19241945825079865 -2.954071176513857 -2.640061504621416 -1.4229966316788878 2.2960963540457042
0.06477136250154092 -2.603574810057552 -2.284783940347352 -1.5936801652034491 3.7724122279705483
-1.55260356626458 -2.935993146213254 -2.6950377209285574 -0.6159290789656314 3.156514830713532
1.1333361071493422 -2.58117481659196 -2.694056159467224 -2.9362818022993586 3.6115628310587744
0.04971553315207311 -2.803748313119094 -2.7039290435368266 -1.8291852159449402 3.0070944438811047
-1.7308497933195115 -2.562727173726699 -2.5885963706347663 -0.2943389856146107 4.399256384880337
-2.052935916348052 -2.940102660762803 -2.4855862102298927 0.4802044361963923 2.7224955384699685
-0.8181514195675035 -2.4461851970307116 -2.470265185300545 -0.8495330170261679 4.472285414151683
-1.3228788221984584 -2.702979362335022 -2.473313096354872 -0.24557527099297027 3.058284453495326
-0.13402477914745536 -2.9041127588435227 -2.640380625220439 -1.7758612207929716 2.895125345792086
0.5801466858959168 -2.7319601419315216 -2.5631058231828727 -2.5436753238775744 4.502966766409835
-1.5364412434117904 -2.9059628436784393 -2.586639801214837 -0.26494436351179784 3.2239871394536808
-1.478005795910129 -2.90789102951052 -2.944216459720176 -0.0843705100924213 1.1971075023751276
-1.966562233872555 -2.7235013048744485 -2.464949712462417 0.4663518511972431 3.503280002023707
-1.84421762498952 -2.8407035545161015 -2.4558593968645166 -0.07788233994370308 3.8371296438062683
0.5658561511404352 -2.9761477330170503 -2.58154243654038 -2.629543004110931 2.6790602441662807
-2.1854660007827915 -2.6905479370642715 -2.5791682953676283 0.34990588615906276 2.919733693537279
0.26014280640733856 -2.738132548999608 -2.521272893855992 -2.1221224784227943 2.8980674235454145
-1.8787501707145142 -2.6603342558334715 -2.951312695460602 -0.14161587754057414 3.128757091567161
-1.8685864459363317 -2.9227153577116116 -2.481417221876097 0.161258987770581 2.5223369409115106
0.7620817775176032 -2.504742772712934 -2.390588505896795 -2.449862617714554 4.254368610689713
-0.45106499581280857 -2.422875951395245 -2.3360996041179667 -1.1601507066372743 4.931388108428615
-1.416366368945969 -2.8711169155628697 -2.3550504705044624 -0.6966751599117165 3.4387571107963457
0.7982575954206796 -2.670819614078995 -2.2760234339467336 -2.615810709341738 4.819318347960202
-0.06978383770602092 -2.78688196147894 -2.53209002727085 -2.0254929384347524 4.706987441375721
0.38971201131853295 -2.5704003794596595 -2.487313892903976 -1.9926910469604624 3.944904196762092
-0.4439141772237887 -2.6927495222420004 -2.4371418630248516 -1.2387301532313888 4.989960315745949
0.1307703613474085 -2.608789791286474 -2.612276614120267 -1.9819925854930553 3.729658872400313
0.32202143031649855 -2.7335747028768314 -2.2901803247634844 -2.0808259890657785 4.400058171967989
1.158157056611905 -2.833731641216627 -2.5227280559025944 -2.662692207842765 2.8994437142545904
-1.0476795431340697 -2.6094174780060033 -2.4114927597585165 -0.6428827595945783 4.302070365446715
-0.06359940036750311 -2.518567638252947 -2.4002863019197704 -1.6230050761458135 4.619570894711218
-0.6428195385002697 -2.729763634119977 -2.4675472174147375 -0.9719881139716299 3.181725327078146
0.6786516798834316 -2.656718330759639 -2.4982966731890577 -2.4061376077098022 4.990732630653738
0.48881057519836046 -2.6792636419318856 -2.4468540335576727 -1.9661474091152429 4.05554355289031
0.9633504191601401 -2.5933939020949444 -2.6056905848422716 -2.763003539530705 3.997243683151509
-0.8198170282819675 -2.6935597178306607 -2.2863615380271467 -0.9187479544825434 4.214548595464755
-1.7314413067806562 -2.688679765596618 -2.3957058016713404 0.19079388403469033 3.933900698709831
-0.42342129877815815 -2.5627340125600244 -2.852257642141646 -1.6146831980251 3.6506237332634566
-1.2456140675476413 -2.4832007749725067 -2.4792866869907346 -0.669153097935554 4.916367864865349
0.8364044527638164 -2.5792234457124916 -2.371731479308786 -2.739014242508653 4.74298187441852
-1.8786902794668645 -2.5967723686864006 -2.3447563369546076 0.27065997962570143 4.579648218211394
-0.37326179712539376 -2.9263132608169853 -2.621814518856602 -1.3041151015235974 2.267445681574351
-1.4142345938124425 -2.7188279352581235 -2.48516126168524 -0.5519333029728641 3.6444626035443664
-1.6913407213544294 -2.8704527595577023 -2.277622225062556 -0.16354778652854499 4.157877516403242
0.31500855808939043 -2.7550899197025123 -2.5596317304927507 -2.0503059253386495 3.447894582706801
0.046966982149999836 -2.6715817340180257 -2.449989720279582 -1.7909873143761956 4.2371675460834135
-1.296250895384011 -2.4551123828023487 -2.2876691361215915 -0.1545277868620779 4.897591906305244
-0.719040991666017 -2.534486811075271 -2.5966299519723566 -0.9627310533767983 4.015099744705814
-0.9468378421060434 -2.5869422925647836 -2.582539696040338 -0.7925368263987485 3.8367781417654814
0.16254665628426845 -2.564108284294608 -2.423466582857393 -1.907425231508864 4.6390404483438505
0.29604155246413666 -2.868935035587126 -2.7125971566971874 -2.407595749212556 3.0286278286292614
0.31744926377376004 -2.6680747825540614 -2.5743014131394086 -2.0103061325316647 3.14457193719091
-0.04626704450957142 -2.896627498254764 -2.79296151832754 -1.521351554566053 1.636822239985952
0.46165007559695526 -2.812501690085944 -2.6431090313794376 -2.1687838937869928 2.5808348245422903
0.5381440775680124 -2.6437659947445935 -2.2974777264098027 -2.712826200451513 4.941865313802341
-0.8895149472474166 -2.937503563028616 -2.7876237285419685 -0.8130357608731948 1.6785512488691998
0.21548503493488003 -2.7168519063565784 -2.4012724060542987 -1.8234432546417372 3.2036673723200035
1.3023308149115838 -2.5578899349805786 -2.276174482525783 -2.931087698706956 4.987899349767111
-1.7003885116193695 -2.6597403417314927 -2.3028343966507583 -0.14323902331764335 4.232609122127408
-1.528576113614073 -2.478235265803315 -2.3702036575237178 0.06420258744203339 3.926178681530137
-0.3941470991157374 -2.7409064771824663 -2.296020536248608 -1.441726521996699 4.692036844709848
-1.5250021505729578 -2.4285506479117753 -2.712193262377155 -0.19601089267259048 4.161452038929542
-1.6968270537986518 -2.8498063757991683 -2.5770900159293264 0.1800477188779789 2.5014856109865864
0.6259331392943228 -2.815690784791562 -2.6293192603492974 -2.304001270076954 2.8822887157487425
-0.49189660548574476 -2.9587391966885477 -2.610206900051647 -1.273460649788093 2.373361221095012
-1.1159996387138738 -2.8519144459164067 -2.4165429133463308 -0.6355960989460201 3.0872835832918275
-1.7763637591417158 -2.753334962994747 -2.3113969676523745 -0.03974980735392453 4.129048664134055
0.0326337531182328 -2.722263082592099 -2.299740383973644 -2.1337707217732413 4.636767734530535
-1.448643036468554 -2.5129134982577495 -2.2732800344036552 -0.19921249921399892 4.976415040811149
-0.702012748222085 -2.412766712651989 -2.456566330536073 -0.8326896368517662 4.609927586752589
0.712099659669887 -2.6181746311706107 -2.5038645831082484 -2.236022019505651 3.109943793610439
-0.6413074926678095 -2.6816189848378578 -2.3567509337456523 -1.0282492646471664 3.753414179898628
-1.6310639087201295 -2.911782289208391 -2.5236073979422224 0.0913635596488406 2.635867716297426
-1.966516195391311 -2.6320358617527244 -2.435358844959911 -0.16962426588706694 4.255165058002974
0.47340110928820356 -2.7865674774837585 -2.429996615429225 -2.2863169247379287 3.90163593915974
0.17616160668756986 -2.5967039689362523 -2.2639878608547965 -1.8162044732033849 4.459188228409036
-0.478067862529314 -2.9659528031717346 -2.4534835520872242 -1.6009804948446718 2.8521995062031884
-1.862544280286669 -2.685875279422713 -2.6136197082736943 0.014259783030605877 3.9832752851835207
-0.48266463452139563 -2.873924399759919 -2.720612489539729 -1.2811491665683525 2.5504553593351673
-1.4010141717816345 -2.5293719982029765 -2.631907527929304 -0.33040794260149997 3.9872684011820483
0.9181549262572857 -2.6576617734572374 -2.365061840657606 -2.781475108543436 4.555336337303871
-0.7385574915318941 -2.7437736820167995 -2.589122989689847 -0.9692057190732251 3.2956693276227025
-0.9375174102141093 -2.6873340981766285 -2.884367069589286 -1.5087536014703178 3.667853067832976
0.6057507055646449 -2.7179653381740465 -2.337848696128395 -2.511681441237524 4.584216840468859
-1.5352569811181294 -2.8379627171181623 -2.4765852136182107 -0.07475547838745805 2.881439863668513
-0.7091073081991283 -2.6170299878929004 -2.810287789845232 -1.3964018208495945 4.529928822328381
-0.7208451631397721 -2.8383406798984576 -2.6956977831066116 -0.967823661805709 2.3646490118595733
-1.0680181117250958 -2.824429498894613 -2.138581291120744 -0.5191225333146918 4.784406045686209
-1.0450634786235193 -2.997399280256883 -2.5569931861431843 -0.6077477184813387 2.533497644702617
1.0850347739673951 -2.4555959721337413 -2.278329209672982 -2.748959227713427 4.6589591189227395
-1.1812625987172374 -2.9641297637839914 -2.403704660156876 -0.26746326761442407 3.3664430706177644
0.04462408779413307 -2.754692526172511 -2.712008514339117 -1.8320969447451414 2.8441988239128313
0.09152542372881356 0.09491525423728808 0.09491525423728814 0.09491525423728814 0.09830508474576272 0.09830508474576272 0.09830508474576272 0.09152542372881356 0.08813559322033904 0.0949152542372882 0.09830508474576272 0.09491525423728814 0.09491525423728814 0.09830508474576272 0.09491525423728814 0.09491525423728814 0.08813559322033898 0.0949152542372882 0.09830508474576272 0.09830508474576272 0.08813559322033898 0.09830508474576272 0.08813559322033904 0.08813559322033898 0.08813559322033904 0.09830508474576272 0.09152542372881356 0.07457627118644068 0.09491525423728814 0.09491525423728808 0.07796610169491526 0.09830508474576272 0.09830508474576272 0.09491525423728808 0.09830508474576272 0.0949152542372882 0.09491525423728814 0.09491525423728814 0.09491525423728814 0.09152542372881356 0.09830508474576272 0.09830508474576272 0.09491525423728814 0.07796610169491526 0.09830508474576272 0.0949152542372882 0.09152542372881356 0.09491525423728808 0.08813559322033898 0.0847457627118644 0.09152542372881356 0.08813559322033904 0.09830508474576272 0.09491525423728814 0.09830508474576272 0.08813559322033898 0.09830508474576272 0.09830508474576272 0.09830508474576266 0.09830508474576272 0.09491525423728814 0.09830508474576272 0.09152542372881356 0.07796610169491526 0.08813559322033898 0.09152542372881356 0.09152542372881356 0.09491525423728814 0.09152542372881356 0.09830508474576266 0.09830508474576272 0.09152542372881356 0.0847457627118644 0.0949152542372882 0.08813559322033893 0.09830508474576272 0.09152542372881356 0.09491525423728814 0.09830508474576272 0.09152542372881356 0.09491525423728814 0.09491525423728814 0.09830508474576272 0.09830508474576272 0.09491525423728814 0.08813559322033898 0.09830508474576272 0.09491525423728814 0.09491525423728814 0.0847457627118644 0.09491525423728808 0.08474576271186442 0.08813559322033898 0.09830508474576272 0.09491525423728814 0.09152542372881356 0.08813559322033898 0.088135593220339 0.0949152542372882 0.09830508474576272
0.009790730858598457 0.00775215751862619 0.008674932392384774 0.009449217022421278 0.01102387697967629 0.008201067226083514 0.010486165902811184 0.010125171972185754 0.008487928617294069 0.008636076787984342 0.011052324370360876 0.008656797749751961 0.008568183158556446 0.012483481908961818 0.00846091414039199 0.008510484526642314 0.008928260761112633 0.011541715414794249 0.008582061204760405 0.02082948618036587 0.010019972501780059 0.008728684406173855 0.011442771709702483 0.010736610183924857 0.008740982695363208 0.010846646172383786 0.011706406433174997 0.01000988029688735 0.010420132134423775 0.008701892834139845 0.014063363851608505 0.010747160045403149 0.008416488981768404 0.01060753386646613 0.008189776070107997 0.010484210688535368 0.010471664474469091 0.008241228326985808 0.009465023443468829 0.007862295919428726 0.013613359953138086 0.008867443858955477 0.010596757278602806 0.008761802174306813 0.009197623121096668 0.008719334166302483 0.00973144441071765 0.013289232617513552 0.010731310486399364 0.009982414428830851 0.007788150556507387 0.009903410771147455 0.008423602207354903 0.008769640298015961 0.011024928827193666 0.007688131230907287 0.007532673078978277 0.009961016790680144 0.00992657027800478 0.008226073048459303 0.013153491921690188 0.0096706303468949 0.014903989149862093 0.012970788421374179 0.008357163523757967 0.017176276322474596 0.009321630662949292 0.00902681451351594 0.010322044862514514 0.008859494286540268 0.011028525173054192 0.00946307193425289 0.009841940828683343 0.008574560405740903 0.009491681706436017 0.01123951379635597 0.011384607850605431 0.008890990321029555 0.008513592685894364 0.007994258124541308 0.010598993667050558 0.008813707406330407 0.009429190520737844 0.009962349715788226 0.009420627617326139 0.008533080099426226 0.009177274012406377 0.008027887498830155 0.012802376699976952 0.007656730291144105 0.008935337166715232 0.012076295764501671 0.00943076178803832 0.009552593342796121 0.009405358308536685 0.012343493556427443 0.009815545084139721 0.01314613468430649 0.00909419624850582 0.008714320375774087
